100 6 2
546875.0
429687.5
100 6 1
507812.5
429687.5
100 6 2
546875.0
429687.5
100 6 1
507812.5
429687.5
100 6 2
585937.5
429687.5
100 6 2
546875.0
429687.5
100 6 1
546875.0
429687.5
100 6 1
546875.0
468750.0
100 6 1
585937.5
429687.5
100 6 1
585937.5
429687.5
100 6 1
585937.5
468750.0
100 6 2
585937.5
429687.5
100 6 1
585937.5
429687.5
100 6 2
585937.5
429687.5
100 6 2
585937.5
429687.5
100 6 2
585937.5
429687.5
100 6 1
546875.0
390625.0
100 6 2
585937.5
371093.75
100 6 2
507812.5
371093.75
100 6 2
585937.5
390625.0
100 6 1
546875.0
410156.25
100 6 2
585937.5
390625.0
100 6 2
585937.5
390625.0
100 6 1
546875.0
410156.25
100 6 2
585937.5
371093.75
100 6 2
546875.0
371093.75
100 6 2
585937.5
390625.0
100 6 2
585937.5
371093.75
100 6 2
546875.0
390625.0
100 6 2
585937.5
390625.0
100 6 2
546875.0
410156.25
100 6 1
585937.5
390625.0
177 6 2
1406250.0
1250000.0
177 6 1
1328125.0
1250000.0
177 6 2
1328125.0
1406250.0
177 6 2
1406250.0
1171875.0
177 6 2
1328125.0
1015625.0
177 6 2
1406250.0
1250000.0
177 6 2
1250000.0
1484375.0
177 6 2
1406250.0
1171875.0
177 6 2
1484375.0
1640625.0
177 6 2
1328125.0
4375000.0
177 6 2
1406250.0
1562500.0
177 6 2
1406250.0
1093750.0
177 6 2
1328125.0
1640625.0
177 6 2
1484375.0
3750000.0
177 6 2
1406250.0
2421875.0
177 6 2
1406250.0
1484375.0
177 6 2
1406250.0
3281250.0
177 6 2
1250000.0
1093750.0
177 6 2
1406250.0
1171875.0
177 6 2
1406250.0
2421875.0
177 6 2
1406250.0
1093750.0
177 6 2
1484375.0
1093750.0
177 6 1
1406250.0
1093750.0
177 6 2
1484375.0
1093750.0
177 6 2
1406250.0
1093750.0
177 6 2
1562500.0
937500.0
177 6 2
1562500.0
1015625.0
177 6 2
1718750.0
937500.0
177 6 2
1484375.0
1015625.0
177 6 2
1562500.0
1015625.0
177 6 2
1562500.0
1250000.0
177 6 2
2343750.0
1171875.0
316 6 2
4062500.0
3437500.0
316 6 2
3750000.0
3437500.0
316 6 2
3750000.0
3437500.0
316 6 2
4062500.0
3750000.0
316 6 2
3750000.0
4062500.0
316 6 2
3437500.0
3437500.0
316 6 2
3750000.0
3750000.0
316 6 2
3750000.0
3125000.0
316 6 2
3437500.0
3437500.0
316 6 2
3750000.0
4687500.0
316 6 2
3750000.0
3125000.0
316 6 2
3750000.0
3281250.0
316 6 2
3750000.0
3437500.0
316 6 2
3437500.0
3125000.0
316 6 2
3437500.0
3437500.0
316 6 2
4062500.0
4062500.0
316 6 2
3437500.0
3281250.0
316 6 2
3750000.0
3437500.0
316 6 2
3437500.0
4375000.0
316 6 2
3437500.0
5000000.0
316 6 2
3437500.0
3906250.0
316 6 2
4062500.0
3593750.0
316 6 2
3437500.0
3437500.0
316 6 2
3750000.0
3750000.0
316 6 2
3437500.0
4062500.0
316 6 2
4062500.0
3437500.0
316 6 2
3750000.0
2812500.0
316 6 2
4375000.0
3437500.0
316 6 2
3437500.0
3125000.0
316 6 2
3750000.0
3125000.0
316 6 2
4375000.0
4687500.0
562 6 2
1.0E7
1.5E7
316 6 2
3750000.0
4218750.0
562 6 2
1.0E7
3.0E7
562 6 2
8750000.0
1.25E7
562 6 2
8750000.0
3.25E7
562 6 2
8750000.0
2.625E7
562 6 2
8750000.0
1.375E7
562 6 2
9375000.0
9375000.0
562 6 2
9375000.0
1.1875E7
562 6 2
8750000.0
1.0E7
562 6 2
8125000.0
1.0E7
562 6 2
8750000.0
9375000.0
562 6 2
9375000.0
9375000.0
562 6 2
8750000.0
9375000.0
562 6 2
9375000.0
9375000.0
562 6 2
9375000.0
9375000.0
562 6 2
9375000.0
8125000.0
562 6 2
9375000.0
9375000.0
562 6 2
1.0625E7
8750000.0
562 6 2
1.0E7
8125000.0
562 6 2
1.0E7
8750000.0
562 6 2
1.0E7
1.0E7
562 6 2
1.75E7
8750000.0
562 6 2
1.125E7
9375000.0
562 6 2
1.0E7
8125000.0
562 6 2
8750000.0
9375000.0
562 6 2
1.625E7
1.0E7
562 6 2
1.125E7
8750000.0
562 6 2
1.3125E7
9375000.0
562 6 2
8750000.0
8125000.0
562 6 2
8125000.0
9375000.0
562 6 2
8750000.0
1.125E7
1000 6 2
2.125E7
3.0E7
1000 6 2
2.0E7
2.5E7
1000 6 3
2.125E7
5.5E7
1000 6 2
2.0E7
2.5E7
1000 6 2
2.125E7
4.0E7
1000 6 2
2.0E7
2.625E7
1000 6 2
2.125E7
2.75E7
1000 6 2
2.0E7
4.75E7
1000 6 2
2.0E7
5.5E7
1000 6 2
2.0E7
7.25E7
1000 6 2
2.0E7
2.625E7
1000 6 2
2.25E7
2.75E7
1000 6 2
2.25E7
6.0E7
1000 6 2
2.125E7
9.5E7
562 6 2
9375000.0
2.625E7
1000 6 2
2.125E7
1.0E8
1000 6 2
3.25E7
2.7E8
1000 6 2
6.0E7
1.4E8
1000 6 3
2.375E7
1.55E8
1000 6 2
2.125E7
4.75E7
1000 6 2
2.75E7
1.4E8
1000 6 2
2.25E7
3.75E7
1000 6 2
2.125E7
3.0E7
1000 6 2
2.625E7
3.0E7
1000 6 2
2.75E7
2.75E7
1000 6 2
2.125E7
2.625E7
1000 6 2
2.25E7
3.25E7
1000 6 2
2.5E7
3.0E7
1000 6 2
2.25E7
2.5E7
1778 6 2
5.5E7
7.0E7
1778 6 2
5.5E7
7.0E7
1778 6 3
5.5E7
7.0E7
1000 6 2
2.375E7
2.5E7
1000 6 2
3.0E7
2.5E7
1000 6 2
2.75E7
2.625E7
1778 6 2
6.5E7
7.0E7
1778 6 3
5.5E7
7.0E7
1000 6 2
2.75E7
2.625E7
1778 6 2
5.5E7
8.5E7
1778 6 3
5.5E7
8.5E7
1778 6 2
5.0E7
7.0E7
1778 6 2
5.0E7
7.0E7
1778 6 2
5.25E7
1.1E8
1778 6 2
5.25E7
1.1E8
1778 6 2
5.0E7
1.1E8
1778 6 2
5.0E7
7.0E7
1778 6 2
5.0E7
1.2E8
1778 6 2
5.0E7
1.7E8
1778 6 2
4.75E7
2.0E8
1778 6 3
5.0E7
2.0E8
1778 6 3
5.0E7
2.2E8
1778 6 3
4.75E7
1.2E8
1778 6 2
5.0E7
2.3E8
1778 6 2
5.0E7
2.4E8
1778 6 2
5.5E7
1.2E8
1778 6 2
4.75E7
2.5E8
1778 6 2
5.5E7
9.0E7
1778 6 2
4.75E7
1.45E8
1778 6 2
5.0E7
1.3E8
1778 6 2
5.5E7
1.2E8
1778 6 2
5.0E7
1.0E8
1778 6 2
5.0E7
2.0E8
1778 6 3
5.5E7
1.4E8
1778 6 2
5.25E7
1.1E8
3162 6 3
1.3E8
2.8E8
1778 6 2
5.25E7
7.0E7
3162 6 3
1.3E8
3.1E8
3162 6 3
1.4E8
3.1E8
3162 6 2
1.2E8
3.5E8
3162 6 2
1.4E8
4.2E8
3162 6 3
1.3E8
3.2E8
3162 6 3
1.1E8
3.0E8
3162 6 3
1.3E8
3.1E8
3162 6 3
1.3E8
2.6E8
3162 6 2
1.3E8
3.1E8
3162 6 3
2.2E8
2.5E8
3162 6 3
1.2E8
4.3E8
3162 6 3
1.3E8
3.8E8
3162 6 3
1.4E8
3.0E8
3162 6 3
1.2E8
3.0E8
3162 6 2
1.5E8
3.3E8
3162 6 3
1.5E8
2.7E8
3162 6 3
1.4E8
3.5E8
3162 6 3
1.7E8
3.3E8
3162 6 3
1.6E8
3.4E8
3162 6 3
2.7E8
2.7E8
3162 6 3
1.1E8
2.7E8
3162 6 3
1.2E8
2.7E8
3162 6 2
1.2E8
2.5E8
3162 6 3
1.3E8
3.5E8
3162 6 3
1.2E8
2.8E8
3162 6 3
1.6E8
3.6E8
3162 6 3
1.2E8
2.4E8
3162 6 3
1.4E8
3.4E8
3162 6 2
1.3E8
2.7E8
3162 6 3
1.2E8
3.2E8
3162 6 3
1.2E8
3.3E8
5623 6 3
2.8E8
8.6E8
5623 6 3
2.8E8
1.04E9
5623 6 3
2.9E8
1.0E9
5623 6 3
2.8E8
9.9E8
5623 6 3
2.9E8
9.5E8
5623 6 3
2.9E8
1.14E9
5623 6 3
2.8E8
8.7E8
5623 6 3
2.7E8
8.8E8
5623 6 3
2.9E8
8.4E8
5623 6 3
2.8E8
1.23E9
5623 6 3
2.8E8
1.12E9
5623 6 3
3.3E8
1.2E9
5623 6 3
2.8E8
9.5E8
5623 6 3
2.9E8
1.23E9
5623 6 3
3.0E8
1.3E9
5623 6 3
2.9E8
1.25E9
5623 6 3
3.2E8
1.07E9
5623 6 3
3.6E8
1.14E9
5623 6 3
3.5E8
1.05E9
5623 6 3
3.0E8
1.19E9
5623 6 3
2.9E8
1.31E9
5623 6 3
3.0E8
1.17E9
5623 6 3
3.0E8
1.29E9
5623 6 3
3.5E8
1.61E9
5623 6 3
3.1E8
1.35E9
5623 6 3
3.1E8
1.37E9
5623 6 3
3.1E8
1.57E9
5623 6 3
3.7E8
1.47E9
5623 6 3
2.9E8
1.71E9
5623 6 3
4.2E8
1.41E9
5623 6 3
4.5E8
1.2E9
5623 6 3
4.4E8
1.59E9
10000 6 3
7.5E8
2.77E9
10000 6 3
6.6E8
3.25E9
10000 6 3
6.3E8
3.12E9
10000 6 3
6.9E8
2.98E9
10000 6 3
6.7E8
3.3E9
10000 6 3
6.4E8
3.23E9
10000 6 3
7.4E8
2.93E9
10000 6 3
7.0E8
3.59E9
10000 6 3
7.0E8
3.67E9
10000 6 3
7.2E8
3.44E9
10000 6 3
6.4E8
3.0E9
10000 6 3
6.2E8
3.45E9
10000 6 3
6.2E8
3.58E9
10000 6 3
6.6E8
3.71E9
10000 6 3
7.1E8
3.97E9
10000 6 3
6.8E8
3.62E9
10000 6 3
8.1E8
3.26E9
10000 6 3
7.2E8
3.55E9
10000 6 3
6.6E8
3.95E9
10000 6 3
6.9E8
3.28E9
10000 6 4
7.2E8
4.14E9
10000 6 3
6.4E8
4.34E9
10000 6 3
6.6E8
4.31E9
10000 6 3
7.7E8
3.95E9
10000 6 3
6.7E8
4.33E9
10000 6 3
6.3E8
4.41E9
10000 6 3
8.3E8
3.71E9
10000 6 3
8.1E8
3.85E9
10000 6 3
7.7E8
3.95E9
10000 6 3
7.6E8
3.93E9
10000 6 3
8.5E8
4.76E9
10000 6 3
1.02E9
3.93E9
17782 6 3
1.65E9
9.68E9
17782 6 4
1.56E9
1.083E10
17782 6 3
1.44E9
1.047E10
17782 6 4
1.52E9
1.032E10
17782 6 4
1.4E9
1.045E10
17782 6 3
1.6E9
1.043E10
17782 6 3
1.39E9
1.144E10
17782 6 4
1.42E9
1.135E10
17782 6 3
1.52E9
1.162E10
17782 6 3
1.54E9
1.249E10
17782 6 3
1.56E9
1.096E10
17782 6 3
1.35E9
1.24E10
17782 6 3
1.38E9
1.202E10
17782 6 3
1.57E9
1.175E10
17782 6 4
1.47E9
1.228E10
17782 6 3
1.55E9
1.245E10
17782 6 3
1.44E9
1.205E10
17782 6 3
1.47E9
1.216E10
17782 6 3
1.47E9
1.27E10
17782 6 3
1.51E9
1.276E10
17782 6 3
1.53E9
1.273E10
17782 6 3
1.51E9
1.307E10
17782 6 3
1.39E9
1.3E10
17782 6 3
1.69E9
1.284E10
17782 6 3
1.57E9
1.263E10
17782 6 3
1.66E9
1.3E10
17782 6 3
1.87E9
1.266E10
17782 6 4
1.66E9
1.336E10
17782 6 4
1.89E9
1.28E10
17782 6 4
1.42E9
1.326E10
17782 6 3
1.72E9
1.36E10
17782 6 3
2.17E9
1.291E10
31622 6 4
3.31E9
3.417E10
31622 6 4
3.1E9
3.593E10
31622 6 4
3.17E9
3.812E10
31622 6 4
3.64E9
3.558E10
31622 6 4
3.35E9
3.628E10
31622 6 4
3.17E9
3.736E10
31622 6 4
3.52E9
3.739E10
31622 6 4
3.24E9
4.09E10
31622 6 4
3.45E9
3.765E10
31622 6 4
3.32E9
4.078E10
31622 6 4
3.5E9
3.765E10
31622 6 4
3.28E9
3.886E10
31622 6 4
3.41E9
3.815E10
31622 6 4
3.21E9
3.986E10
31622 6 4
3.27E9
4.316E10
31622 6 4
3.18E9
4.033E10
31622 6 4
3.3E9
4.226E10
31622 6 4
3.16E9
4.354E10
31622 6 4
3.43E9
4.334E10
31622 6 4
3.15E9
4.201E10
31622 6 4
3.43E9
4.128E10
31622 6 3
3.39E9
4.197E10
31622 6 4
3.14E9
4.2E10
31622 6 3
3.6E9
4.122E10
31622 6 4
3.34E9
4.243E10
31622 6 4
3.28E9
4.405E10
31622 6 3
3.83E9
4.158E10
31622 6 4
3.84E9
4.258E10
31622 6 4
3.42E9
4.529E10
31622 6 4
3.71E9
4.307E10
31622 6 4
3.22E9
4.679E10
31622 6 4
4.51E9
4.458E10
56234 6 4
7.06E9
1.1883E11
56234 6 4
7.22E9
1.1726E11
56234 6 4
7.48E9
1.2008E11
56234 6 5
7.38E9
1.2381E11
56234 6 4
8.27E9
1.2137E11
56234 6 4
7.4E9
1.2802E11
56234 6 4
7.51E9
1.2849E11
56234 6 4
7.23E9
1.3397E11
56234 6 4
7.13E9
1.343E11
56234 6 4
7.69E9
1.3979E11
56234 6 4
7.4E9
1.3689E11
56234 6 4
7.33E9
1.3632E11
56234 6 4
7.33E9
1.3763E11
56234 6 4
7.48E9
1.4315E11
56234 6 4
7.55E9
1.4027E11
56234 6 4
7.45E9
1.4336E11
56234 6 4
8.13E9
1.4805E11
56234 6 4
7.66E9
1.4594E11
56234 6 4
7.24E9
1.5032E11
56234 6 4
7.55E9
1.5064E11
56234 6 4
7.78E9
1.5137E11
56234 6 4
7.25E9
1.5357E11
56234 6 4
8.46E9
1.5456E11
56234 6 4
7.63E9
1.5911E11
56234 6 5
7.23E9
1.631E11
56234 6 4
7.74E9
1.6614E11
56234 6 4
7.32E9
1.6588E11
56234 6 4
7.7E9
1.7411E11
56234 6 4
7.44E9
1.7661E11
56234 6 4
8.36E9
1.8191E11
56234 6 4
7.28E9
1.8205E11
56234 6 4
7.84E9
1.8908E11
100000 6 5
1.722E10
4.096E11
100000 6 4
1.705E10
4.3259E11
100000 6 4
1.664E10
4.1455E11
100000 6 4
1.722E10
4.1762E11
100000 6 4
1.655E10
4.4223E11
100000 6 4
1.725E10
4.3396E11
100000 6 5
1.79E10
4.5095E11
100000 6 5
1.741E10
4.3757E11
100000 6 4
1.753E10
4.4044E11
100000 6 4
1.742E10
4.4156E11
100000 6 4
2.003E10
4.5357E11
100000 6 4
1.796E10
4.8669E11
100000 6 4
1.768E10
4.7736E11
100000 6 4
1.564E10
4.739E11
100000 6 4
1.704E10
4.5032E11
100000 6 4
1.648E10
4.7626E11
100000 6 4
1.785E10
4.8318E11
100000 6 5
1.73E10
4.3622E11
100000 6 4
1.673E10
4.6668E11
100000 6 4
1.662E10
4.485E11
100000 6 5
1.606E10
4.8541E11
100000 6 4
1.721E10
4.7142E11
100000 6 4
1.645E10
4.9165E11
100000 6 4
1.664E10
4.7945E11
100000 6 4
1.664E10
4.9647E11
100000 6 5
1.704E10
4.9817E11
100000 6 4
1.704E10
4.5612E11
100000 6 4
1.726E10
5.1178E11
100000 6 5
1.739E10
4.7117E11
100000 6 5
1.745E10
4.8133E11
100000 6 4
1.629E10
4.9205E11
100000 6 4
1.657E10
4.7759E11
