100 3 1
273437.5
507812.5
100 3 1
234375.0
429687.5
100 3 1
292968.75
429687.5
100 3 1
214843.75
429687.5
100 3 1
214843.75
429687.5
100 3 1
234375.0
507812.5
100 3 1
273437.5
468750.0
100 3 1
253906.25
507812.5
100 3 1
292968.75
468750.0
100 3 1
253906.25
390625.0
100 3 1
312500.0
468750.0
100 3 1
253906.25
410156.25
177 3 1
8750000.0
9.5E7
177 3 1
1.125E7
9.5E7
177 3 1
1.1875E7
6.0E7
177 3 1
1.0625E7
6.5E7
177 3 1
1.0625E7
8.5E7
100 3 1
214843.75
1132812.5
100 3 1
234375.0
1074218.75
100 3 1
332031.25
1835937.5
100 3 1
234375.0
1152343.75
100 3 1
761718.75
6562500.0
100 3 1
312500.0
1953125.0
100 3 1
292968.75
3281250.0
100 3 1
253906.25
1171875.0
100 3 1
273437.5
1152343.75
100 3 1
253906.25
1132812.5
100 3 1
332031.25
1171875.0
100 3 1
292968.75
1054687.5
100 3 1
273437.5
1171875.0
100 3 1
273437.5
1171875.0
100 3 1
273437.5
1210937.5
100 3 1
253906.25
1171875.0
177 3 1
8125000.0
1718750.0
100 3 1
253906.25
1250000.0
177 3 1
1.125E7
1718750.0
177 3 1
8750000.0
1718750.0
177 3 1
1.1875E7
2343750.0
100 3 1
1503906.25
742187.5
177 3 1
1.125E7
1406250.0
177 3 1
859375.0
1718750.0
177 3 1
859375.0
1718750.0
177 3 1
1406250.0
1250000.0
100 3 1
791015.625
488281.25
100 3 1
781250.0
429687.5
177 3 1
1093750.0
2343750.0
177 3 1
507812.5
2812500.0
177 3 1
625000.0
3750000.0
177 3 1
507812.5
2031250.0
177 3 1
468750.0
1250000.0
177 3 1
546875.0
2031250.0
177 3 1
1054687.5
1406250.0
177 3 1
546875.0
2656250.0
177 3 1
664062.5
2812500.0
177 3 1
546875.0
1328125.0
177 3 1
585937.5
1406250.0
177 3 1
703125.0
1562500.0
177 3 1
468750.0
1640625.0
316 3 1
1250000.0
5312500.0
177 3 1
429687.5
1406250.0
177 3 1
468750.0
1406250.0
316 3 1
1015625.0
4062500.0
316 3 1
1171875.0
5000000.0
316 3 1
937500.0
4687500.0
316 3 1
937500.0
4687500.0
177 3 1
585937.5
1484375.0
177 3 1
625000.0
1640625.0
316 3 1
1250000.0
5625000.0
316 3 1
1406250.0
5625000.0
316 3 1
1171875.0
6562500.0
177 3 1
937500.0
1640625.0
177 3 1
703125.0
1796875.0
316 3 1
937500.0
4687500.0
316 3 1
937500.0
4375000.0
316 3 1
937500.0
4375000.0
316 3 1
1093750.0
5312500.0
316 3 1
859375.0
5625000.0
316 3 1
859375.0
4375000.0
316 3 1
937500.0
5000000.0
316 3 1
1171875.0
4062500.0
316 3 1
1093750.0
3750000.0
316 3 1
1015625.0
3750000.0
316 3 1
1015625.0
4062500.0
316 3 1
1562500.0
4375000.0
316 3 1
1015625.0
4375000.0
316 3 1
1093750.0
4687500.0
562 3 1
1718750.0
1.875E7
562 3 1
2187500.0
1.375E7
316 3 1
937500.0
4687500.0
316 3 1
859375.0
5312500.0
316 3 1
1093750.0
5937500.0
316 3 1
1328125.0
4375000.0
316 3 1
1093750.0
5937500.0
316 3 1
1328125.0
6250000.0
562 3 1
2031250.0
1.625E7
316 3 1
1250000.0
6562500.0
316 3 1
1015625.0
5937500.0
316 3 1
1093750.0
4375000.0
562 3 1
2187500.0
1.875E7
562 3 1
1875000.0
1.5E7
316 3 1
937500.0
4687500.0
562 3 1
2187500.0
1.875E7
562 3 1
3281250.0
5.5E7
562 3 1
2656250.0
4.0E7
562 3 1
1875000.0
2.0E7
562 3 1
2968750.0
2.75E7
562 3 1
3437500.0
6.5E7
562 3 1
2187500.0
1.5E7
562 3 1
2187500.0
1.5E7
562 3 1
2031250.0
1.375E7
562 3 1
2343750.0
1.5E7
562 3 1
2812500.0
1.375E7
562 3 1
2500000.0
1.625E7
562 3 1
3125000.0
1.5E7
562 3 1
8125000.0
1.375E7
562 3 1
2031250.0
1.5E7
562 3 1
2343750.0
1.625E7
562 3 1
2187500.0
1.625E7
562 3 1
2343750.0
1.5E7
562 3 1
2187500.0
1.5E7
562 3 1
5312500.0
1.5E7
562 3 1
5625000.0
1.5E7
562 3 1
2656250.0
1.5E7
1000 3 1
3750000.0
6.5E7
1000 3 1
4062500.0
4.5E7
1000 3 1
7500000.0
6.0E7
562 3 1
2500000.0
1.75E7
1000 3 1
3750000.0
7.0E7
562 3 1
6875000.0
1.5E7
1000 3 1
4062500.0
7.5E7
1000 3 1
4062500.0
7.5E7
562 3 1
2031250.0
4.0E7
1000 3 1
4375000.0
7.0E7
562 3 1
2812500.0
2.125E7
562 3 1
2500000.0
1.625E7
1000 3 1
3750000.0
5.5E7
1000 3 1
4062500.0
1.05E8
1000 3 1
3750000.0
4.25E7
1000 3 1
3750000.0
4.75E7
1000 3 1
8125000.0
5.5E7
1000 3 1
1.5E7
8.0E7
1000 3 1
4375000.0
5.5E7
1000 3 1
4062500.0
5.5E7
1000 3 1
6875000.0
6.0E7
1000 3 1
6875000.0
4.5E7
1000 3 1
7500000.0
7.0E7
1000 3 1
1.125E7
7.5E7
1000 3 1
4062500.0
5.0E7
1000 3 1
4375000.0
6.0E7
1000 3 1
7500000.0
5.5E7
1000 3 1
5312500.0
5.5E7
1000 3 1
8125000.0
7.0E7
1778 3 1
1.375E7
1.4E8
1778 3 1
1.0625E7
1.3E8
1778 3 1
9375000.0
1.6E8
1000 3 1
4375000.0
4.75E7
1778 3 1
8125000.0
1.5E8
1000 3 1
5312500.0
6.5E7
1778 3 1
1.0E7
1.3E8
1000 3 1
4062500.0
4.5E7
1778 3 1
8125000.0
1.4E8
1778 3 1
1.5E7
1.7E8
1778 3 1
8750000.0
1.3E8
1000 3 1
4062500.0
5.0E7
1778 3 1
7500000.0
1.6E8
1778 3 1
8125000.0
1.3E8
1000 3 1
4375000.0
5.75E7
1778 3 1
1.625E7
1.3E8
1000 3 1
5312500.0
4.5E7
1000 3 1
5312500.0
4.5E7
1000 3 1
4062500.0
4.75E7
1778 3 1
1.375E7
1.5E8
1778 3 1
1.5E7
1.3E8
1778 3 1
8750000.0
1.3E8
1778 3 1
1.625E7
1.9E8
1778 3 1
1.5E7
1.9E8
1778 3 1
8125000.0
1.3E8
1778 3 1
1.625E7
1.8E8
1778 3 1
8125000.0
1.6E8
1778 3 1
8750000.0
1.6E8
1778 3 1
7500000.0
1.6E8
1778 3 1
7500000.0
2.0E8
1778 3 1
8125000.0
1.4E8
1778 3 1
8125000.0
1.4E8
1778 3 1
8125000.0
1.4E8
1778 3 1
1.1875E7
1.5E8
1778 3 1
1.0625E7
1.6E8
1778 3 1
9375000.0
1.4E8
1778 3 1
9375000.0
1.9E8
1778 3 1
8750000.0
1.6E8
1778 3 1
1.125E7
1.6E8
1778 3 1
1.25E7
1.5E8
3162 3 1
1.875E7
4.7E8
3162 3 1
3.5E7
5.3E8
3162 3 1
1.875E7
4.8E8
3162 3 1
1.75E7
4.9E8
3162 3 1
1.875E7
4.9E8
3162 3 1
2.5E7
5.2E8
3162 3 1
1.75E7
4.8E8
3162 3 1
2.0E7
5.3E8
3162 3 1
1.75E7
5.0E8
3162 3 1
1.625E7
5.7E8
3162 3 1
3.25E7
7.7E8
3162 3 1
2.25E7
6.0E8
3162 3 1
3.0E7
6.1E8
3162 3 1
3.0E7
7.4E8
3162 3 1
2.0E7
7.0E8
3162 3 1
1.625E7
5.2E8
3162 3 1
1.875E7
5.1E8
3162 3 1
3.25E7
6.9E8
3162 3 1
2.0E7
5.5E8
3162 3 1
1.75E7
5.2E8
3162 3 1
2.75E7
5.6E8
3162 3 1
1.75E7
5.0E8
3162 3 1
2.0E7
5.2E8
3162 3 1
2.0E7
4.9E8
3162 3 1
1.75E7
5.1E8
3162 3 1
2.0E7
6.9E8
3162 3 1
3.25E7
5.9E8
3162 3 1
2.375E7
6.4E8
3162 3 1
1.5E7
5.8E8
3162 3 1
3.5E7
8.3E8
3162 3 1
2.625E7
7.0E8
3162 3 1
1.625E7
6.8E8
5623 3 1
3.25E7
1.64E9
5623 3 1
3.5E7
1.7E9
5623 3 1
5.5E7
1.76E9
5623 3 1
3.5E7
1.68E9
5623 3 1
3.25E7
1.65E9
5623 3 1
3.25E7
1.61E9
5623 3 1
3.75E7
1.81E9
5623 3 1
3.0E7
1.64E9
5623 3 1
4.25E7
1.59E9
5623 3 1
3.25E7
1.8E9
5623 3 1
3.75E7
1.84E9
5623 3 1
3.25E7
1.9E9
5623 3 1
5.0E7
1.76E9
5623 3 1
3.75E7
1.57E9
5623 3 1
3.0E7
1.94E9
5623 3 1
9.0E7
2.33E9
5623 3 1
3.75E7
1.69E9
5623 3 1
5.5E7
2.04E9
5623 3 1
4.0E7
1.75E9
5623 3 1
7.75E7
1.95E9
5623 3 1
5.5E7
1.75E9
5623 3 1
3.75E7
1.78E9
5623 3 1
3.75E7
2.06E9
5623 3 1
6.5E7
2.36E9
5623 3 1
8.5E7
2.01E9
5623 3 1
5.75E7
1.7E9
5623 3 1
7.5E7
2.36E9
5623 3 1
8.5E7
1.93E9
5623 3 1
6.0E7
2.0E9
5623 3 1
6.0E7
1.82E9
5623 3 1
3.5E7
2.3E9
5623 3 1
6.0E7
1.95E9
10000 3 1
7.5E7
5.08E9
10000 3 1
7.0E7
5.31E9
10000 3 1
8.5E7
5.28E9
10000 3 1
8.0E7
5.32E9
10000 3 1
6.5E7
5.44E9
10000 3 1
9.5E7
5.47E9
10000 3 1
7.5E7
5.77E9
10000 3 1
7.0E7
6.11E9
10000 3 1
6.0E7
5.86E9
10000 3 1
8.0E7
6.27E9
10000 3 1
7.0E7
5.52E9
10000 3 1
1.1E8
6.32E9
10000 3 1
8.5E7
6.56E9
10000 3 1
8.0E7
6.66E9
10000 3 1
1.1E8
6.63E9
10000 3 1
8.5E7
6.36E9
10000 3 1
8.0E7
6.62E9
10000 3 1
8.5E7
6.1E9
10000 3 1
1.05E8
6.84E9
10000 3 1
1.8E8
6.77E9
10000 3 1
1.15E8
6.19E9
10000 3 1
9.0E7
6.87E9
10000 3 1
7.5E7
6.69E9
10000 3 1
1.15E8
6.92E9
10000 3 1
1.2E8
7.66E9
10000 3 1
1.2E8
7.39E9
10000 3 1
9.5E7
6.79E9
10000 3 1
1.2E8
7.21E9
10000 3 1
1.1E8
7.33E9
10000 3 1
1.2E8
7.05E9
10000 3 1
1.15E8
7.29E9
10000 3 1
1.0E8
7.13E9
17782 3 1
1.6E8
1.383E10
17782 3 1
1.7E8
1.928E10
17782 3 1
2.1E8
1.93E10
17782 3 1
1.6E8
2.16E10
17782 3 1
2.5E8
1.995E10
17782 3 1
2.0E8
2.026E10
17782 3 1
2.1E8
2.139E10
17782 3 1
1.6E8
2.173E10
17782 3 1
2.0E8
2.008E10
17782 3 1
2.4E8
2.052E10
17782 3 1
2.0E8
2.084E10
17782 3 1
2.1E8
2.004E10
17782 3 1
1.5E8
2.042E10
17782 3 1
1.4E8
2.272E10
17782 3 1
2.2E8
2.073E10
17782 3 1
1.4E8
2.265E10
17782 3 1
2.1E8
2.174E10
17782 3 1
2.4E8
2.134E10
17782 3 1
1.6E8
2.294E10
17782 3 1
2.2E8
2.118E10
17782 3 1
1.5E8
2.169E10
17782 3 1
2.2E8
2.08E10
17782 3 1
2.3E8
2.342E10
17782 3 1
1.5E8
2.313E10
17782 3 1
2.1E8
2.347E10
17782 3 1
2.2E8
2.514E10
17782 3 1
1.7E8
2.574E10
17782 3 1
2.1E8
2.342E10
17782 3 1
2.0E8
2.687E10
17782 3 1
1.5E8
2.56E10
17782 3 1
2.0E8
2.641E10
17782 3 1
1.6E8
2.731E10
31622 3 1
3.9E8
7.441E10
31622 3 1
4.0E8
7.595E10
31622 3 1
2.7E8
7.08E10
31622 3 1
3.6E8
7.893E10
31622 3 1
3.7E8
7.953E10
31622 3 1
3.2E8
7.239E10
31622 3 1
3.7E8
8.031E10
31622 3 1
3.1E8
8.359E10
31622 3 1
3.2E8
7.732E10
31622 3 1
4.2E8
8.182E10
31622 3 1
3.3E8
8.358E10
31622 3 1
3.9E8
8.359E10
31622 3 1
3.0E8
8.758E10
31622 3 1
3.9E8
8.626E10
31622 3 1
3.2E8
8.594E10
31622 3 1
3.8E8
8.613E10
31622 3 1
5.4E8
8.805E10
31622 3 1
3.4E8
8.426E10
31622 3 1
2.7E8
8.785E10
31622 3 1
4.3E8
9.029E10
31622 3 1
4.0E8
9.334E10
31622 3 1
3.0E8
9.327E10
31622 3 1
3.7E8
9.651E10
31622 3 1
4.7E8
9.096E10
31622 3 1
3.6E8
9.412E10
31622 3 1
3.7E8
9.61E10
31622 3 1
3.8E8
9.69E10
31622 3 1
4.2E8
9.517E10
31622 3 1
4.1E8
9.833E10
31622 3 1
3.0E8
1.1118E11
31622 3 1
3.5E8
1.1897E11
31622 3 1
5.3E8
1.3375E11
56234 3 1
5.2E8
2.2332E11
56234 3 1
6.1E8
3.0415E11
56234 3 1
6.8E8
3.2852E11
56234 3 1
5.4E8
3.5864E11
56234 3 1
5.4E8
3.5969E11
56234 3 1
6.1E8
3.5824E11
56234 3 1
6.2E8
3.7779E11
56234 3 1
7.8E8
3.7469E11
56234 3 1
6.3E8
3.8401E11
56234 3 1
6.5E8
3.9291E11
56234 3 1
6.2E8
3.944E11
56234 3 1
4.8E8
3.9625E11
56234 3 1
7.9E8
3.8798E11
56234 3 1
8.9E8
3.9158E11
56234 3 1
6.1E8
3.9248E11
56234 3 1
7.6E8
3.9825E11
56234 3 1
1.09E9
4.1447E11
56234 3 1
6.7E8
4.1131E11
56234 3 1
7.3E8
4.3462E11
56234 3 1
8.4E8
4.3511E11
56234 3 1
6.2E8
3.8961E11
56234 3 1
6.5E8
4.4677E11
56234 3 1
6.0E8
4.4352E11
56234 3 1
5.0E8
4.4506E11
56234 3 1
8.0E8
4.5454E11
56234 3 1
7.6E8
4.4969E11
56234 3 1
6.4E8
4.635E11
56234 3 1
6.6E8
4.9162E11
56234 3 1
1.04E9
4.8537E11
56234 3 1
9.3E8
5.3349E11
56234 3 1
7.2E8
5.1525E11
56234 3 1
7.1E8
5.5493E11
100000 3 1
1.05E9
1.36951E12
100000 3 1
1.16E9
1.35669E12
100000 3 1
1.13E9
1.30422E12
100000 3 1
1.11E9
1.38364E12
100000 3 1
1.17E9
1.33627E12
100000 3 1
1.03E9
1.33908E12
100000 3 1
1.28E9
1.34744E12
100000 3 1
9.7E8
1.38449E12
100000 3 1
1.12E9
1.42083E12
100000 3 1
1.11E9
1.3925E12
100000 3 1
1.18E9
1.39097E12
100000 3 1
1.21E9
1.40391E12
100000 3 1
1.3E9
1.35675E12
100000 3 1
1.04E9
1.40657E12
100000 3 1
1.94E9
1.3975E12
100000 3 1
1.34E9
1.46251E12
100000 3 1
1.16E9
1.41932E12
100000 3 1
1.92E9
1.41228E12
100000 3 1
1.05E9
1.45677E12
100000 3 1
1.14E9
1.40965E12
100000 3 1
1.51E9
1.39946E12
100000 3 1
1.54E9
1.40036E12
100000 3 1
1.06E9
1.52137E12
100000 3 1
1.18E9
1.44758E12
100000 3 1
1.17E9
1.36165E12
100000 3 1
1.06E9
1.49123E12
100000 3 1
1.56E9
1.37968E12
100000 3 1
1.35E9
1.39657E12
100000 3 1
1.51E9
1.47253E12
100000 3 1
1.23E9
1.53295E12
100000 3 1
1.58E9
1.41731E12
100000 3 1
1.86E9
1.4801E12
