100 5 2
507812.5
429687.5
100 5 2
429687.5
332031.25
100 5 2
468750.0
351562.5
100 5 2
468750.0
351562.5
100 5 2
507812.5
371093.75
100 5 2
507812.5
371093.75
100 5 2
507812.5
371093.75
100 5 2
468750.0
390625.0
100 5 2
468750.0
390625.0
100 5 2
468750.0
410156.25
100 5 2
507812.5
410156.25
100 5 2
468750.0
410156.25
100 5 2
507812.5
390625.0
100 5 2
507812.5
410156.25
100 5 2
468750.0
429687.5
100 5 2
507812.5
390625.0
100 5 2
507812.5
390625.0
100 5 2
468750.0
371093.75
100 5 2
429687.5
390625.0
100 5 2
507812.5
429687.5
100 5 2
468750.0
390625.0
100 5 2
507812.5
390625.0
100 5 2
468750.0
429687.5
100 5 2
507812.5
390625.0
100 5 2
507812.5
371093.75
100 5 2
507812.5
410156.25
100 5 2
507812.5
468750.0
100 5 2
507812.5
429687.5
100 5 2
507812.5
351562.5
100 5 2
507812.5
371093.75
100 5 2
507812.5
312500.0
100 5 3
507812.5
351562.5
177 5 2
1171875.0
937500.0
177 5 2
1171875.0
1093750.0
177 5 2
1171875.0
1015625.0
177 5 2
1250000.0
1015625.0
177 5 2
1171875.0
1015625.0
177 5 2
1250000.0
1015625.0
177 5 2
1171875.0
1015625.0
177 5 2
1093750.0
937500.0
177 5 2
1093750.0
937500.0
177 5 2
1171875.0
1015625.0
177 5 2
1171875.0
937500.0
177 5 2
1250000.0
937500.0
177 5 2
1093750.0
937500.0
177 5 2
1171875.0
1015625.0
177 5 2
1171875.0
1015625.0
177 5 2
1093750.0
1015625.0
177 5 3
1171875.0
937500.0
177 5 2
1171875.0
1015625.0
177 5 2
1171875.0
937500.0
177 5 2
1171875.0
1015625.0
177 5 2
1171875.0
1015625.0
177 5 2
1171875.0
1015625.0
177 5 2
1171875.0
937500.0
177 5 2
1093750.0
1015625.0
177 5 2
1250000.0
937500.0
177 5 2
1250000.0
1015625.0
177 5 2
1171875.0
1015625.0
177 5 2
1171875.0
1093750.0
177 5 2
1250000.0
937500.0
177 5 2
1328125.0
1015625.0
177 5 2
1250000.0
937500.0
177 5 2
1171875.0
1015625.0
316 5 2
2812500.0
3437500.0
316 5 2
2812500.0
3750000.0
316 5 2
2968750.0
3750000.0
316 5 2
2968750.0
3750000.0
316 5 3
2812500.0
3750000.0
316 5 3
2812500.0
3437500.0
316 5 2
2812500.0
3437500.0
316 5 3
2812500.0
3750000.0
316 5 2
2812500.0
3437500.0
316 5 2
2812500.0
3437500.0
316 5 3
2812500.0
2500000.0
316 5 2
2656250.0
2656250.0
316 5 2
2812500.0
2656250.0
316 5 2
2656250.0
2500000.0
316 5 2
2812500.0
2812500.0
316 5 2
2812500.0
2656250.0
316 5 2
2656250.0
2968750.0
316 5 2
2500000.0
2500000.0
316 5 2
2968750.0
2968750.0
316 5 3
2812500.0
2656250.0
316 5 2
2812500.0
2812500.0
316 5 2
2968750.0
2812500.0
316 5 3
2968750.0
2812500.0
316 5 2
2968750.0
2656250.0
316 5 2
3125000.0
2656250.0
316 5 2
2968750.0
2812500.0
316 5 2
2968750.0
2812500.0
316 5 3
3281250.0
2500000.0
316 5 3
2968750.0
2968750.0
562 5 3
6875000.0
6875000.0
316 5 2
2968750.0
2812500.0
316 5 3
3125000.0
3125000.0
562 5 3
6875000.0
7500000.0
562 5 2
6875000.0
6875000.0
316 5 2
2968750.0
2968750.0
562 5 3
6875000.0
1.0E7
562 5 2
6875000.0
8750000.0
562 5 3
6875000.0
8750000.0
562 5 3
6875000.0
8750000.0
562 5 2
6875000.0
8125000.0
562 5 3
6875000.0
1.0625E7
562 5 3
6875000.0
6875000.0
562 5 3
7500000.0
7500000.0
562 5 2
6875000.0
6875000.0
562 5 3
7500000.0
8125000.0
562 5 3
6875000.0
7500000.0
562 5 3
6875000.0
9375000.0
562 5 3
6875000.0
7500000.0
562 5 2
7500000.0
7500000.0
562 5 2
6875000.0
7500000.0
562 5 2
6875000.0
6875000.0
562 5 3
6875000.0
9375000.0
562 5 3
7500000.0
7500000.0
562 5 3
8125000.0
6875000.0
562 5 2
6875000.0
7500000.0
562 5 3
7187500.0
7500000.0
562 5 3
7500000.0
6875000.0
562 5 2
7500000.0
6875000.0
562 5 3
6875000.0
7500000.0
562 5 2
8125000.0
6875000.0
562 5 3
6875000.0
8750000.0
562 5 3
8750000.0
1.0625E7
1000 5 3
1.625E7
2.75E7
562 5 3
6875000.0
8750000.0
1000 5 3
1.5E7
2.75E7
1000 5 3
1.5E7
2.75E7
1000 5 3
1.625E7
2.125E7
1000 5 3
1.625E7
2.25E7
1000 5 3
1.625E7
2.75E7
1000 5 3
1.5E7
2.375E7
1000 5 3
1.625E7
4.5E7
1000 5 3
1.5E7
2.625E7
1000 5 3
1.75E7
2.875E7
1000 5 3
1.625E7
3.0E7
562 5 3
6875000.0
6875000.0
1000 5 3
1.75E7
3.75E7
1000 5 3
1.875E7
2.75E7
1000 5 3
1.75E7
3.5E7
1000 5 3
1.625E7
3.125E7
1000 5 3
1.625E7
3.875E7
1000 5 3
1.625E7
2.125E7
1000 5 3
2.375E7
3.0E7
1000 5 3
1.625E7
2.125E7
1000 5 3
2.375E7
3.0E7
1000 5 3
1.625E7
2.125E7
1000 5 3
1.75E7
2.25E7
1000 5 3
1.75E7
2.375E7
1000 5 3
1.75E7
2.125E7
1000 5 3
2.0E7
2.125E7
1000 5 3
1.75E7
2.25E7
1000 5 3
2.0E7
2.125E7
1778 5 3
5.5E7
6.0E7
1778 5 3
3.75E7
6.0E7
1000 5 3
1.75E7
2.5E7
1000 5 3
1.5E7
2.125E7
1778 5 3
4.0E7
6.0E7
1000 5 3
1.625E7
2.125E7
1000 5 3
1.625E7
2.125E7
1778 5 3
3.75E7
6.5E7
1778 5 3
4.0E7
7.5E7
1778 5 3
3.75E7
1.1E8
1778 5 3
4.0E7
1.1E8
1778 5 3
4.0E7
6.5E7
1778 5 4
4.0E7
1.1E8
1000 5 3
1.75E7
2.25E7
1778 5 3
3.5E7
6.5E7
1778 5 3
3.75E7
7.5E7
1778 5 3
4.0E7
7.5E7
1778 5 3
3.75E7
7.5E7
1778 5 3
4.5E7
1.1E8
1778 5 3
3.75E7
7.0E7
1778 5 3
4.0E7
9.0E7
1778 5 3
4.0E7
6.5E7
1778 5 3
4.0E7
6.5E7
1778 5 4
4.0E7
6.0E7
1778 5 3
4.0E7
5.5E7
1778 5 3
5.0E7
6.5E7
1778 5 3
4.0E7
6.0E7
1778 5 3
4.5E7
5.5E7
1778 5 3
4.75E7
8.0E7
1778 5 3
4.5E7
1.1E8
1778 5 3
3.75E7
6.0E7
1778 5 3
4.5E7
8.5E7
1778 5 3
3.75E7
6.5E7
1778 5 3
3.75E7
1.0E8
1778 5 3
4.0E7
7.0E7
1778 5 3
3.75E7
8.5E7
1778 5 3
3.75E7
9.0E7
3162 5 4
1.2E8
3.2E8
3162 5 4
1.1E8
3.2E8
3162 5 3
9.0E7
2.3E8
3162 5 3
8.5E7
2.4E8
3162 5 4
8.5E7
2.4E8
3162 5 4
8.5E7
2.2E8
3162 5 4
8.5E7
2.4E8
3162 5 4
9.0E7
2.2E8
3162 5 4
9.5E7
3.4E8
3162 5 3
9.0E7
3.2E8
3162 5 4
1.0E8
3.2E8
3162 5 4
9.5E7
2.3E8
3162 5 4
9.5E7
3.0E8
3162 5 4
9.5E7
2.5E8
3162 5 3
9.5E7
2.3E8
3162 5 3
1.2E8
3.6E8
3162 5 3
9.5E7
2.4E8
3162 5 3
1.05E8
3.2E8
3162 5 4
9.0E7
2.3E8
3162 5 4
1.1E8
3.1E8
3162 5 4
9.5E7
2.4E8
3162 5 3
1.2E8
3.6E8
3162 5 3
9.5E7
2.3E8
3162 5 3
9.5E7
2.2E8
3162 5 4
1.1E8
3.2E8
3162 5 4
1.1E8
2.9E8
3162 5 4
1.1E8
2.8E8
3162 5 4
1.1E8
2.7E8
3162 5 4
9.5E7
2.2E8
3162 5 3
1.1E8
3.1E8
3162 5 3
8.5E7
2.1E8
3162 5 3
1.4E8
2.6E8
5623 5 4
2.1E8
7.5E8
5623 5 4
2.5E8
8.0E8
5623 5 4
1.9E8
7.4E8
5623 5 4
2.7E8
7.5E8
5623 5 4
2.1E8
8.1E8
5623 5 4
2.0E8
7.9E8
5623 5 4
2.2E8
7.7E8
5623 5 4
1.9E8
8.7E8
5623 5 4
2.3E8
7.8E8
5623 5 4
2.0E8
7.6E8
5623 5 4
2.1E8
8.8E8
5623 5 4
2.0E8
7.9E8
5623 5 4
1.9E8
9.0E8
5623 5 4
1.8E8
8.8E8
5623 5 4
1.9E8
7.5E8
5623 5 4
2.0E8
8.9E8
5623 5 4
1.9E8
8.2E8
5623 5 4
1.8E8
8.5E8
5623 5 4
2.1E8
7.7E8
5623 5 4
2.0E8
8.4E8
5623 5 4
2.0E8
1.03E9
5623 5 4
1.9E8
8.7E8
5623 5 4
2.1E8
9.4E8
5623 5 4
2.1E8
9.2E8
5623 5 4
2.0E8
1.08E9
5623 5 4
2.1E8
1.15E9
5623 5 4
2.1E8
1.01E9
5623 5 4
2.6E8
8.9E8
5623 5 4
2.1E8
1.15E9
5623 5 4
3.1E8
8.9E8
5623 5 4
2.1E8
1.07E9
5623 5 4
2.8E8
1.07E9
10000 5 5
4.4E8
2.38E9
10000 5 5
4.1E8
2.44E9
10000 5 4
4.6E8
2.38E9
10000 5 5
4.2E8
2.44E9
10000 5 5
4.2E8
2.64E9
10000 5 4
4.4E8
2.56E9
10000 5 4
4.8E8
2.64E9
10000 5 5
4.1E8
2.6E9
10000 5 4
4.2E8
2.68E9
10000 5 4
5.4E8
2.47E9
10000 5 4
4.2E8
2.89E9
10000 5 5
4.5E8
2.77E9
10000 5 4
4.6E8
2.81E9
10000 5 4
4.1E8
2.89E9
10000 5 4
4.5E8
2.6E9
10000 5 4
4.4E8
3.02E9
10000 5 4
4.5E8
2.83E9
10000 5 4
4.5E8
2.71E9
10000 5 4
5.5E8
2.39E9
10000 5 4
4.5E8
3.01E9
10000 5 4
4.5E8
2.87E9
10000 5 4
5.0E8
2.36E9
10000 5 4
4.2E8
2.77E9
10000 5 4
5.0E8
2.88E9
10000 5 5
4.7E8
3.5E9
10000 5 4
4.6E8
3.4E9
10000 5 4
5.5E8
3.28E9
10000 5 4
6.0E8
3.08E9
10000 5 5
5.6E8
3.33E9
10000 5 4
7.7E8
2.9E9
10000 5 4
5.7E8
3.37E9
10000 5 4
7.3E8
3.23E9
17782 5 5
1.02E9
7.66E9
17782 5 5
9.2E8
8.2E9
17782 5 5
1.0E9
8.28E9
17782 5 5
1.06E9
8.42E9
17782 5 5
9.7E8
8.73E9
17782 5 5
1.02E9
9.06E9
17782 5 5
9.9E8
9.01E9
17782 5 5
1.14E9
8.64E9
17782 5 5
9.3E8
8.91E9
17782 5 5
1.11E9
8.83E9
17782 5 5
9.5E8
9.2E9
17782 5 5
9.8E8
9.91E9
17782 5 5
1.04E9
8.92E9
17782 5 5
1.01E9
9.08E9
17782 5 5
1.02E9
9.5E9
17782 5 5
1.09E9
8.59E9
17782 5 5
1.0E9
9.47E9
17782 5 5
1.0E9
9.53E9
17782 5 5
1.11E9
9.76E9
17782 5 5
1.1E9
8.81E9
17782 5 5
1.14E9
8.9E9
17782 5 5
1.02E9
9.78E9
17782 5 5
1.19E9
8.99E9
17782 5 5
9.7E8
9.59E9
17782 5 5
1.28E9
8.74E9
17782 5 5
1.15E9
8.52E9
17782 5 5
9.1E8
1.094E10
17782 5 5
1.13E9
9.44E9
17782 5 5
1.07E9
1.009E10
17782 5 5
1.05E9
9.93E9
17782 5 5
1.0E9
1.047E10
17782 5 5
9.6E8
1.06E10
31622 5 5
2.01E9
2.759E10
31622 5 5
2.22E9
2.811E10
31622 5 6
2.04E9
3.112E10
31622 5 5
2.08E9
3.005E10
31622 5 6
2.4E9
2.989E10
31622 5 5
2.38E9
2.99E10
31622 5 6
2.43E9
3.018E10
31622 5 5
2.14E9
3.266E10
31622 5 5
2.22E9
3.135E10
31622 5 5
2.05E9
3.341E10
31622 5 5
2.34E9
3.304E10
31622 5 5
2.12E9
3.464E10
31622 5 5
2.42E9
3.304E10
31622 5 6
2.17E9
3.301E10
31622 5 5
2.09E9
3.476E10
31622 5 6
2.24E9
3.397E10
31622 5 6
2.11E9
3.653E10
31622 5 5
2.09E9
3.654E10
31622 5 6
2.25E9
3.632E10
31622 5 5
2.21E9
3.756E10
31622 5 5
2.44E9
3.617E10
31622 5 5
2.5E9
3.767E10
31622 5 6
2.06E9
3.881E10
31622 5 5
2.33E9
3.867E10
31622 5 5
2.1E9
3.848E10
31622 5 5
2.15E9
3.862E10
31622 5 6
2.34E9
3.931E10
31622 5 5
2.6E9
4.058E10
31622 5 5
2.18E9
4.267E10
31622 5 6
2.22E9
4.413E10
31622 5 5
2.25E9
4.513E10
31622 5 6
2.2E9
5.209E10
56234 5 6
4.58E9
9.148E10
56234 5 6
4.3E9
1.0486E11
56234 5 6
4.97E9
9.98E10
56234 5 6
4.81E9
1.1333E11
56234 5 6
4.25E9
1.0803E11
56234 5 6
4.78E9
1.0893E11
56234 5 6
5.19E9
1.0274E11
56234 5 6
5.06E9
1.0867E11
56234 5 6
4.86E9
1.0628E11
56234 5 6
4.72E9
1.0491E11
56234 5 6
4.99E9
1.1097E11
56234 5 6
5.06E9
1.1447E11
56234 5 6
5.42E9
1.1248E11
56234 5 6
4.41E9
1.2013E11
56234 5 6
5.18E9
1.0976E11
56234 5 6
4.95E9
1.1155E11
56234 5 6
5.0E9
1.2114E11
56234 5 6
4.74E9
1.1972E11
56234 5 6
5.38E9
1.1465E11
56234 5 6
4.45E9
1.1265E11
56234 5 6
5.24E9
1.2014E11
56234 5 6
5.47E9
1.1641E11
56234 5 6
5.34E9
1.1619E11
56234 5 6
4.82E9
1.1822E11
56234 5 6
5.6E9
1.1565E11
56234 5 6
4.59E9
1.1266E11
56234 5 6
5.32E9
1.2757E11
56234 5 6
4.66E9
1.2859E11
56234 5 6
5.85E9
1.2368E11
56234 5 6
4.7E9
1.2903E11
56234 5 6
4.92E9
1.1486E11
56234 5 6
5.28E9
1.2253E11
100000 5 6
1.139E10
3.3311E11
100000 5 6
1.059E10
3.3882E11
100000 5 6
1.114E10
3.4004E11
100000 5 6
9.96E9
3.6165E11
100000 5 6
9.49E9
3.6976E11
100000 5 6
1.2E10
3.656E11
100000 5 6
1.073E10
3.6015E11
100000 5 6
1.054E10
3.6671E11
100000 5 6
1.201E10
3.6319E11
100000 5 6
9.7E9
3.7317E11
100000 5 6
9.29E9
3.5817E11
100000 5 6
1.058E10
4.0985E11
100000 5 6
1.076E10
3.6877E11
100000 5 6
1.233E10
3.7914E11
100000 5 6
1.071E10
3.6947E11
100000 5 6
1.164E10
3.9226E11
100000 5 6
1.038E10
4.0118E11
100000 5 6
1.247E10
3.8822E11
100000 5 6
1.052E10
3.9333E11
100000 5 6
1.049E10
4.0469E11
100000 5 6
1.109E10
3.904E11
100000 5 6
1.059E10
4.0967E11
100000 5 6
9.74E9
3.893E11
100000 5 6
1.158E10
4.1037E11
100000 5 6
1.187E10
4.0061E11
100000 5 6
9.81E9
4.1737E11
100000 5 6
1.1E10
3.9451E11
100000 5 6
1.062E10
4.0394E11
100000 5 6
1.012E10
4.1488E11
100000 5 6
1.099E10
4.0713E11
100000 5 6
1.051E10
4.2638E11
100000 5 6
1.016E10
4.1538E11
