100 5 2
468750.0
429687.5
100 5 2
507812.5
429687.5
100 5 2
468750.0
429687.5
100 5 2
468750.0
429687.5
100 5 2
507812.5
429687.5
100 5 2
468750.0
332031.25
100 5 2
468750.0
371093.75
100 5 2
468750.0
371093.75
100 5 2
468750.0
371093.75
100 5 2
507812.5
332031.25
100 5 2
468750.0
332031.25
100 5 2
468750.0
332031.25
100 5 2
507812.5
390625.0
100 5 2
468750.0
371093.75
100 5 2
507812.5
332031.25
100 5 2
468750.0
351562.5
100 5 2
507812.5
371093.75
100 5 2
507812.5
371093.75
100 5 2
507812.5
371093.75
100 5 2
507812.5
390625.0
100 5 2
507812.5
371093.75
100 5 2
468750.0
371093.75
100 5 2
468750.0
371093.75
100 5 2
507812.5
371093.75
100 5 2
507812.5
390625.0
100 5 2
468750.0
390625.0
100 5 2
507812.5
371093.75
100 5 2
507812.5
351562.5
100 5 2
507812.5
371093.75
100 5 2
468750.0
390625.0
100 5 2
468750.0
390625.0
100 5 2
507812.5
429687.5
177 5 2
1093750.0
937500.0
177 5 2
1171875.0
1015625.0
177 5 2
1171875.0
1015625.0
177 5 2
1171875.0
1015625.0
177 5 2
1250000.0
1015625.0
177 5 2
1250000.0
1015625.0
177 5 2
1250000.0
1093750.0
177 5 2
1171875.0
937500.0
177 5 2
1250000.0
859375.0
177 5 2
1171875.0
1093750.0
177 5 2
1171875.0
859375.0
177 5 2
1171875.0
937500.0
177 5 2
1171875.0
937500.0
177 5 2
1171875.0
1015625.0
177 5 2
1250000.0
1015625.0
177 5 2
1171875.0
1093750.0
177 5 2
1250000.0
937500.0
177 5 2
1250000.0
1015625.0
177 5 2
1171875.0
937500.0
177 5 2
1171875.0
937500.0
177 5 2
1171875.0
1015625.0
177 5 3
1250000.0
937500.0
177 5 2
1171875.0
937500.0
177 5 2
1093750.0
937500.0
177 5 2
1171875.0
859375.0
177 5 2
1171875.0
1093750.0
177 5 2
1171875.0
1093750.0
177 5 2
1250000.0
1015625.0
177 5 2
1250000.0
1015625.0
177 5 2
1093750.0
1015625.0
177 5 2
1250000.0
937500.0
177 5 2
1171875.0
1015625.0
316 5 2
3437500.0
2656250.0
316 5 2
2812500.0
3281250.0
316 5 2
2968750.0
3437500.0
316 5 2
3437500.0
2812500.0
316 5 3
2968750.0
2968750.0
316 5 2
3750000.0
3125000.0
316 5 2
2968750.0
3593750.0
316 5 2
2812500.0
3281250.0
316 5 2
3437500.0
3281250.0
316 5 2
3281250.0
4062500.0
316 5 2
2968750.0
4062500.0
316 5 2
2968750.0
3750000.0
316 5 2
3437500.0
2656250.0
316 5 2
3437500.0
3125000.0
316 5 2
3125000.0
2812500.0
316 5 2
3437500.0
3437500.0
316 5 2
2968750.0
2812500.0
316 5 3
2812500.0
2968750.0
316 5 2
2812500.0
2812500.0
316 5 3
3125000.0
2812500.0
316 5 2
3437500.0
2656250.0
316 5 2
2968750.0
2812500.0
316 5 2
3125000.0
2812500.0
316 5 3
3125000.0
2968750.0
316 5 2
3281250.0
2500000.0
316 5 2
3437500.0
2656250.0
316 5 2
2968750.0
2500000.0
316 5 2
3125000.0
2500000.0
316 5 2
2968750.0
2656250.0
316 5 2
2968750.0
2500000.0
316 5 2
2968750.0
2812500.0
316 5 2
2968750.0
2500000.0
562 5 2
7500000.0
7500000.0
562 5 3
6875000.0
6875000.0
562 5 3
6875000.0
8125000.0
562 5 3
6875000.0
6875000.0
562 5 2
6875000.0
8125000.0
562 5 2
7500000.0
8750000.0
562 5 3
6875000.0
8750000.0
562 5 2
6875000.0
9375000.0
562 5 3
6875000.0
7500000.0
562 5 3
7500000.0
8125000.0
562 5 3
6875000.0
8750000.0
562 5 3
7500000.0
7500000.0
562 5 3
6875000.0
1.125E7
562 5 3
6875000.0
1.0E7
562 5 3
6875000.0
9375000.0
562 5 3
8125000.0
8125000.0
562 5 2
6875000.0
7500000.0
562 5 3
6875000.0
7500000.0
562 5 3
6875000.0
8125000.0
562 5 2
8750000.0
7500000.0
562 5 2
6875000.0
7500000.0
562 5 2
6875000.0
8125000.0
562 5 3
6875000.0
8125000.0
562 5 3
7500000.0
8125000.0
562 5 3
7500000.0
8125000.0
562 5 3
8125000.0
7500000.0
562 5 3
6875000.0
7500000.0
562 5 3
7500000.0
7500000.0
562 5 3
7500000.0
7500000.0
562 5 3
7500000.0
7500000.0
562 5 3
7500000.0
6875000.0
562 5 3
7500000.0
8125000.0
1000 5 3
1.75E7
2.125E7
1000 5 3
1.75E7
3.0E7
1000 5 3
1.75E7
2.375E7
1000 5 3
1.75E7
2.5E7
1000 5 3
1.625E7
2.375E7
1000 5 3
1.625E7
2.0E7
1000 5 3
1.625E7
2.5E7
1000 5 3
1.625E7
2.0E7
1000 5 3
1.625E7
2.5E7
1000 5 3
1.625E7
2.25E7
1000 5 3
1.5E7
2.375E7
1000 5 3
1.625E7
2.5E7
1000 5 3
1.5E7
2.25E7
1000 5 3
1.5E7
2.375E7
1000 5 3
1.75E7
2.375E7
1000 5 3
1.625E7
2.125E7
1000 5 3
1.625E7
2.125E7
1000 5 3
1.75E7
2.25E7
1000 5 3
1.75E7
2.125E7
1000 5 3
1.75E7
2.25E7
1000 5 3
1.75E7
2.125E7
1000 5 3
1.875E7
2.0E7
1000 5 3
1.625E7
2.125E7
1000 5 3
1.75E7
2.125E7
1000 5 3
1.875E7
2.375E7
1000 5 3
2.0E7
2.0E7
1000 5 3
1.875E7
2.25E7
1000 5 3
1.75E7
2.25E7
1000 5 3
2.125E7
2.0E7
1000 5 3
1.75E7
2.0E7
1000 5 3
2.25E7
2.125E7
1778 5 3
3.75E7
6.5E7
1000 5 3
1.625E7
2.25E7
1778 5 3
3.75E7
6.5E7
1778 5 3
3.75E7
6.5E7
1778 5 3
3.75E7
6.0E7
1778 5 4
3.75E7
5.5E7
1778 5 3
4.0E7
6.5E7
1778 5 3
3.5E7
6.5E7
1778 5 3
3.75E7
6.0E7
1778 5 3
3.75E7
6.0E7
1778 5 3
3.75E7
6.0E7
1778 5 3
4.0E7
6.0E7
1778 5 3
3.75E7
8.0E7
1778 5 3
3.5E7
6.5E7
1778 5 3
4.0E7
1.2E8
1778 5 3
3.75E7
6.0E7
1778 5 4
3.75E7
7.5E7
1778 5 3
4.0E7
6.5E7
1778 5 4
3.75E7
8.0E7
1778 5 3
3.75E7
6.0E7
1778 5 3
4.0E7
6.0E7
1778 5 3
4.25E7
6.0E7
1778 5 3
4.5E7
6.0E7
1778 5 3
4.25E7
6.0E7
1778 5 3
4.0E7
7.5E7
1778 5 3
3.75E7
7.5E7
1778 5 3
4.0E7
6.5E7
1778 5 3
3.75E7
6.5E7
1778 5 3
3.75E7
6.0E7
1778 5 3
4.5E7
7.0E7
1778 5 3
4.0E7
6.5E7
1778 5 3
4.25E7
5.5E7
1778 5 4
4.75E7
6.0E7
3162 5 4
8.5E7
2.0E8
3162 5 4
9.5E7
2.1E8
3162 5 4
9.0E7
1.9E8
3162 5 4
8.5E7
1.9E8
3162 5 4
9.0E7
2.0E8
3162 5 4
8.5E7
2.0E8
3162 5 3
8.5E7
2.1E8
3162 5 3
8.5E7
2.1E8
3162 5 4
8.5E7
2.1E8
3162 5 3
8.0E7
2.0E8
3162 5 4
9.0E7
2.2E8
3162 5 4
8.0E7
2.1E8
3162 5 4
8.5E7
2.2E8
3162 5 4
8.5E7
2.3E8
3162 5 4
8.5E7
2.4E8
3162 5 4
8.5E7
2.5E8
3162 5 4
8.5E7
2.5E8
3162 5 4
8.0E7
2.2E8
3162 5 4
9.0E7
2.1E8
3162 5 4
8.5E7
2.2E8
3162 5 4
8.0E7
2.6E8
3162 5 4
8.5E7
2.2E8
3162 5 4
8.5E7
2.2E8
3162 5 4
9.0E7
2.3E8
3162 5 4
8.5E7
2.2E8
3162 5 4
8.5E7
2.3E8
3162 5 4
9.0E7
2.9E8
3162 5 4
9.5E7
2.3E8
3162 5 4
8.5E7
2.3E8
3162 5 3
9.0E7
3.0E8
3162 5 4
1.15E8
2.2E8
3162 5 3
1.0E8
2.8E8
5623 5 4
2.1E8
7.3E8
5623 5 4
2.0E8
7.5E8
5623 5 4
2.0E8
8.1E8
5623 5 4
2.2E8
8.4E8
5623 5 4
2.1E8
8.3E8
5623 5 4
2.1E8
7.7E8
5623 5 4
2.1E8
7.7E8
5623 5 4
2.0E8
9.0E8
5623 5 4
1.9E8
8.9E8
5623 5 4
2.0E8
8.8E8
5623 5 4
2.1E8
8.7E8
5623 5 4
2.2E8
9.8E8
5623 5 4
2.1E8
7.2E8
5623 5 4
2.0E8
8.8E8
5623 5 4
2.2E8
8.2E8
5623 5 5
2.1E8
9.4E8
5623 5 4
2.1E8
8.8E8
5623 5 4
2.1E8
8.9E8
5623 5 4
2.1E8
7.7E8
5623 5 4
2.2E8
7.3E8
5623 5 4
2.2E8
8.5E8
5623 5 4
2.0E8
9.1E8
5623 5 4
1.9E8
7.5E8
5623 5 4
2.2E8
8.6E8
5623 5 5
2.1E8
9.0E8
5623 5 4
2.2E8
9.6E8
5623 5 4
2.5E8
1.04E9
5623 5 4
2.4E8
9.8E8
5623 5 4
2.5E8
1.01E9
5623 5 4
2.4E8
1.0E9
5623 5 4
2.5E8
9.7E8
5623 5 4
2.7E8
8.7E8
10000 5 4
4.1E8
2.56E9
10000 5 4
4.2E8
2.17E9
10000 5 5
4.3E8
2.51E9
10000 5 4
4.3E8
2.49E9
10000 5 5
4.1E8
2.74E9
10000 5 4
4.2E8
2.35E9
10000 5 4
4.3E8
2.54E9
10000 5 4
4.2E8
2.63E9
10000 5 4
4.1E8
2.74E9
10000 5 5
4.4E8
2.59E9
10000 5 5
4.5E8
2.76E9
10000 5 4
4.7E8
2.43E9
10000 5 4
4.2E8
2.4E9
10000 5 5
4.5E8
2.53E9
10000 5 4
4.5E8
2.66E9
10000 5 4
4.2E8
2.6E9
10000 5 4
5.0E8
2.53E9
10000 5 4
4.3E8
2.49E9
10000 5 5
4.4E8
2.86E9
10000 5 5
4.9E8
2.78E9
10000 5 4
4.3E8
2.58E9
10000 5 4
4.5E8
2.88E9
10000 5 5
4.1E8
2.89E9
10000 5 5
4.5E8
2.67E9
10000 5 5
4.4E8
2.78E9
10000 5 5
4.3E8
3.33E9
10000 5 4
4.5E8
2.87E9
10000 5 5
4.5E8
2.93E9
10000 5 4
4.5E8
3.16E9
10000 5 5
4.8E8
3.07E9
10000 5 4
5.5E8
2.61E9
10000 5 4
4.8E8
3.19E9
17782 5 5
9.9E8
7.23E9
17782 5 5
9.1E8
8.1E9
17782 5 5
9.3E8
8.33E9
17782 5 5
9.0E8
8.11E9
17782 5 5
9.3E8
8.35E9
17782 5 5
9.4E8
8.63E9
17782 5 5
9.7E8
8.39E9
17782 5 5
8.8E8
8.77E9
17782 5 5
9.1E8
8.4E9
17782 5 5
8.4E8
8.8E9
17782 5 5
9.9E8
8.13E9
17782 5 5
9.6E8
8.06E9
17782 5 5
1.14E9
7.81E9
17782 5 5
9.1E8
8.42E9
17782 5 5
9.3E8
9.08E9
17782 5 5
9.2E8
8.85E9
17782 5 5
1.01E9
8.82E9
17782 5 5
9.4E8
9.03E9
17782 5 5
9.1E8
8.91E9
17782 5 5
1.03E9
8.69E9
17782 5 5
9.7E8
8.64E9
17782 5 5
8.4E8
9.37E9
17782 5 5
1.03E9
9.38E9
17782 5 5
1.11E9
9.24E9
17782 5 5
1.12E9
8.86E9
17782 5 5
1.15E9
8.81E9
17782 5 5
1.14E9
8.89E9
17782 5 5
1.08E9
9.16E9
17782 5 5
8.8E8
1.052E10
17782 5 5
1.06E9
1.012E10
17782 5 5
1.06E9
1.148E10
17782 5 5
9.7E8
1.207E10
31622 5 6
2.32E9
2.2E10
31622 5 5
2.77E9
2.313E10
31622 5 5
2.31E9
2.583E10
31622 5 5
2.27E9
2.603E10
31622 5 5
2.15E9
2.825E10
31622 5 5
2.38E9
2.955E10
31622 5 6
2.72E9
2.618E10
31622 5 5
2.03E9
3.042E10
31622 5 5
2.02E9
3.249E10
31622 5 5
2.17E9
3.25E10
31622 5 6
2.08E9
3.395E10
31622 5 6
2.26E9
3.407E10
31622 5 5
2.44E9
3.421E10
31622 5 5
2.38E9
3.321E10
31622 5 6
2.13E9
3.433E10
31622 5 6
2.18E9
3.446E10
31622 5 6
2.14E9
3.625E10
31622 5 5
2.01E9
3.704E10
31622 5 6
2.58E9
3.595E10
31622 5 6
2.17E9
3.675E10
31622 5 5
2.56E9
3.73E10
31622 5 5
2.1E9
3.958E10
31622 5 6
2.14E9
3.891E10
31622 5 5
2.4E9
3.896E10
31622 5 6
2.27E9
3.965E10
31622 5 5
2.13E9
3.986E10
31622 5 5
2.46E9
4.163E10
31622 5 6
2.27E9
4.331E10
31622 5 6
2.14E9
4.441E10
31622 5 6
2.27E9
4.409E10
31622 5 5
2.02E9
4.661E10
31622 5 6
2.14E9
4.938E10
56234 5 6
4.66E9
8.32E10
56234 5 6
4.21E9
1.0102E11
56234 5 6
4.94E9
8.564E10
56234 5 6
4.5E9
1.0361E11
56234 5 6
4.39E9
9.504E10
56234 5 6
4.78E9
9.571E10
56234 5 6
4.55E9
9.405E10
56234 5 7
4.46E9
9.834E10
56234 5 6
4.52E9
1.0661E11
56234 5 6
4.73E9
1.0692E11
56234 5 6
4.72E9
1.1093E11
56234 5 6
4.55E9
1.0699E11
56234 5 6
4.68E9
1.0784E11
56234 5 6
5.61E9
9.768E10
56234 5 6
4.81E9
1.0179E11
56234 5 6
6.86E9
1.0516E11
56234 5 7
5.12E9
1.1097E11
56234 5 6
4.68E9
1.0981E11
56234 5 6
4.62E9
1.0004E11
56234 5 6
4.79E9
1.1083E11
56234 5 6
6.97E9
1.0625E11
56234 5 6
4.64E9
1.1948E11
56234 5 6
4.71E9
1.124E11
56234 5 6
4.69E9
1.1287E11
56234 5 6
4.77E9
1.2475E11
56234 5 6
5.15E9
1.2498E11
56234 5 6
4.55E9
1.2737E11
56234 5 6
5.79E9
1.4048E11
56234 5 6
4.95E9
1.3139E11
56234 5 6
6.23E9
1.4182E11
56234 5 6
6.48E9
1.4074E11
56234 5 6
6.4E9
1.5355E11
100000 5 7
9.85E9
2.9597E11
100000 5 7
9.67E9
3.0842E11
100000 5 7
1.112E10
3.0842E11
100000 5 7
1.012E10
3.234E11
100000 5 6
9.97E9
3.42E11
100000 5 7
1.329E10
3.2571E11
100000 5 7
9.63E9
3.5325E11
100000 5 7
1.022E10
3.5669E11
100000 5 7
9.81E9
2.9446E11
100000 5 7
1.055E10
3.5831E11
100000 5 7
1.205E10
3.4625E11
100000 5 6
1.113E10
3.4536E11
100000 5 7
1.133E10
3.5081E11
100000 5 7
1.094E10
3.5788E11
100000 5 7
1.089E10
3.6633E11
100000 5 7
1.133E10
3.5477E11
100000 5 7
1.094E10
3.6992E11
100000 5 7
1.046E10
3.6026E11
100000 5 7
9.64E9
3.8875E11
100000 5 7
9.3E9
3.8173E11
100000 5 7
9.08E9
3.8592E11
100000 5 7
1.061E10
3.812E11
100000 5 7
8.98E9
3.2715E11
100000 5 7
1.103E10
3.6844E11
100000 5 7
1.104E10
3.6949E11
100000 5 7
9.13E9
3.3326E11
100000 5 7
9.64E9
3.6466E11
100000 5 7
1.1E10
3.5046E11
100000 5 7
1.047E10
3.5121E11
100000 5 7
1.074E10
3.9611E11
100000 5 7
1.052E10
3.6906E11
100000 5 7
9.96E9
3.638E11
