100 8 1
507812.5
468750.0
100 8 1
546875.0
429687.5
100 8 1
585937.5
429687.5
100 8 1
546875.0
429687.5
100 8 1
585937.5
429687.5
100 8 1
507812.5
429687.5
100 8 1
546875.0
429687.5
100 8 1
546875.0
468750.0
100 8 1
546875.0
468750.0
100 8 1
468750.0
390625.0
100 8 1
507812.5
410156.25
100 8 1
507812.5
410156.25
100 8 1
585937.5
429687.5
100 8 1
585937.5
390625.0
100 8 1
546875.0
390625.0
100 8 1
546875.0
429687.5
100 8 1
585937.5
410156.25
100 8 1
585937.5
390625.0
100 8 1
625000.0
390625.0
100 8 1
585937.5
390625.0
100 8 1
546875.0
390625.0
100 8 1
585937.5
390625.0
100 8 1
585937.5
410156.25
100 8 1
585937.5
371093.75
100 8 1
585937.5
390625.0
100 8 1
546875.0
390625.0
100 8 1
585937.5
410156.25
100 8 1
585937.5
390625.0
100 8 1
585937.5
390625.0
100 8 1
585937.5
390625.0
100 8 1
585937.5
371093.75
100 8 1
585937.5
390625.0
177 8 1
1484375.0
937500.0
177 8 1
1484375.0
1093750.0
177 8 1
1484375.0
859375.0
177 8 1
1328125.0
937500.0
177 8 1
1484375.0
1015625.0
177 8 1
1562500.0
1015625.0
177 8 1
1562500.0
1093750.0
177 8 1
1718750.0
1015625.0
177 8 1
1562500.0
1015625.0
177 8 1
1484375.0
1015625.0
177 8 1
1562500.0
1093750.0
177 8 1
1484375.0
1015625.0
177 8 1
1484375.0
937500.0
177 8 1
1484375.0
1015625.0
177 8 1
1484375.0
1015625.0
177 8 1
1484375.0
1015625.0
177 8 1
1484375.0
937500.0
177 8 1
1562500.0
1093750.0
177 8 1
1328125.0
1171875.0
177 8 1
1640625.0
1171875.0
177 8 1
1484375.0
1015625.0
177 8 1
1562500.0
1093750.0
177 8 1
1406250.0
1093750.0
177 8 1
1484375.0
1015625.0
177 8 1
1484375.0
1015625.0
177 8 1
1406250.0
1015625.0
177 8 1
1562500.0
1093750.0
177 8 1
1484375.0
1015625.0
177 8 1
1484375.0
1093750.0
177 8 1
1562500.0
1015625.0
177 8 1
1406250.0
1015625.0
177 8 1
1484375.0
1015625.0
316 8 1
4062500.0
2968750.0
316 8 1
3750000.0
3125000.0
316 8 1
4062500.0
2968750.0
316 8 1
3750000.0
3125000.0
316 8 1
4062500.0
2812500.0
316 8 1
3750000.0
3125000.0
316 8 1
3750000.0
3125000.0
316 8 1
4062500.0
2968750.0
316 8 1
4062500.0
3125000.0
316 8 1
4062500.0
3437500.0
316 8 2
3750000.0
2812500.0
316 8 1
4062500.0
3125000.0
316 8 1
4062500.0
2968750.0
316 8 1
4062500.0
3437500.0
316 8 1
3750000.0
3281250.0
316 8 1
4062500.0
3437500.0
316 8 1
3750000.0
3437500.0
316 8 2
4062500.0
3750000.0
316 8 1
3750000.0
3437500.0
316 8 1
4062500.0
2968750.0
316 8 1
4062500.0
3437500.0
316 8 1
4062500.0
3281250.0
316 8 1
3750000.0
2812500.0
316 8 1
3750000.0
3125000.0
316 8 1
4062500.0
2812500.0
316 8 1
4062500.0
2812500.0
316 8 1
4062500.0
2812500.0
316 8 1
3750000.0
2812500.0
316 8 1
3750000.0
2812500.0
316 8 1
4062500.0
2812500.0
316 8 1
4062500.0
2968750.0
316 8 1
4062500.0
2968750.0
562 8 2
1.0E7
8125000.0
562 8 2
1.0E7
7500000.0
562 8 1
1.0E7
8750000.0
562 8 2
9375000.0
6875000.0
562 8 2
1.0E7
8750000.0
562 8 1
9375000.0
9375000.0
562 8 1
1.0625E7
7500000.0
562 8 1
1.0625E7
1.0625E7
562 8 1
1.0625E7
8125000.0
562 8 1
1.0625E7
8125000.0
562 8 1
9375000.0
9375000.0
562 8 1
9375000.0
9375000.0
562 8 1
9375000.0
8750000.0
562 8 1
1.0625E7
8125000.0
562 8 2
1.1875E7
8750000.0
562 8 1
1.0E7
8750000.0
562 8 2
1.0625E7
1.0E7
562 8 2
9375000.0
1.0E7
562 8 1
1.0E7
1.0E7
562 8 1
9375000.0
1.0E7
562 8 1
1.0625E7
8750000.0
562 8 1
1.0E7
8125000.0
562 8 1
1.0E7
7500000.0
562 8 1
1.0E7
8750000.0
562 8 2
8750000.0
7500000.0
562 8 1
1.0E7
8750000.0
562 8 1
9375000.0
6875000.0
562 8 1
1.0E7
8750000.0
562 8 1
1.0E7
8125000.0
562 8 1
1.0625E7
8125000.0
562 8 1
1.0625E7
8125000.0
562 8 1
1.1875E7
7500000.0
1000 8 1
2.5E7
3.0E7
1000 8 2
2.375E7
2.625E7
1000 8 1
2.5E7
3.25E7
1000 8 1
2.75E7
2.75E7
1000 8 2
2.375E7
2.625E7
1000 8 2
2.375E7
2.875E7
1000 8 1
2.375E7
3.0E7
1000 8 1
2.5E7
3.75E7
1000 8 2
2.375E7
2.75E7
1000 8 2
2.375E7
3.75E7
1000 8 1
2.375E7
3.5E7
1000 8 2
2.5E7
2.75E7
1000 8 2
2.5E7
2.75E7
1000 8 2
2.625E7
2.75E7
1000 8 2
2.375E7
2.75E7
1000 8 2
2.375E7
3.0E7
1000 8 2
2.625E7
2.75E7
1000 8 2
2.375E7
2.75E7
1000 8 1
2.5E7
3.25E7
1000 8 1
2.75E7
2.75E7
1000 8 2
2.5E7
3.0E7
1000 8 2
2.375E7
2.75E7
1000 8 2
2.5E7
2.75E7
1000 8 1
2.5E7
2.625E7
1000 8 2
2.5E7
3.0E7
1000 8 2
2.75E7
2.625E7
1000 8 1
2.5E7
3.0E7
1000 8 2
2.5E7
2.5E7
1000 8 1
2.5E7
2.5E7
1000 8 2
2.625E7
2.375E7
1000 8 2
2.5E7
2.375E7
1778 8 2
7.0E7
7.5E7
1000 8 2
2.5E7
2.625E7
1778 8 2
6.0E7
1.1E8
1778 8 2
6.5E7
1.1E8
1778 8 2
6.0E7
8.5E7
1778 8 2
6.0E7
8.0E7
1778 8 2
6.0E7
9.5E7
1778 8 2
6.5E7
8.0E7
1778 8 2
6.5E7
1.1E8
1778 8 2
6.5E7
9.5E7
1778 8 2
6.5E7
9.5E7
1778 8 2
6.0E7
8.0E7
1778 8 2
6.5E7
1.0E8
1778 8 2
6.5E7
8.5E7
1778 8 2
6.5E7
9.0E7
1778 8 2
6.5E7
8.0E7
1778 8 2
6.5E7
9.0E7
1778 8 1
6.5E7
9.0E7
1778 8 2
6.0E7
9.5E7
1778 8 2
6.5E7
8.0E7
1778 8 2
6.5E7
8.5E7
1778 8 2
6.5E7
7.5E7
1778 8 2
6.5E7
7.5E7
1778 8 2
6.5E7
8.0E7
1778 8 2
7.0E7
8.0E7
1778 8 2
6.0E7
7.5E7
1778 8 2
6.0E7
8.5E7
1778 8 2
6.0E7
7.5E7
1778 8 2
7.0E7
7.5E7
1778 8 2
6.5E7
7.5E7
1778 8 2
6.5E7
7.5E7
1778 8 2
6.5E7
8.0E7
1778 8 2
7.0E7
7.5E7
3162 8 2
1.9E8
2.3E8
3162 8 2
1.6E8
2.7E8
3162 8 2
1.6E8
2.7E8
3162 8 2
1.7E8
2.8E8
3162 8 2
1.6E8
2.8E8
3162 8 2
1.5E8
2.6E8
3162 8 2
1.6E8
2.8E8
3162 8 2
1.5E8
2.7E8
3162 8 2
1.6E8
2.6E8
3162 8 2
1.5E8
2.7E8
3162 8 2
1.6E8
2.5E8
3162 8 2
1.7E8
2.3E8
3162 8 2
1.5E8
2.8E8
3162 8 2
1.5E8
3.0E8
3162 8 2
1.6E8
2.8E8
3162 8 2
1.6E8
2.7E8
3162 8 2
1.7E8
2.6E8
3162 8 2
1.5E8
3.1E8
3162 8 2
1.7E8
2.5E8
3162 8 2
1.6E8
3.0E8
3162 8 2
1.6E8
2.4E8
3162 8 2
1.6E8
2.5E8
3162 8 2
1.6E8
2.5E8
3162 8 2
1.5E8
2.4E8
3162 8 2
1.6E8
3.1E8
3162 8 2
1.7E8
2.9E8
3162 8 2
1.7E8
2.7E8
3162 8 2
1.6E8
2.3E8
3162 8 2
1.8E8
2.2E8
3162 8 2
1.7E8
2.1E8
3162 8 2
1.7E8
2.2E8
3162 8 2
1.7E8
2.2E8
5623 8 2
3.8E8
9.4E8
5623 8 2
3.8E8
1.03E9
5623 8 2
3.8E8
9.2E8
5623 8 2
3.9E8
1.06E9
5623 8 2
3.8E8
9.9E8
5623 8 2
3.9E8
1.14E9
5623 8 2
3.9E8
1.0E9
5623 8 2
4.0E8
1.16E9
5623 8 2
3.8E8
9.8E8
5623 8 2
3.8E8
1.2E9
5623 8 2
3.9E8
9.5E8
5623 8 2
4.0E8
9.2E8
5623 8 2
3.8E8
1.2E9
5623 8 2
3.8E8
1.17E9
5623 8 2
3.8E8
1.07E9
5623 8 2
3.7E8
1.17E9
5623 8 2
3.9E8
1.22E9
5623 8 2
3.8E8
1.26E9
5623 8 2
4.0E8
1.04E9
5623 8 2
3.8E8
1.29E9
5623 8 2
4.0E8
1.21E9
5623 8 2
3.9E8
1.22E9
5623 8 2
3.8E8
1.24E9
5623 8 2
4.0E8
1.23E9
5623 8 2
3.8E8
1.21E9
5623 8 2
4.0E8
1.22E9
5623 8 2
3.9E8
1.12E9
5623 8 2
3.8E8
1.14E9
5623 8 2
3.9E8
1.16E9
5623 8 2
4.0E8
1.11E9
5623 8 2
4.3E8
1.12E9
5623 8 2
4.0E8
1.11E9
10000 8 2
9.2E8
3.57E9
10000 8 2
9.1E8
3.8E9
10000 8 2
8.9E8
3.63E9
10000 8 2
9.3E8
3.53E9
10000 8 2
9.0E8
3.4E9
10000 8 2
9.2E8
3.54E9
10000 8 2
9.1E8
3.62E9
10000 8 2
9.1E8
3.84E9
10000 8 2
9.1E8
3.67E9
10000 8 2
9.2E8
3.83E9
10000 8 2
9.3E8
4.01E9
10000 8 2
9.2E8
3.9E9
10000 8 2
1.06E9
3.48E9
10000 8 2
8.8E8
3.79E9
10000 8 2
9.6E8
3.9E9
10000 8 2
9.2E8
4.11E9
10000 8 2
9.3E8
3.88E9
10000 8 2
9.4E8
4.02E9
10000 8 2
9.3E8
4.12E9
10000 8 2
9.1E8
4.44E9
10000 8 2
8.9E8
4.19E9
10000 8 2
9.1E8
4.39E9
10000 8 2
9.4E8
4.36E9
10000 8 2
9.2E8
4.13E9
10000 8 2
9.2E8
4.11E9
10000 8 2
9.7E8
4.01E9
10000 8 2
9.4E8
4.07E9
10000 8 2
1.01E9
4.01E9
10000 8 2
9.7E8
4.09E9
10000 8 2
9.4E8
4.24E9
10000 8 2
9.5E8
4.14E9
10000 8 2
9.3E8
4.07E9
17782 8 2
2.19E9
9.96E9
17782 8 2
1.88E9
1.239E10
17782 8 2
2.16E9
1.241E10
17782 8 2
2.2E9
1.416E10
17782 8 2
1.93E9
1.306E10
17782 8 2
2.23E9
1.334E10
17782 8 2
2.55E9
1.334E10
17782 8 2
2.24E9
1.403E10
17782 8 2
1.87E9
1.394E10
17782 8 2
2.19E9
1.426E10
17782 8 2
2.28E9
1.328E10
17782 8 2
2.18E9
1.304E10
17782 8 2
2.22E9
1.431E10
17782 8 2
2.2E9
1.455E10
17782 8 2
2.41E9
1.376E10
17782 8 2
2.17E9
1.464E10
17782 8 2
2.35E9
1.381E10
17782 8 2
2.2E9
1.457E10
17782 8 2
2.39E9
1.385E10
17782 8 2
2.18E9
1.513E10
17782 8 2
2.27E9
1.443E10
17782 8 2
2.31E9
1.374E10
17782 8 2
2.27E9
1.471E10
17782 8 2
2.19E9
1.597E10
17782 8 2
1.87E9
1.591E10
17782 8 2
2.22E9
1.432E10
17782 8 2
2.2E9
1.532E10
17782 8 2
2.39E9
1.389E10
17782 8 2
2.46E9
1.459E10
17782 8 2
2.29E9
1.612E10
17782 8 2
2.26E9
1.519E10
17782 8 2
2.24E9
1.474E10
31622 8 2
5.3E9
4.35E10
31622 8 2
5.06E9
4.421E10
31622 8 2
5.46E9
4.757E10
31622 8 3
5.23E9
4.933E10
31622 8 2
5.2E9
4.872E10
31622 8 3
5.56E9
5.007E10
31622 8 2
5.58E9
4.854E10
31622 8 2
5.25E9
4.902E10
31622 8 2
5.69E9
4.792E10
31622 8 2
5.65E9
4.826E10
31622 8 2
5.94E9
4.695E10
31622 8 2
5.35E9
4.976E10
31622 8 2
5.34E9
5.055E10
31622 8 2
5.41E9
5.017E10
31622 8 2
5.43E9
4.922E10
31622 8 2
5.26E9
5.076E10
31622 8 2
5.79E9
4.978E10
31622 8 2
5.24E9
5.165E10
31622 8 2
5.59E9
5.16E10
31622 8 2
5.66E9
5.092E10
31622 8 2
5.38E9
5.203E10
31622 8 2
5.36E9
5.228E10
31622 8 2
5.83E9
5.293E10
31622 8 2
5.7E9
5.366E10
31622 8 2
5.84E9
5.076E10
31622 8 2
5.47E9
5.477E10
31622 8 2
5.2E9
5.2E10
31622 8 2
5.6E9
4.985E10
31622 8 2
5.54E9
5.328E10
31622 8 2
5.85E9
5.332E10
31622 8 2
5.72E9
5.15E10
31622 8 3
5.59E9
5.647E10
56234 8 2
1.267E10
1.7102E11
56234 8 3
1.245E10
1.8151E11
56234 8 3
1.23E10
1.8021E11
56234 8 2
1.233E10
1.8079E11
56234 8 2
1.252E10
1.8072E11
56234 8 2
1.364E10
1.8251E11
56234 8 3
1.25E10
1.8552E11
56234 8 2
1.309E10
1.8639E11
56234 8 2
1.273E10
1.8261E11
56234 8 2
1.351E10
1.8798E11
56234 8 2
1.258E10
1.9112E11
56234 8 2
1.354E10
1.8523E11
56234 8 2
1.288E10
1.8785E11
56234 8 3
1.243E10
1.9375E11
56234 8 2
1.257E10
1.9188E11
56234 8 2
1.273E10
1.9073E11
56234 8 2
1.325E10
1.8658E11
56234 8 2
1.257E10
1.8868E11
56234 8 2
1.318E10
1.9769E11
56234 8 2
1.35E10
1.9721E11
56234 8 3
1.291E10
1.9427E11
56234 8 2
1.24E10
1.9611E11
56234 8 2
1.26E10
1.9504E11
56234 8 2
1.273E10
2.0133E11
56234 8 2
1.259E10
2.0037E11
56234 8 3
1.276E10
2.0401E11
56234 8 2
1.291E10
1.9985E11
56234 8 2
1.277E10
1.9586E11
56234 8 2
1.339E10
1.959E11
56234 8 2
1.315E10
2.0661E11
56234 8 2
1.243E10
1.9628E11
56234 8 2
1.323E10
2.0272E11
100000 8 2
2.976E10
5.7772E11
100000 8 3
2.839E10
5.9806E11
100000 8 3
2.951E10
6.3216E11
100000 8 3
2.924E10
6.1511E11
100000 8 2
2.917E10
6.1777E11
100000 8 3
3.144E10
6.2156E11
100000 8 3
2.937E10
6.3321E11
100000 8 3
2.901E10
6.2645E11
100000 8 3
2.97E10
6.4768E11
100000 8 3
2.842E10
6.5068E11
100000 8 3
2.973E10
6.5526E11
100000 8 2
3.03E10
6.5153E11
100000 8 3
2.958E10
6.7635E11
100000 8 3
2.964E10
6.8876E11
100000 8 3
2.991E10
6.7094E11
100000 8 2
2.885E10
6.8525E11
100000 8 3
2.978E10
6.8222E11
100000 8 3
3.011E10
6.8196E11
100000 8 3
3.376E10
6.8024E11
100000 8 2
3.114E10
6.7424E11
100000 8 3
3.043E10
7.003E11
100000 8 2
2.956E10
7.0572E11
100000 8 3
3.016E10
7.1685E11
100000 8 3
3.062E10
7.1227E11
100000 8 2
3.012E10
7.1524E11
100000 8 2
3.456E10
7.1473E11
100000 8 3
3.001E10
7.2724E11
100000 8 2
3.036E10
7.2053E11
100000 8 3
3.067E10
7.278E11
100000 8 2
2.765E10
7.3937E11
100000 8 2
3.443E10
7.2658E11
100000 8 2
3.043E10
7.3562E11
