100 8 1
546875.0
429687.5
100 8 1
507812.5
429687.5
100 8 1
585937.5
468750.0
100 8 1
585937.5
429687.5
100 8 1
546875.0
429687.5
100 8 1
585937.5
468750.0
100 8 1
585937.5
468750.0
100 8 1
585937.5
468750.0
100 8 1
585937.5
429687.5
100 8 1
585937.5
468750.0
100 8 1
625000.0
468750.0
100 8 1
585937.5
429687.5
100 8 1
507812.5
468750.0
100 8 1
585937.5
429687.5
100 8 1
585937.5
429687.5
100 8 1
468750.0
410156.25
100 8 1
585937.5
390625.0
100 8 1
585937.5
449218.75
100 8 1
546875.0
429687.5
100 8 1
625000.0
410156.25
100 8 1
546875.0
429687.5
100 8 1
585937.5
410156.25
100 8 1
546875.0
410156.25
100 8 1
546875.0
390625.0
100 8 1
546875.0
390625.0
100 8 1
585937.5
390625.0
100 8 1
546875.0
390625.0
100 8 1
546875.0
410156.25
100 8 1
664062.5
410156.25
100 8 1
585937.5
390625.0
100 8 1
585937.5
390625.0
100 8 1
585937.5
390625.0
177 8 1
1406250.0
1171875.0
177 8 1
1406250.0
1093750.0
177 8 1
1406250.0
1093750.0
177 8 1
1484375.0
1015625.0
177 8 1
1406250.0
1093750.0
177 8 1
1484375.0
1015625.0
177 8 1
1484375.0
1093750.0
177 8 1
1562500.0
1015625.0
177 8 1
1562500.0
937500.0
177 8 1
1718750.0
1015625.0
177 8 1
1484375.0
1015625.0
177 8 1
1484375.0
1093750.0
177 8 1
1406250.0
1015625.0
177 8 1
1484375.0
1015625.0
177 8 1
1406250.0
1015625.0
177 8 1
1484375.0
1015625.0
177 8 1
1484375.0
1015625.0
177 8 1
1562500.0
1015625.0
177 8 1
1484375.0
1093750.0
177 8 1
1562500.0
1093750.0
177 8 1
1484375.0
1015625.0
177 8 1
1562500.0
937500.0
177 8 1
1484375.0
937500.0
177 8 1
1562500.0
1015625.0
177 8 1
1562500.0
1015625.0
177 8 1
1484375.0
1015625.0
177 8 1
1406250.0
1015625.0
177 8 1
1640625.0
1015625.0
177 8 1
1484375.0
937500.0
177 8 1
1562500.0
937500.0
177 8 1
1484375.0
1015625.0
177 8 1
1484375.0
1015625.0
316 8 2
3750000.0
3750000.0
316 8 1
3750000.0
3750000.0
316 8 1
3750000.0
3437500.0
316 8 1
4062500.0
4062500.0
316 8 1
4062500.0
3750000.0
316 8 1
3750000.0
4062500.0
316 8 1
4062500.0
3750000.0
316 8 1
4062500.0
3593750.0
316 8 1
4062500.0
3437500.0
316 8 1
3437500.0
6562500.0
316 8 1
4062500.0
6875000.0
316 8 1
4375000.0
3750000.0
316 8 1
3750000.0
5312500.0
316 8 1
4062500.0
2968750.0
316 8 1
4062500.0
5312500.0
316 8 1
3750000.0
3750000.0
316 8 1
4062500.0
3125000.0
316 8 1
3437500.0
5625000.0
316 8 1
3750000.0
2812500.0
316 8 1
3750000.0
2812500.0
316 8 1
4375000.0
2812500.0
316 8 1
4062500.0
2812500.0
316 8 1
4062500.0
2968750.0
316 8 1
4062500.0
2500000.0
316 8 1
4375000.0
2656250.0
562 8 1
1.875E7
8750000.0
316 8 1
3750000.0
2968750.0
316 8 1
4062500.0
2656250.0
316 8 1
4375000.0
2812500.0
316 8 1
4375000.0
2812500.0
316 8 1
3750000.0
2968750.0
562 8 1
1.0E7
9375000.0
316 8 1
4375000.0
2812500.0
562 8 1
1.0E7
7500000.0
562 8 1
9375000.0
1.0E7
562 8 1
9375000.0
9375000.0
562 8 1
9375000.0
8750000.0
316 8 1
4062500.0
3281250.0
562 8 1
1.0E7
9375000.0
562 8 2
9375000.0
9375000.0
562 8 2
1.0E7
8750000.0
562 8 1
1.0625E7
8750000.0
562 8 1
1.0E7
8750000.0
562 8 1
1.0E7
8125000.0
562 8 1
1.0E7
8750000.0
562 8 1
1.0E7
8125000.0
562 8 1
1.125E7
8750000.0
562 8 1
9375000.0
8750000.0
562 8 1
8750000.0
8750000.0
562 8 1
1.0E7
8750000.0
562 8 2
1.0E7
8125000.0
562 8 1
1.0E7
8125000.0
562 8 1
1.125E7
9375000.0
562 8 1
9375000.0
9375000.0
562 8 1
9375000.0
9375000.0
1000 8 1
2.75E7
3.25E7
562 8 1
1.0E7
8750000.0
562 8 1
1.0E7
8750000.0
562 8 1
1.0625E7
8750000.0
562 8 1
1.0E7
9375000.0
562 8 1
1.0E7
8750000.0
562 8 2
9375000.0
8125000.0
562 8 1
1.0E7
8750000.0
562 8 1
1.0E7
8750000.0
562 8 1
9375000.0
8125000.0
1000 8 1
2.375E7
2.75E7
1000 8 1
2.625E7
2.75E7
1000 8 2
2.5E7
2.375E7
1000 8 1
2.375E7
2.625E7
1000 8 1
2.75E7
2.375E7
1000 8 1
2.75E7
3.25E7
1000 8 1
2.5E7
2.75E7
1000 8 2
2.75E7
2.5E7
1000 8 1
2.625E7
2.5E7
1000 8 1
2.5E7
2.375E7
1000 8 1
2.625E7
2.625E7
1000 8 1
2.75E7
2.5E7
1000 8 1
2.5E7
2.5E7
1000 8 2
2.5E7
3.5E7
1000 8 2
2.625E7
3.375E7
1000 8 1
2.5E7
3.0E7
1000 8 1
2.5E7
4.25E7
1000 8 1
2.5E7
3.875E7
1000 8 1
2.5E7
3.0E7
1000 8 2
2.5E7
3.5E7
1000 8 1
2.625E7
3.375E7
1000 8 2
2.625E7
2.75E7
1000 8 1
2.75E7
2.5E7
1778 8 2
6.5E7
7.5E7
1778 8 2
6.5E7
1.3E8
1000 8 2
2.75E7
3.125E7
1000 8 1
2.875E7
2.75E7
1000 8 1
2.625E7
3.5E7
1000 8 2
2.625E7
3.75E7
1000 8 1
2.625E7
2.5E7
1778 8 2
6.5E7
1.1E8
1778 8 2
6.0E7
1.45E8
1000 8 1
2.875E7
4.5E7
1000 8 1
2.75E7
3.25E7
1778 8 2
9.0E7
1.1E8
1000 8 1
2.75E7
2.625E7
1778 8 1
7.0E7
1.4E8
1778 8 2
6.5E7
1.0E8
1778 8 1
8.5E7
1.3E8
1778 8 1
6.5E7
8.0E7
1778 8 1
6.5E7
7.5E7
1778 8 1
6.5E7
7.5E7
1778 8 2
6.5E7
8.0E7
1778 8 2
6.5E7
7.5E7
1778 8 2
7.0E7
7.5E7
1778 8 2
6.5E7
7.5E7
1778 8 1
6.0E7
8.0E7
1778 8 2
8.0E7
9.0E7
1778 8 2
7.0E7
1.05E8
1778 8 2
8.0E7
9.5E7
1778 8 1
6.5E7
1.05E8
1778 8 2
6.5E7
8.0E7
1778 8 2
6.5E7
7.5E7
1778 8 2
7.0E7
1.1E8
1778 8 1
6.5E7
7.5E7
1778 8 1
6.0E7
1.05E8
1778 8 2
6.5E7
7.5E7
1778 8 2
6.5E7
8.0E7
1778 8 2
6.0E7
7.5E7
1778 8 2
6.0E7
1.1E8
1778 8 2
6.5E7
1.2E8
1778 8 2
6.5E7
9.0E7
3162 8 2
1.6E8
2.7E8
3162 8 2
1.5E8
2.7E8
1778 8 1
6.5E7
1.15E8
3162 8 2
1.7E8
3.0E8
3162 8 2
1.6E8
2.2E8
3162 8 2
1.7E8
3.4E8
3162 8 2
1.7E8
2.1E8
3162 8 2
1.6E8
2.1E8
3162 8 2
1.6E8
3.9E8
3162 8 2
1.6E8
2.2E8
3162 8 2
1.7E8
4.1E8
3162 8 2
1.7E8
2.8E8
3162 8 2
1.6E8
2.8E8
3162 8 2
1.7E8
4.5E8
3162 8 2
1.5E8
4.6E8
3162 8 2
2.0E8
2.9E8
3162 8 2
1.6E8
2.8E8
3162 8 2
1.7E8
2.3E8
3162 8 2
1.7E8
2.7E8
3162 8 2
1.5E8
2.3E8
3162 8 2
1.6E8
2.2E8
3162 8 2
1.7E8
2.8E8
3162 8 2
1.8E8
2.6E8
3162 8 2
1.8E8
2.6E8
3162 8 2
1.9E8
2.5E8
3162 8 2
1.6E8
4.0E8
3162 8 1
1.6E8
3.9E8
3162 8 1
2.1E8
3.5E8
3162 8 2
2.3E8
3.3E8
3162 8 2
1.7E8
2.7E8
3162 8 2
1.6E8
2.4E8
3162 8 2
1.6E8
2.2E8
3162 8 1
1.5E8
2.3E8
5623 8 2
3.9E8
7.9E8
5623 8 2
3.8E8
8.7E8
5623 8 2
3.9E8
8.6E8
5623 8 2
3.9E8
9.8E8
5623 8 2
3.8E8
8.6E8
5623 8 2
3.8E8
1.04E9
5623 8 2
4.0E8
1.03E9
5623 8 2
4.2E8
1.03E9
5623 8 2
4.2E8
9.0E8
5623 8 2
4.5E8
9.3E8
5623 8 2
4.0E8
1.25E9
5623 8 2
4.5E8
8.5E8
5623 8 2
3.9E8
1.41E9
5623 8 2
4.8E8
9.6E8
5623 8 2
4.2E8
8.4E8
5623 8 2
3.9E8
1.27E9
5623 8 2
4.6E8
9.3E8
5623 8 2
3.9E8
1.18E9
5623 8 2
4.0E8
1.26E9
5623 8 2
3.8E8
1.46E9
5623 8 2
3.8E8
1.37E9
5623 8 2
5.0E8
1.18E9
5623 8 2
3.9E8
1.7E9
5623 8 2
3.8E8
1.73E9
5623 8 2
4.9E8
1.17E9
5623 8 2
4.6E8
1.52E9
5623 8 2
4.4E8
1.32E9
5623 8 2
3.9E8
1.76E9
5623 8 2
5.1E8
1.41E9
5623 8 2
5.5E8
1.48E9
5623 8 2
4.3E8
1.59E9
5623 8 2
6.3E8
1.45E9
10000 8 2
9.2E8
3.09E9
10000 8 2
9.6E8
3.27E9
10000 8 2
9.4E8
3.39E9
10000 8 2
9.3E8
3.22E9
10000 8 2
9.7E8
3.63E9
10000 8 2
9.4E8
3.29E9
10000 8 2
9.5E8
3.36E9
10000 8 2
9.4E8
3.51E9
10000 8 2
9.4E8
3.69E9
10000 8 2
9.4E8
3.13E9
10000 8 2
9.2E8
3.43E9
10000 8 2
1.06E9
3.02E9
10000 8 2
1.0E9
3.17E9
10000 8 2
9.9E8
3.04E9
10000 8 2
9.4E8
3.91E9
10000 8 2
9.1E8
3.7E9
10000 8 2
9.2E8
4.07E9
10000 8 2
9.4E8
4.03E9
10000 8 2
9.4E8
3.89E9
10000 8 2
9.2E8
4.59E9
10000 8 2
9.4E8
3.59E9
10000 8 2
9.4E8
4.7E9
10000 8 2
1.17E9
3.41E9
10000 8 2
1.26E9
3.62E9
10000 8 2
9.6E8
4.34E9
10000 8 2
9.8E8
4.39E9
10000 8 2
1.0E9
4.69E9
10000 8 2
9.3E8
4.89E9
10000 8 2
1.12E9
4.44E9
10000 8 2
1.13E9
4.11E9
10000 8 2
1.07E9
4.55E9
10000 8 2
1.03E9
4.27E9
17782 8 2
2.29E9
1.14E10
17782 8 2
2.31E9
1.327E10
17782 8 2
2.19E9
1.307E10
17782 8 2
2.51E9
1.335E10
17782 8 2
2.28E9
1.402E10
17782 8 2
2.29E9
1.362E10
17782 8 2
2.5E9
1.521E10
17782 8 2
2.22E9
1.504E10
17782 8 2
2.22E9
1.507E10
17782 8 2
2.24E9
1.437E10
17782 8 2
2.27E9
1.636E10
17782 8 2
2.33E9
1.445E10
17782 8 2
2.2E9
1.509E10
17782 8 2
2.62E9
1.515E10
17782 8 2
2.31E9
1.423E10
17782 8 2
2.37E9
1.419E10
17782 8 2
2.19E9
1.589E10
17782 8 2
2.43E9
1.529E10
17782 8 2
2.38E9
1.497E10
17782 8 2
2.2E9
1.583E10
17782 8 2
2.34E9
1.492E10
17782 8 2
2.51E9
1.587E10
17782 8 2
2.34E9
1.583E10
17782 8 2
2.5E9
1.562E10
17782 8 2
2.18E9
1.569E10
17782 8 2
2.22E9
1.593E10
17782 8 2
2.28E9
1.682E10
17782 8 2
2.39E9
1.587E10
17782 8 2
2.51E9
1.557E10
17782 8 2
2.23E9
1.704E10
17782 8 2
2.53E9
1.536E10
17782 8 2
2.56E9
1.489E10
31622 8 2
5.24E9
4.474E10
31622 8 2
6.59E9
4.368E10
31622 8 2
5.04E9
4.874E10
31622 8 2
5.14E9
5.191E10
31622 8 2
5.03E9
5.44E10
31622 8 2
5.48E9
5.108E10
31622 8 2
5.31E9
5.358E10
31622 8 2
5.44E9
5.237E10
31622 8 2
5.06E9
5.55E10
31622 8 2
5.37E9
5.437E10
31622 8 2
5.25E9
6.234E10
31622 8 2
5.08E9
5.69E10
31622 8 2
5.5E9
5.43E10
31622 8 2
5.13E9
5.634E10
31622 8 2
5.29E9
5.92E10
31622 8 2
5.28E9
5.632E10
31622 8 2
5.34E9
5.666E10
31622 8 2
5.29E9
5.901E10
31622 8 2
5.23E9
5.781E10
31622 8 2
5.32E9
5.732E10
31622 8 2
5.97E9
5.442E10
31622 8 2
5.33E9
5.646E10
31622 8 2
5.45E9
6.087E10
31622 8 2
5.63E9
5.839E10
31622 8 2
5.0E9
6.194E10
31622 8 2
5.25E9
6.286E10
31622 8 2
5.7E9
5.946E10
31622 8 2
5.35E9
6.248E10
31622 8 2
5.12E9
6.069E10
31622 8 2
5.61E9
5.987E10
31622 8 2
5.36E9
6.162E10
31622 8 2
5.29E9
6.519E10
56234 8 2
1.305E10
1.4973E11
56234 8 2
1.287E10
1.6234E11
56234 8 2
1.256E10
1.5282E11
56234 8 2
1.27E10
1.6234E11
56234 8 2
1.392E10
1.5528E11
56234 8 2
1.243E10
1.5987E11
56234 8 2
1.331E10
1.5306E11
56234 8 2
1.273E10
1.5557E11
56234 8 2
1.267E10
1.5756E11
56234 8 2
1.278E10
1.7105E11
56234 8 2
1.252E10
1.7071E11
56234 8 2
1.238E10
1.7723E11
56234 8 2
1.296E10
1.86E11
56234 8 2
1.278E10
1.8532E11
56234 8 2
1.26E10
1.8043E11
56234 8 2
1.268E10
1.884E11
56234 8 2
1.529E10
1.8659E11
56234 8 2
1.299E10
1.898E11
56234 8 2
1.419E10
1.9191E11
56234 8 2
1.331E10
1.9163E11
56234 8 2
1.267E10
1.9577E11
56234 8 2
1.422E10
1.9299E11
56234 8 2
1.283E10
2.0675E11
56234 8 2
1.425E10
1.9965E11
56234 8 2
1.54E10
2.0514E11
56234 8 2
1.582E10
2.016E11
56234 8 2
1.42E10
2.0363E11
56234 8 2
1.233E10
2.1562E11
56234 8 2
1.358E10
2.159E11
56234 8 2
1.3E10
2.1663E11
56234 8 2
1.337E10
2.1813E11
56234 8 2
1.412E10
2.2709E11
100000 8 2
3.042E10
5.9724E11
100000 8 2
3.123E10
5.9064E11
100000 8 2
3.071E10
6.7076E11
100000 8 2
2.95E10
6.2353E11
100000 8 2
3.011E10
6.7041E11
100000 8 2
3.478E10
7.0938E11
100000 8 2
2.998E10
6.8829E11
100000 8 2
2.988E10
6.8214E11
100000 8 2
3.427E10
7.2156E11
100000 8 2
3.049E10
6.9018E11
100000 8 2
2.972E10
6.8855E11
100000 8 2
3.079E10
7.4441E11
100000 8 2
3.078E10
7.4242E11
100000 8 2
2.949E10
6.9183E11
100000 8 2
3.138E10
7.4687E11
100000 8 2
2.989E10
7.4408E11
100000 8 2
3.243E10
7.1877E11
100000 8 2
3.042E10
7.0271E11
100000 8 2
3.031E10
7.5074E11
100000 8 2
2.977E10
7.1264E11
100000 8 2
3.134E10
7.6783E11
100000 8 2
3.005E10
7.4037E11
100000 8 2
3.066E10
7.7813E11
100000 8 2
3.061E10
7.4709E11
100000 8 2
3.02E10
7.2576E11
100000 8 2
3.106E10
7.4528E11
100000 8 2
3.07E10
7.2709E11
100000 8 2
3.006E10
7.862E11
100000 8 2
3.047E10
7.5558E11
100000 8 2
3.052E10
7.2392E11
100000 8 2
3.054E10
7.6106E11
100000 8 2
3.085E10
7.6511E11
