100 6 2
546875.0
429687.5
100 6 1
546875.0
429687.5
100 6 1
546875.0
429687.5
100 6 1
585937.5
468750.0
100 6 1
585937.5
429687.5
100 6 1
546875.0
429687.5
100 6 2
585937.5
468750.0
100 6 1
507812.5
429687.5
100 6 1
546875.0
429687.5
100 6 1
546875.0
429687.5
100 6 2
546875.0
429687.5
100 6 2
546875.0
429687.5
100 6 2
546875.0
468750.0
100 6 2
546875.0
371093.75
100 6 2
546875.0
351562.5
100 6 2
546875.0
351562.5
100 6 2
468750.0
390625.0
100 6 1
546875.0
371093.75
100 6 2
546875.0
371093.75
100 6 2
546875.0
410156.25
100 6 1
546875.0
371093.75
100 6 2
546875.0
371093.75
100 6 2
546875.0
371093.75
100 6 2
546875.0
371093.75
100 6 1
546875.0
371093.75
100 6 1
585937.5
371093.75
100 6 1
507812.5
390625.0
100 6 1
585937.5
410156.25
100 6 2
546875.0
410156.25
100 6 2
546875.0
390625.0
100 6 1
546875.0
390625.0
100 6 2
585937.5
390625.0
177 6 2
1406250.0
1015625.0
177 6 2
1406250.0
1093750.0
177 6 2
1328125.0
1015625.0
177 6 2
1328125.0
1015625.0
177 6 2
1406250.0
1015625.0
177 6 2
1406250.0
1015625.0
177 6 2
1406250.0
1093750.0
177 6 2
1328125.0
1171875.0
177 6 1
1406250.0
1093750.0
177 6 2
1406250.0
1093750.0
177 6 2
1406250.0
1093750.0
177 6 2
1406250.0
1171875.0
177 6 2
1406250.0
1093750.0
177 6 2
1406250.0
1015625.0
177 6 2
1328125.0
1015625.0
177 6 2
1328125.0
1015625.0
177 6 2
1328125.0
1015625.0
177 6 2
1328125.0
1015625.0
177 6 2
1406250.0
1015625.0
177 6 2
1406250.0
1015625.0
177 6 2
1406250.0
937500.0
177 6 2
1406250.0
1093750.0
177 6 2
1406250.0
1015625.0
177 6 2
1328125.0
1093750.0
177 6 2
1328125.0
1093750.0
177 6 2
1328125.0
1093750.0
177 6 2
1484375.0
1093750.0
177 6 2
1406250.0
1015625.0
177 6 2
1406250.0
1015625.0
177 6 2
1406250.0
1015625.0
177 6 2
1484375.0
1093750.0
177 6 2
1406250.0
1093750.0
316 6 2
3750000.0
3125000.0
316 6 2
3437500.0
3750000.0
316 6 2
3437500.0
3125000.0
316 6 2
3750000.0
3593750.0
316 6 2
3437500.0
3906250.0
316 6 2
3437500.0
3750000.0
316 6 2
3437500.0
3437500.0
316 6 2
3437500.0
3437500.0
316 6 2
3437500.0
3437500.0
316 6 2
3437500.0
3437500.0
316 6 2
3437500.0
3437500.0
316 6 2
3437500.0
3593750.0
316 6 2
3750000.0
4375000.0
316 6 2
3437500.0
3437500.0
316 6 2
3750000.0
3437500.0
316 6 2
3437500.0
3281250.0
316 6 2
3750000.0
3437500.0
316 6 2
3750000.0
3437500.0
316 6 2
3750000.0
3437500.0
316 6 2
3750000.0
3906250.0
316 6 2
3437500.0
3281250.0
316 6 2
3437500.0
3437500.0
316 6 2
3437500.0
4062500.0
316 6 2
3593750.0
4062500.0
316 6 2
3437500.0
3125000.0
316 6 2
3437500.0
3750000.0
316 6 2
3437500.0
2968750.0
316 6 2
3437500.0
2812500.0
316 6 2
4062500.0
2812500.0
316 6 2
4062500.0
2968750.0
316 6 2
4062500.0
3125000.0
316 6 2
3437500.0
3125000.0
562 6 2
8750000.0
8750000.0
562 6 2
8750000.0
9375000.0
562 6 2
8125000.0
1.0625E7
562 6 2
8750000.0
9375000.0
562 6 2
8125000.0
9375000.0
562 6 2
8750000.0
8750000.0
562 6 2
8125000.0
1.0E7
562 6 2
8125000.0
1.0E7
562 6 2
8750000.0
9375000.0
562 6 2
8750000.0
1.0625E7
562 6 2
8750000.0
1.0E7
562 6 2
8750000.0
1.0E7
562 6 2
8125000.0
1.0E7
562 6 2
8125000.0
1.0625E7
562 6 2
8750000.0
1.0E7
562 6 2
8750000.0
9375000.0
562 6 2
8750000.0
1.125E7
562 6 2
8750000.0
1.0E7
562 6 2
8750000.0
9375000.0
562 6 3
8750000.0
1.0625E7
562 6 2
8750000.0
9375000.0
562 6 2
8750000.0
8750000.0
562 6 2
8750000.0
8750000.0
562 6 2
8750000.0
8750000.0
562 6 2
8750000.0
1.0E7
562 6 2
8750000.0
8125000.0
562 6 2
9375000.0
8125000.0
562 6 2
8750000.0
8125000.0
562 6 2
8750000.0
8750000.0
562 6 2
8750000.0
8750000.0
562 6 2
9375000.0
7500000.0
562 6 2
8125000.0
8125000.0
1000 6 2
2.0E7
3.75E7
1000 6 2
2.0E7
3.25E7
1000 6 2
2.0E7
2.75E7
1000 6 2
2.125E7
2.75E7
1000 6 2
2.0E7
2.75E7
1000 6 2
2.0E7
2.75E7
1000 6 2
2.0E7
3.0E7
1000 6 2
2.125E7
3.25E7
1000 6 2
2.0E7
2.75E7
1000 6 2
2.0E7
3.25E7
1000 6 2
2.125E7
3.5E7
1000 6 2
2.0E7
2.75E7
1000 6 2
2.0E7
3.0E7
1000 6 2
2.125E7
3.25E7
1000 6 2
2.0E7
3.25E7
1000 6 3
2.125E7
3.0E7
1000 6 2
2.0E7
3.25E7
1000 6 2
1.875E7
3.0E7
1000 6 2
2.0E7
3.0E7
1000 6 2
2.0E7
2.75E7
1000 6 2
2.0E7
2.75E7
1000 6 2
2.0E7
2.375E7
1000 6 2
2.0E7
2.375E7
1000 6 2
2.625E7
2.75E7
1000 6 2
2.125E7
2.5E7
1000 6 2
2.125E7
2.625E7
1000 6 2
2.125E7
2.5E7
1000 6 2
2.75E7
2.5E7
1778 6 3
5.5E7
7.0E7
1000 6 2
2.25E7
2.125E7
1000 6 2
2.125E7
2.375E7
1778 6 2
5.5E7
7.0E7
1000 6 2
2.25E7
2.5E7
1778 6 2
5.5E7
8.0E7
1778 6 2
5.0E7
1.1E8
1000 6 2
2.0E7
2.625E7
1778 6 3
5.0E7
1.1E8
1778 6 3
5.0E7
7.5E7
1778 6 3
5.0E7
8.0E7
1778 6 3
5.0E7
7.5E7
1778 6 2
5.0E7
7.5E7
1778 6 3
5.0E7
7.5E7
1778 6 2
4.75E7
8.0E7
1778 6 2
4.75E7
8.0E7
1778 6 2
5.0E7
7.0E7
1778 6 3
4.75E7
7.0E7
1778 6 2
4.5E7
8.0E7
1778 6 2
5.25E7
7.5E7
1778 6 2
4.75E7
8.0E7
1778 6 2
4.75E7
8.5E7
1778 6 2
5.0E7
7.5E7
1778 6 2
5.25E7
8.0E7
1778 6 2
5.5E7
7.5E7
1778 6 2
5.5E7
6.5E7
1778 6 3
5.0E7
7.5E7
1778 6 2
5.0E7
7.0E7
1778 6 2
5.5E7
7.0E7
1778 6 2
4.75E7
7.5E7
3162 6 3
1.3E8
2.3E8
3162 6 3
1.2E8
2.5E8
1778 6 3
5.0E7
8.0E7
1778 6 2
5.0E7
8.0E7
3162 6 3
1.2E8
2.5E8
3162 6 3
1.2E8
2.5E8
1778 6 2
4.75E7
7.5E7
1778 6 2
4.75E7
7.5E7
1778 6 2
5.0E7
8.5E7
1778 6 2
4.75E7
8.5E7
3162 6 3
1.2E8
2.9E8
3162 6 3
1.2E8
2.6E8
3162 6 3
1.2E8
2.8E8
3162 6 3
1.1E8
2.9E8
3162 6 3
1.2E8
2.7E8
3162 6 2
1.1E8
2.6E8
3162 6 3
1.1E8
2.9E8
3162 6 3
1.2E8
2.5E8
3162 6 3
1.2E8
2.6E8
3162 6 3
1.3E8
3.0E8
3162 6 3
1.3E8
2.7E8
3162 6 3
1.2E8
3.1E8
3162 6 3
1.1E8
2.7E8
3162 6 3
1.3E8
3.2E8
3162 6 3
1.3E8
3.2E8
3162 6 3
1.2E8
3.2E8
3162 6 3
1.2E8
3.2E8
3162 6 2
1.2E8
2.3E8
3162 6 3
1.4E8
3.0E8
3162 6 3
1.3E8
2.9E8
3162 6 3
1.3E8
2.4E8
3162 6 3
1.3E8
2.5E8
3162 6 3
1.3E8
2.2E8
3162 6 3
1.2E8
2.2E8
3162 6 3
1.3E8
2.3E8
3162 6 3
1.2E8
2.4E8
3162 6 3
1.2E8
2.2E8
3162 6 3
1.1E8
2.2E8
5623 6 3
2.7E8
8.7E8
5623 6 3
2.7E8
8.9E8
5623 6 3
2.6E8
9.1E8
5623 6 3
2.7E8
9.0E8
5623 6 3
2.6E8
9.0E8
5623 6 3
2.6E8
8.6E8
5623 6 3
2.7E8
8.7E8
5623 6 3
2.7E8
8.9E8
5623 6 3
2.6E8
8.8E8
5623 6 3
2.8E8
9.1E8
5623 6 3
2.8E8
9.2E8
5623 6 3
2.6E8
9.3E8
5623 6 3
2.6E8
8.6E8
5623 6 3
2.7E8
9.4E8
5623 6 3
2.6E8
9.6E8
5623 6 3
2.7E8
9.8E8
5623 6 3
2.7E8
9.0E8
5623 6 3
2.6E8
9.4E8
5623 6 3
2.7E8
9.2E8
5623 6 3
2.6E8
9.1E8
5623 6 3
2.8E8
8.7E8
5623 6 3
2.8E8
8.8E8
5623 6 3
2.6E8
1.09E9
5623 6 3
3.0E8
8.3E8
5623 6 3
2.7E8
1.05E9
5623 6 3
2.7E8
1.04E9
5623 6 3
2.6E8
1.06E9
5623 6 3
3.5E8
8.2E8
5623 6 3
2.7E8
1.06E9
5623 6 3
2.7E8
1.04E9
5623 6 3
3.0E8
1.03E9
5623 6 3
2.9E8
1.03E9
10000 6 3
5.9E8
2.74E9
10000 6 3
6.1E8
2.76E9
10000 6 3
5.9E8
2.73E9
10000 6 3
6.4E8
2.95E9
10000 6 3
6.0E8
3.0E9
10000 6 3
5.7E8
3.08E9
10000 6 3
6.5E8
3.18E9
10000 6 3
6.3E8
3.01E9
10000 6 3
6.1E8
3.11E9
10000 6 3
6.5E8
3.12E9
10000 6 3
5.9E8
2.99E9
10000 6 3
5.7E8
3.13E9
10000 6 3
5.6E8
3.14E9
10000 6 3
5.7E8
3.18E9
10000 6 3
6.4E8
3.22E9
10000 6 3
5.9E8
3.21E9
10000 6 3
6.3E8
3.2E9
10000 6 3
6.1E8
3.18E9
10000 6 3
6.3E8
3.1E9
10000 6 3
6.6E8
2.86E9
10000 6 3
6.4E8
3.01E9
10000 6 3
5.9E8
3.11E9
10000 6 3
6.1E8
3.27E9
10000 6 3
6.1E8
3.32E9
10000 6 3
6.3E8
3.45E9
10000 6 3
6.4E8
3.3E9
10000 6 3
6.3E8
3.36E9
10000 6 3
6.3E8
3.37E9
10000 6 3
6.4E8
3.49E9
10000 6 3
6.2E8
3.52E9
10000 6 3
6.6E8
2.91E9
10000 6 3
6.9E8
3.17E9
17782 6 3
1.6E9
8.61E9
17782 6 4
1.35E9
9.96E9
17782 6 3
1.38E9
1.031E10
17782 6 3
1.42E9
1.026E10
17782 6 4
1.43E9
1.076E10
17782 6 3
1.36E9
1.032E10
17782 6 3
1.42E9
1.064E10
17782 6 4
1.52E9
1.069E10
17782 6 3
1.3E9
1.092E10
17782 6 3
1.4E9
1.062E10
17782 6 3
1.45E9
1.07E10
17782 6 3
1.45E9
1.102E10
17782 6 3
1.31E9
1.142E10
17782 6 3
1.44E9
1.11E10
17782 6 3
1.56E9
1.07E10
17782 6 3
1.4E9
1.104E10
17782 6 3
1.45E9
1.118E10
17782 6 4
1.48E9
1.092E10
17782 6 3
1.41E9
1.15E10
17782 6 3
1.4E9
1.061E10
17782 6 3
1.31E9
1.156E10
17782 6 3
1.42E9
1.082E10
17782 6 3
1.54E9
1.071E10
17782 6 3
1.44E9
1.099E10
17782 6 3
1.39E9
1.111E10
17782 6 3
1.39E9
1.134E10
17782 6 4
1.42E9
1.085E10
17782 6 3
1.41E9
1.088E10
17782 6 3
1.34E9
1.166E10
17782 6 3
1.37E9
1.155E10
17782 6 3
1.46E9
1.178E10
17782 6 3
1.61E9
1.132E10
31622 6 4
3.22E9
3.552E10
31622 6 4
3.12E9
3.493E10
31622 6 3
2.96E9
3.685E10
31622 6 4
3.03E9
3.694E10
31622 6 4
3.06E9
3.681E10
31622 6 4
3.49E9
3.579E10
31622 6 4
3.23E9
3.744E10
31622 6 3
3.14E9
3.908E10
31622 6 4
3.12E9
4.014E10
31622 6 4
3.34E9
3.982E10
31622 6 4
3.16E9
4.124E10
31622 6 4
3.0E9
4.08E10
31622 6 3
3.18E9
4.298E10
31622 6 4
3.4E9
4.078E10
31622 6 4
3.04E9
4.214E10
31622 6 3
3.1E9
4.324E10
31622 6 4
3.45E9
4.152E10
31622 6 4
3.37E9
4.258E10
31622 6 4
3.26E9
4.282E10
31622 6 4
3.06E9
4.398E10
31622 6 4
3.27E9
4.34E10
31622 6 4
3.2E9
4.397E10
31622 6 4
3.09E9
4.394E10
31622 6 4
3.11E9
4.372E10
31622 6 4
3.3E9
4.354E10
31622 6 4
3.22E9
4.518E10
31622 6 4
3.06E9
4.52E10
31622 6 4
3.48E9
4.411E10
31622 6 4
3.04E9
4.592E10
31622 6 4
3.43E9
4.572E10
31622 6 4
3.38E9
4.605E10
31622 6 4
3.28E9
4.701E10
56234 6 4
7.11E9
1.3635E11
56234 6 4
7.16E9
1.3583E11
56234 6 4
7.09E9
1.3831E11
56234 6 4
7.51E9
1.4391E11
56234 6 4
7.61E9
1.4705E11
56234 6 4
7.37E9
1.4283E11
56234 6 4
7.16E9
1.4805E11
56234 6 4
7.19E9
1.4651E11
56234 6 4
7.25E9
1.3808E11
56234 6 4
7.09E9
1.4448E11
56234 6 4
8.79E9
1.4138E11
56234 6 5
7.15E9
1.4418E11
56234 6 4
7.41E9
1.4299E11
56234 6 4
7.47E9
1.4984E11
56234 6 4
7.31E9
1.4309E11
56234 6 4
7.39E9
1.5459E11
56234 6 4
7.74E9
1.4695E11
56234 6 4
7.83E9
1.5023E11
56234 6 4
7.41E9
1.4724E11
56234 6 4
7.29E9
1.4812E11
56234 6 4
8.11E9
1.4997E11
56234 6 4
7.29E9
1.5189E11
56234 6 4
7.38E9
1.477E11
56234 6 4
7.4E9
1.5323E11
56234 6 4
7.12E9
1.5387E11
56234 6 4
7.17E9
1.5589E11
56234 6 4
7.51E9
1.5093E11
56234 6 4
7.35E9
1.5034E11
56234 6 4
7.65E9
1.513E11
56234 6 4
7.23E9
1.5536E11
56234 6 4
7.73E9
1.5349E11
56234 6 4
7.47E9
1.5529E11
100000 6 4
1.719E10
4.5763E11
100000 6 4
1.63E10
4.5877E11
100000 6 4
1.732E10
4.656E11
100000 6 4
1.793E10
4.6173E11
100000 6 4
1.656E10
4.5083E11
100000 6 5
1.649E10
4.5819E11
100000 6 4
1.593E10
4.663E11
100000 6 4
1.612E10
4.7691E11
100000 6 5
1.617E10
4.7038E11
100000 6 4
1.723E10
4.7918E11
100000 6 5
1.696E10
4.7566E11
100000 6 4
1.658E10
4.7367E11
100000 6 4
1.787E10
4.6518E11
100000 6 4
1.615E10
4.8097E11
100000 6 4
1.639E10
4.6438E11
100000 6 4
1.774E10
4.8961E11
100000 6 4
1.604E10
4.7694E11
100000 6 4
1.83E10
4.833E11
100000 6 4
1.687E10
4.8366E11
100000 6 4
1.621E10
4.9373E11
100000 6 4
1.619E10
4.8435E11
100000 6 4
1.611E10
4.8798E11
100000 6 4
1.624E10
4.9345E11
100000 6 4
1.681E10
5.0026E11
100000 6 4
1.731E10
4.9998E11
100000 6 4
1.632E10
4.9767E11
100000 6 4
1.874E10
5.0138E11
100000 6 4
1.715E10
5.0446E11
100000 6 4
1.658E10
5.1267E11
100000 6 4
1.633E10
5.137E11
100000 6 4
1.658E10
5.3706E11
100000 6 4
1.759E10
5.1607E11
