100 7 1
468750.0
468750.0
100 7 1
546875.0
429687.5
100 7 1
585937.5
429687.5
100 7 1
585937.5
468750.0
100 7 1
546875.0
468750.0
100 7 1
546875.0
507812.5
100 7 1
585937.5
429687.5
100 7 1
507812.5
429687.5
100 7 1
625000.0
468750.0
100 7 1
585937.5
468750.0
100 7 1
585937.5
468750.0
100 7 1
546875.0
468750.0
100 7 1
546875.0
429687.5
100 7 1
625000.0
429687.5
100 7 1
625000.0
429687.5
100 7 1
546875.0
468750.0
100 7 1
585937.5
429687.5
100 7 1
585937.5
429687.5
100 7 1
546875.0
429687.5
100 7 1
507812.5
390625.0
100 7 1
507812.5
390625.0
100 7 1
585937.5
390625.0
100 7 1
546875.0
390625.0
100 7 2
585937.5
390625.0
100 7 1
546875.0
390625.0
100 7 1
546875.0
390625.0
100 7 1
585937.5
351562.5
100 7 1
585937.5
371093.75
100 7 2
625000.0
390625.0
100 7 2
585937.5
390625.0
100 7 1
585937.5
410156.25
100 7 1
585937.5
390625.0
177 7 1
1718750.0
1171875.0
177 7 1
1406250.0
1093750.0
177 7 1
1406250.0
1171875.0
177 7 1
1484375.0
1171875.0
177 7 1
1406250.0
1093750.0
177 7 1
1484375.0
1015625.0
177 7 2
1484375.0
1093750.0
177 7 2
1484375.0
1093750.0
177 7 1
1484375.0
1171875.0
177 7 1
1484375.0
1093750.0
177 7 1
1484375.0
1093750.0
177 7 2
1484375.0
1015625.0
177 7 1
1484375.0
1015625.0
177 7 2
1406250.0
1250000.0
177 7 1
1484375.0
1250000.0
177 7 1
1562500.0
1250000.0
177 7 2
1562500.0
1171875.0
177 7 1
1484375.0
1015625.0
177 7 1
1406250.0
1015625.0
177 7 1
1406250.0
1093750.0
177 7 1
1484375.0
937500.0
177 7 2
1484375.0
1093750.0
177 7 1
1406250.0
1093750.0
177 7 1
1406250.0
1093750.0
177 7 2
1484375.0
1015625.0
177 7 1
1406250.0
1093750.0
177 7 1
1484375.0
1093750.0
177 7 1
1406250.0
1093750.0
177 7 1
1484375.0
1015625.0
177 7 1
1484375.0
1015625.0
177 7 1
1562500.0
1171875.0
177 7 1
1562500.0
1093750.0
316 7 1
3750000.0
3750000.0
316 7 2
3750000.0
4062500.0
316 7 2
3750000.0
3750000.0
316 7 2
3750000.0
3437500.0
316 7 1
3750000.0
3750000.0
316 7 2
3750000.0
3750000.0
316 7 2
3750000.0
3437500.0
316 7 2
3750000.0
3437500.0
316 7 2
3437500.0
3437500.0
316 7 2
3437500.0
3437500.0
316 7 1
4062500.0
3437500.0
316 7 2
3750000.0
3125000.0
316 7 1
3750000.0
3281250.0
316 7 2
3750000.0
2656250.0
316 7 1
3750000.0
3281250.0
316 7 1
4062500.0
3281250.0
316 7 1
3750000.0
2812500.0
316 7 1
3750000.0
2812500.0
316 7 1
3750000.0
2812500.0
316 7 2
3437500.0
3125000.0
316 7 1
3750000.0
2968750.0
316 7 1
3437500.0
2968750.0
316 7 1
3437500.0
2656250.0
316 7 2
3750000.0
3125000.0
316 7 2
3750000.0
3125000.0
316 7 2
3750000.0
3125000.0
316 7 2
3437500.0
2968750.0
316 7 2
3437500.0
3437500.0
316 7 2
4375000.0
3437500.0
562 7 2
9375000.0
1.5E7
562 7 2
9375000.0
1.375E7
316 7 1
4062500.0
3906250.0
316 7 2
3750000.0
2968750.0
316 7 1
3437500.0
3437500.0
562 7 2
1.0E7
8750000.0
562 7 2
9375000.0
8750000.0
562 7 2
1.0E7
8750000.0
562 7 2
9375000.0
9375000.0
562 7 2
1.0E7
8750000.0
562 7 2
9375000.0
8125000.0
562 7 2
1.0625E7
9375000.0
562 7 2
9375000.0
8750000.0
562 7 2
1.0625E7
1.0E7
562 7 2
1.0E7
9375000.0
562 7 2
1.0E7
1.0E7
562 7 2
9375000.0
1.0E7
562 7 2
9375000.0
9375000.0
562 7 2
8750000.0
8750000.0
562 7 2
8750000.0
9375000.0
562 7 2
8750000.0
9375000.0
562 7 2
1.0E7
1.0E7
562 7 2
9375000.0
1.0E7
562 7 2
9375000.0
1.0625E7
562 7 2
1.0E7
8125000.0
562 7 2
9375000.0
9375000.0
562 7 2
1.125E7
9375000.0
562 7 2
1.0625E7
8750000.0
562 7 2
1.0625E7
8750000.0
562 7 2
8750000.0
8750000.0
562 7 2
9375000.0
8750000.0
562 7 2
1.0E7
7500000.0
562 7 2
8750000.0
8750000.0
562 7 2
9375000.0
8750000.0
562 7 2
1.0E7
8750000.0
1000 7 2
2.25E7
2.75E7
1000 7 2
2.125E7
2.75E7
1000 7 2
2.5E7
3.75E7
1000 7 2
2.375E7
3.75E7
1000 7 2
2.25E7
3.5E7
1000 7 2
2.125E7
3.0E7
1000 7 2
2.25E7
3.0E7
1000 7 2
2.125E7
2.5E7
1000 7 2
2.25E7
3.25E7
1000 7 2
2.25E7
3.25E7
1000 7 2
2.375E7
2.75E7
1000 7 2
2.75E7
3.0E7
1000 7 2
2.375E7
3.0E7
1000 7 2
2.25E7
3.375E7
1000 7 2
2.25E7
2.5E7
1000 7 2
2.25E7
3.25E7
1000 7 2
2.625E7
3.0E7
1000 7 2
2.25E7
2.5E7
1000 7 2
2.125E7
2.625E7
1000 7 2
2.625E7
2.75E7
1000 7 2
2.25E7
2.75E7
1000 7 2
2.375E7
3.0E7
1778 7 2
6.0E7
9.0E7
1000 7 2
2.375E7
3.25E7
1000 7 2
2.375E7
3.75E7
1000 7 2
2.25E7
3.375E7
1778 7 2
6.0E7
1.1E8
1000 7 2
2.25E7
3.0E7
1778 7 2
6.5E7
1.2E8
1000 7 2
2.625E7
3.0E7
1000 7 2
2.25E7
3.0E7
1778 7 2
6.0E7
9.5E7
1000 7 2
2.375E7
3.25E7
1000 7 2
2.5E7
3.0E7
1778 7 2
5.5E7
9.5E7
1778 7 2
6.5E7
8.0E7
1000 7 2
2.5E7
3.25E7
1778 7 2
6.0E7
9.5E7
1778 7 2
5.5E7
7.5E7
1000 7 2
3.375E7
3.0E7
1778 7 2
5.5E7
8.5E7
1778 7 2
6.0E7
8.5E7
1778 7 2
5.5E7
8.0E7
1778 7 2
6.0E7
1.1E8
1778 7 2
6.5E7
9.5E7
1778 7 2
7.0E7
8.5E7
1778 7 2
5.5E7
9.0E7
1778 7 2
5.5E7
1.1E8
1778 7 2
5.5E7
1.1E8
1778 7 2
6.0E7
9.5E7
1778 7 2
5.5E7
1.1E8
1778 7 2
5.5E7
1.0E8
1778 7 2
6.0E7
9.0E7
1778 7 2
6.0E7
9.0E7
1778 7 2
5.5E7
8.0E7
1778 7 2
6.0E7
9.5E7
1778 7 2
6.0E7
1.05E8
1778 7 2
6.0E7
1.0E8
1778 7 2
5.5E7
8.5E7
1778 7 2
6.5E7
1.1E8
1778 7 2
6.0E7
7.5E7
1778 7 2
5.5E7
7.5E7
1778 7 2
6.0E7
1.05E8
1778 7 2
5.5E7
8.0E7
3162 7 2
1.4E8
2.4E8
3162 7 2
1.4E8
2.5E8
3162 7 2
1.6E8
2.6E8
3162 7 2
1.4E8
3.1E8
3162 7 2
1.7E8
2.8E8
3162 7 2
1.4E8
2.9E8
3162 7 2
1.5E8
2.1E8
3162 7 2
1.5E8
2.8E8
3162 7 2
1.5E8
2.1E8
3162 7 2
1.6E8
2.7E8
3162 7 2
1.2E8
1.9E8
3162 7 2
1.3E8
2.5E8
3162 7 2
1.4E8
2.5E8
3162 7 2
1.4E8
2.3E8
3162 7 2
1.3E8
2.6E8
3162 7 2
1.3E8
2.7E8
3162 7 2
1.4E8
2.8E8
3162 7 2
1.3E8
2.7E8
3162 7 2
1.4E8
2.4E8
3162 7 2
1.3E8
2.0E8
3162 7 2
1.4E8
2.5E8
3162 7 2
1.3E8
4.1E8
3162 7 2
1.4E8
4.3E8
3162 7 2
1.3E8
2.4E8
3162 7 2
1.4E8
4.2E8
3162 7 2
1.3E8
4.6E8
3162 7 2
1.3E8
4.7E8
3162 7 2
1.4E8
4.7E8
3162 7 2
1.4E8
2.2E8
3162 7 2
1.3E8
4.8E8
3162 7 2
1.4E8
4.7E8
3162 7 2
1.4E8
2.8E8
5623 7 2
3.6E8
8.1E8
5623 7 2
3.6E8
7.6E8
5623 7 2
3.6E8
8.6E8
5623 7 2
2.9E8
9.2E8
5623 7 2
3.3E8
7.6E8
5623 7 2
2.8E8
9.2E8
5623 7 2
3.3E8
8.9E8
5623 7 2
3.4E8
8.7E8
5623 7 2
2.9E8
8.6E8
5623 7 2
3.3E8
9.2E8
5623 7 2
3.5E8
8.4E8
5623 7 2
3.5E8
9.2E8
5623 7 2
3.0E8
1.02E9
5623 7 2
3.6E8
9.6E8
5623 7 2
3.4E8
1.15E9
5623 7 2
3.0E8
9.7E8
5623 7 2
3.6E8
1.02E9
5623 7 2
3.6E8
9.9E8
5623 7 2
3.5E8
8.7E8
5623 7 2
3.5E8
9.5E8
5623 7 2
3.6E8
1.01E9
5623 7 2
3.3E8
9.7E8
5623 7 2
3.5E8
9.2E8
5623 7 2
3.4E8
9.1E8
5623 7 2
3.6E8
1.0E9
5623 7 2
3.6E8
1.09E9
5623 7 2
4.9E8
9.1E8
5623 7 2
3.3E8
1.11E9
5623 7 2
3.6E8
1.22E9
5623 7 2
3.6E8
1.28E9
5623 7 2
3.5E8
1.27E9
5623 7 2
3.5E8
1.28E9
10000 7 2
8.3E8
3.2E9
10000 7 3
7.9E8
3.42E9
10000 7 2
8.2E8
3.35E9
10000 7 2
8.9E8
3.42E9
10000 7 2
8.0E8
3.44E9
10000 7 3
8.7E8
3.59E9
10000 7 2
9.0E8
3.11E9
10000 7 2
8.0E8
3.37E9
10000 7 2
8.0E8
3.0E9
10000 7 3
8.0E8
3.26E9
10000 7 2
8.5E8
3.46E9
10000 7 2
8.7E8
3.19E9
10000 7 2
8.3E8
3.56E9
10000 7 2
8.1E8
3.21E9
10000 7 3
8.2E8
3.32E9
10000 7 2
7.9E8
3.72E9
10000 7 2
8.0E8
4.08E9
10000 7 2
7.9E8
3.66E9
10000 7 2
8.1E8
3.76E9
10000 7 2
7.8E8
3.79E9
10000 7 3
8.6E8
3.55E9
10000 7 2
7.8E8
3.86E9
10000 7 2
9.1E8
4.47E9
10000 7 3
9.3E8
4.76E9
10000 7 2
9.5E8
3.35E9
10000 7 2
7.6E8
4.14E9
10000 7 2
8.1E8
4.49E9
10000 7 3
8.9E8
4.4E9
10000 7 2
9.3E8
4.28E9
10000 7 2
8.5E8
4.5E9
10000 7 2
9.5E8
4.15E9
10000 7 3
9.2E8
4.34E9
17782 7 3
1.83E9
1.059E10
17782 7 3
1.81E9
1.094E10
17782 7 3
1.84E9
1.132E10
17782 7 3
2.0E9
1.218E10
17782 7 3
1.89E9
1.258E10
17782 7 3
1.87E9
1.248E10
17782 7 3
1.71E9
1.298E10
17782 7 3
1.86E9
1.332E10
17782 7 3
1.94E9
1.155E10
17782 7 2
2.0E9
1.279E10
17782 7 2
1.89E9
1.305E10
17782 7 2
1.89E9
1.342E10
17782 7 3
1.85E9
1.415E10
17782 7 3
1.87E9
1.258E10
17782 7 2
1.82E9
1.312E10
17782 7 3
1.92E9
1.273E10
17782 7 2
1.89E9
1.295E10
17782 7 3
1.87E9
1.434E10
17782 7 3
2.03E9
1.293E10
17782 7 3
1.86E9
1.476E10
17782 7 3
1.95E9
1.303E10
17782 7 2
1.88E9
1.406E10
17782 7 3
1.99E9
1.338E10
17782 7 3
1.83E9
1.458E10
17782 7 3
2.02E9
1.415E10
17782 7 3
1.95E9
1.413E10
17782 7 3
1.97E9
1.332E10
17782 7 3
1.91E9
1.351E10
17782 7 3
2.03E9
1.313E10
17782 7 2
1.96E9
1.306E10
17782 7 3
1.9E9
1.454E10
17782 7 3
1.94E9
1.354E10
31622 7 3
4.53E9
3.947E10
31622 7 3
4.27E9
4.365E10
31622 7 3
3.95E9
4.52E10
31622 7 3
4.94E9
4.32E10
31622 7 3
4.52E9
4.51E10
31622 7 3
4.52E9
4.485E10
31622 7 3
4.4E9
4.701E10
31622 7 3
4.15E9
4.935E10
31622 7 3
4.88E9
4.437E10
31622 7 3
4.71E9
4.565E10
31622 7 3
4.39E9
4.604E10
31622 7 3
4.19E9
4.633E10
31622 7 3
4.2E9
4.667E10
31622 7 3
4.27E9
4.636E10
31622 7 3
4.59E9
4.804E10
31622 7 3
4.33E9
4.71E10
31622 7 3
4.3E9
4.858E10
31622 7 3
4.78E9
4.972E10
31622 7 3
4.28E9
5.107E10
31622 7 3
4.86E9
4.886E10
31622 7 3
4.73E9
4.827E10
31622 7 3
4.42E9
5.213E10
31622 7 3
4.48E9
4.993E10
31622 7 3
4.87E9
5.105E10
31622 7 3
4.79E9
4.871E10
31622 7 3
4.58E9
5.203E10
31622 7 3
4.1E9
5.363E10
31622 7 3
4.41E9
5.346E10
31622 7 3
4.54E9
5.331E10
31622 7 3
5.01E9
5.35E10
31622 7 3
4.22E9
5.611E10
31622 7 3
4.35E9
5.491E10
56234 7 3
9.86E9
1.403E11
56234 7 3
1.107E10
1.4682E11
56234 7 3
1.123E10
1.4798E11
56234 7 3
9.87E9
1.6268E11
56234 7 3
1.034E10
1.6939E11
56234 7 3
9.98E9
1.7061E11
56234 7 3
9.88E9
1.6836E11
56234 7 3
1.108E10
1.7468E11
56234 7 3
1.241E10
1.6517E11
56234 7 3
9.82E9
1.7511E11
56234 7 3
1.141E10
1.7138E11
56234 7 3
1.1E10
1.7495E11
56234 7 3
9.97E9
1.7602E11
56234 7 3
1.08E10
1.7009E11
56234 7 3
9.76E9
1.8038E11
56234 7 3
1.146E10
1.8024E11
56234 7 3
1.165E10
1.7789E11
56234 7 3
1.02E10
1.8366E11
56234 7 3
1.054E10
1.7867E11
56234 7 3
1.152E10
1.8375E11
56234 7 3
1.042E10
1.8149E11
56234 7 3
1.007E10
1.8555E11
56234 7 3
1.029E10
1.9101E11
56234 7 3
1.001E10
1.9102E11
56234 7 3
1.099E10
1.9259E11
56234 7 3
1.096E10
1.887E11
56234 7 3
1.122E10
1.909E11
56234 7 3
1.044E10
1.9527E11
56234 7 3
9.97E9
2.0011E11
56234 7 3
1.084E10
1.986E11
56234 7 3
1.121E10
1.9387E11
56234 7 3
1.045E10
2.0971E11
100000 7 3
2.282E10
4.7823E11
100000 7 3
2.746E10
4.9945E11
100000 7 3
2.895E10
5.363E11
100000 7 3
2.396E10
5.481E11
100000 7 3
2.794E10
5.5041E11
100000 7 3
2.346E10
5.5775E11
100000 7 3
2.393E10
5.591E11
100000 7 3
2.388E10
5.502E11
100000 7 3
2.594E10
5.3633E11
100000 7 3
2.648E10
5.5059E11
100000 7 3
2.575E10
5.5177E11
100000 7 3
2.424E10
5.7627E11
100000 7 3
2.605E10
5.8805E11
100000 7 3
2.516E10
6.2696E11
100000 7 3
2.465E10
5.718E11
100000 7 3
2.409E10
5.9578E11
100000 7 3
2.44E10
6.3324E11
100000 7 3
2.301E10
6.262E11
100000 7 3
2.429E10
5.9472E11
100000 7 3
2.308E10
6.1841E11
100000 7 3
2.743E10
5.857E11
100000 7 3
2.728E10
6.0564E11
100000 7 3
2.93E10
6.0959E11
100000 7 3
2.79E10
6.1475E11
100000 7 3
2.355E10
6.198E11
100000 7 3
2.304E10
6.23E11
100000 7 3
2.363E10
5.9228E11
100000 7 3
2.444E10
6.2084E11
100000 7 3
2.374E10
6.2443E11
100000 7 3
2.939E10
6.1972E11
100000 7 3
2.456E10
6.2093E11
100000 7 3
2.908E10
6.1416E11
