100 6 2
546875.0
468750.0
100 6 2
546875.0
429687.5
100 6 2
546875.0
429687.5
100 6 1
546875.0
429687.5
100 6 2
546875.0
429687.5
100 6 2
507812.5
429687.5
100 6 1
585937.5
429687.5
100 6 2
507812.5
429687.5
100 6 1
546875.0
429687.5
100 6 1
546875.0
429687.5
100 6 1
546875.0
429687.5
100 6 2
546875.0
429687.5
100 6 1
546875.0
468750.0
100 6 1
468750.0
429687.5
100 6 1
585937.5
468750.0
100 6 1
546875.0
468750.0
100 6 1
585937.5
429687.5
100 6 2
546875.0
429687.5
100 6 2
546875.0
429687.5
100 6 1
546875.0
429687.5
100 6 1
546875.0
390625.0
100 6 2
546875.0
390625.0
100 6 1
585937.5
390625.0
100 6 1
546875.0
390625.0
100 6 2
546875.0
390625.0
100 6 2
546875.0
410156.25
100 6 2
546875.0
410156.25
100 6 2
546875.0
371093.75
100 6 2
585937.5
371093.75
100 6 2
507812.5
371093.75
100 6 2
507812.5
390625.0
100 6 2
585937.5
371093.75
177 6 2
1484375.0
1015625.0
177 6 2
1328125.0
1093750.0
177 6 2
1328125.0
1093750.0
177 6 2
1328125.0
1093750.0
177 6 2
1328125.0
1093750.0
177 6 2
1328125.0
1093750.0
177 6 2
1406250.0
1171875.0
177 6 2
1328125.0
1093750.0
177 6 2
1484375.0
1093750.0
177 6 2
1328125.0
1171875.0
177 6 2
1484375.0
1093750.0
177 6 2
1406250.0
1093750.0
177 6 2
1406250.0
1171875.0
177 6 2
1406250.0
1093750.0
177 6 2
1406250.0
1171875.0
177 6 1
1484375.0
1171875.0
177 6 2
1406250.0
1093750.0
177 6 2
1406250.0
1093750.0
177 6 2
1406250.0
1093750.0
177 6 2
1484375.0
1093750.0
177 6 2
1406250.0
1015625.0
177 6 2
1406250.0
1171875.0
177 6 1
1484375.0
1093750.0
177 6 2
1484375.0
1015625.0
177 6 2
1328125.0
1093750.0
177 6 1
1484375.0
1171875.0
177 6 2
1484375.0
1015625.0
177 6 2
1406250.0
1093750.0
177 6 2
1406250.0
1015625.0
177 6 2
1328125.0
1093750.0
177 6 2
1328125.0
1171875.0
177 6 2
1406250.0
937500.0
316 6 2
3437500.0
3437500.0
316 6 2
3437500.0
3437500.0
316 6 2
3437500.0
3437500.0
316 6 2
3437500.0
3437500.0
316 6 2
3750000.0
3437500.0
316 6 2
3750000.0
3437500.0
316 6 2
3750000.0
3125000.0
316 6 2
3750000.0
3281250.0
316 6 2
3437500.0
2968750.0
316 6 2
3437500.0
3437500.0
316 6 2
3437500.0
2968750.0
316 6 2
3437500.0
3281250.0
316 6 2
3750000.0
3437500.0
316 6 2
3281250.0
3437500.0
316 6 2
3750000.0
3281250.0
316 6 2
3750000.0
3437500.0
316 6 2
3437500.0
3125000.0
316 6 2
3437500.0
3437500.0
316 6 2
3437500.0
3750000.0
316 6 2
3437500.0
3437500.0
316 6 2
3437500.0
3750000.0
316 6 2
4062500.0
3437500.0
316 6 2
3750000.0
3437500.0
316 6 2
3750000.0
3437500.0
316 6 2
3750000.0
3906250.0
316 6 2
3750000.0
3437500.0
316 6 2
3437500.0
3281250.0
316 6 2
3437500.0
3125000.0
316 6 2
3437500.0
2968750.0
316 6 2
3437500.0
2812500.0
316 6 2
3281250.0
2968750.0
316 6 2
3750000.0
3125000.0
562 6 2
8125000.0
8750000.0
562 6 2
8750000.0
8125000.0
562 6 2
8750000.0
9375000.0
562 6 2
8750000.0
1.25E7
562 6 2
1.0E7
1.1875E7
562 6 2
8750000.0
8750000.0
562 6 2
8750000.0
1.375E7
562 6 3
8125000.0
1.5E7
562 6 2
8750000.0
8750000.0
562 6 2
9375000.0
1.5E7
562 6 2
8125000.0
1.125E7
562 6 2
8750000.0
8750000.0
562 6 2
8750000.0
9375000.0
562 6 2
8125000.0
8750000.0
562 6 2
1.0E7
1.375E7
562 6 2
8125000.0
9375000.0
562 6 2
8750000.0
1.25E7
562 6 2
8750000.0
1.0625E7
562 6 2
8750000.0
1.1875E7
562 6 2
8125000.0
9375000.0
562 6 2
8125000.0
1.125E7
562 6 2
8750000.0
1.125E7
562 6 2
8750000.0
1.0E7
562 6 2
8125000.0
1.1875E7
562 6 2
8750000.0
1.125E7
562 6 2
8750000.0
8125000.0
562 6 2
1.0625E7
9375000.0
562 6 2
1.0E7
8750000.0
562 6 2
8750000.0
8750000.0
562 6 2
8750000.0
1.0E7
562 6 2
9375000.0
8750000.0
562 6 2
1.0625E7
8750000.0
1000 6 2
2.125E7
2.75E7
1000 6 2
2.125E7
2.5E7
1000 6 2
2.125E7
2.625E7
1000 6 2
2.125E7
2.75E7
1000 6 2
2.125E7
2.75E7
1000 6 2
2.0E7
2.75E7
1000 6 2
2.25E7
1.2E8
1000 6 2
2.125E7
3.0E7
1000 6 2
2.0E7
3.5E7
1000 6 2
2.125E7
5.0E7
1000 6 2
2.375E7
6.5E7
1000 6 2
2.0E7
4.75E7
1000 6 2
2.125E7
3.25E7
1000 6 2
2.125E7
4.5E7
1000 6 2
2.0E7
3.0E7
1000 6 2
2.0E7
3.25E7
1000 6 2
2.125E7
2.75E7
1000 6 3
2.25E7
4.75E7
1000 6 2
2.0E7
2.625E7
1000 6 2
2.0E7
2.75E7
1000 6 2
2.0E7
3.0E7
1000 6 2
2.25E7
2.75E7
1000 6 2
2.125E7
2.625E7
1000 6 2
2.25E7
2.375E7
1000 6 2
2.125E7
2.375E7
1000 6 2
2.25E7
2.75E7
1000 6 2
2.375E7
2.5E7
1000 6 2
2.25E7
2.625E7
1000 6 2
2.375E7
2.5E7
1000 6 2
2.375E7
2.375E7
1000 6 2
2.75E7
2.625E7
1000 6 2
2.375E7
2.625E7
1778 6 2
5.5E7
8.0E7
1778 6 2
5.0E7
8.0E7
1778 6 3
4.75E7
7.5E7
1778 6 2
4.75E7
1.2E8
1778 6 3
5.0E7
1.2E8
1778 6 3
5.0E7
1.3E8
1778 6 3
5.0E7
1.0E8
1778 6 3
5.0E7
1.2E8
1778 6 2
4.75E7
7.0E7
1778 6 3
5.0E7
8.0E7
1778 6 2
5.0E7
7.5E7
1778 6 2
5.0E7
7.0E7
1778 6 3
5.0E7
8.5E7
1778 6 3
5.5E7
1.1E8
1778 6 3
5.25E7
1.05E8
1778 6 2
5.0E7
8.5E7
1778 6 3
5.0E7
7.5E7
1778 6 3
5.0E7
8.0E7
1778 6 2
5.0E7
7.0E7
1778 6 2
5.0E7
1.05E8
1778 6 2
5.0E7
9.5E7
1778 6 2
5.25E7
1.0E8
1778 6 2
5.0E7
9.5E7
1778 6 3
5.0E7
7.0E7
1778 6 2
5.5E7
9.5E7
1778 6 2
5.5E7
7.5E7
1778 6 3
6.5E7
9.5E7
1778 6 2
5.5E7
7.5E7
1778 6 2
5.5E7
8.5E7
1778 6 2
5.0E7
7.5E7
3162 6 3
1.1E8
2.5E8
1778 6 2
5.0E7
8.0E7
1778 6 2
5.25E7
8.5E7
3162 6 3
1.4E8
3.0E8
3162 6 2
1.2E8
2.6E8
3162 6 3
1.4E8
3.6E8
3162 6 3
1.3E8
2.9E8
3162 6 2
1.4E8
3.7E8
3162 6 3
1.2E8
2.8E8
3162 6 3
1.2E8
2.9E8
3162 6 3
1.4E8
3.7E8
3162 6 3
1.2E8
2.9E8
3162 6 3
1.5E8
3.6E8
3162 6 3
1.2E8
2.8E8
3162 6 2
1.2E8
2.7E8
3162 6 3
1.2E8
2.9E8
3162 6 2
1.2E8
2.8E8
3162 6 3
1.5E8
3.6E8
3162 6 3
1.6E8
3.5E8
3162 6 3
1.3E8
2.5E8
3162 6 3
1.3E8
3.4E8
3162 6 3
1.2E8
3.6E8
3162 6 3
1.2E8
3.5E8
3162 6 3
1.1E8
3.6E8
3162 6 3
1.3E8
3.4E8
3162 6 3
1.5E8
3.5E8
3162 6 3
1.4E8
2.9E8
3162 6 3
1.3E8
2.6E8
3162 6 3
1.3E8
2.5E8
3162 6 3
1.6E8
2.6E8
3162 6 3
1.5E8
2.3E8
3162 6 2
1.2E8
2.1E8
3162 6 2
1.2E8
2.3E8
3162 6 3
1.4E8
2.7E8
5623 6 3
2.8E8
8.7E8
5623 6 3
2.7E8
8.7E8
5623 6 3
2.7E8
9.1E8
5623 6 3
2.6E8
9.3E8
5623 6 3
2.8E8
8.6E8
5623 6 3
2.7E8
1.01E9
5623 6 3
2.7E8
1.02E9
5623 6 3
2.7E8
9.3E8
5623 6 3
2.7E8
9.8E8
5623 6 3
2.7E8
9.7E8
5623 6 3
2.7E8
9.7E8
5623 6 3
2.6E8
9.8E8
5623 6 3
3.1E8
1.16E9
5623 6 3
2.7E8
1.07E9
5623 6 3
2.7E8
1.03E9
5623 6 3
3.1E8
8.5E8
5623 6 3
3.0E8
9.5E8
5623 6 3
3.1E8
9.1E8
5623 6 3
2.7E8
1.08E9
5623 6 3
2.7E8
1.16E9
5623 6 3
2.9E8
1.35E9
5623 6 3
2.8E8
1.28E9
5623 6 3
2.7E8
1.31E9
5623 6 3
2.7E8
1.24E9
5623 6 3
2.8E8
1.32E9
5623 6 3
2.8E8
1.33E9
5623 6 3
2.8E8
1.26E9
5623 6 3
2.9E8
1.15E9
5623 6 4
3.2E8
1.14E9
5623 6 3
3.0E8
1.34E9
5623 6 3
3.1E8
1.36E9
5623 6 3
3.2E8
1.26E9
10000 6 3
6.1E8
2.67E9
10000 6 3
6.1E8
3.03E9
10000 6 3
6.0E8
2.73E9
10000 6 3
6.0E8
2.76E9
10000 6 3
6.1E8
2.73E9
10000 6 3
6.1E8
2.91E9
10000 6 3
6.0E8
2.87E9
10000 6 3
6.1E8
3.09E9
10000 6 3
6.1E8
2.92E9
10000 6 3
6.1E8
3.09E9
10000 6 3
6.5E8
2.91E9
10000 6 3
6.1E8
3.19E9
10000 6 3
6.0E8
3.14E9
10000 6 3
6.6E8
2.84E9
10000 6 3
6.0E8
3.18E9
10000 6 3
6.8E8
2.99E9
10000 6 3
6.5E8
2.82E9
10000 6 3
6.4E8
2.73E9
10000 6 3
6.3E8
3.24E9
10000 6 3
6.1E8
3.19E9
10000 6 3
6.7E8
3.19E9
10000 6 3
7.1E8
3.16E9
10000 6 3
6.1E8
3.27E9
10000 6 3
6.2E8
3.33E9
10000 6 3
6.8E8
3.5E9
10000 6 3
6.3E8
3.69E9
10000 6 3
6.9E8
3.63E9
10000 6 3
7.1E8
3.72E9
10000 6 3
6.6E8
3.73E9
10000 6 3
6.8E8
3.62E9
10000 6 3
7.0E8
3.69E9
10000 6 3
6.6E8
3.62E9
17782 6 3
1.37E9
9.12E9
17782 6 3
1.43E9
9.43E9
17782 6 3
1.4E9
9.44E9
17782 6 3
1.45E9
9.32E9
17782 6 3
1.29E9
9.72E9
17782 6 4
1.37E9
9.94E9
17782 6 3
1.37E9
1.037E10
17782 6 4
1.31E9
1.047E10
17782 6 3
1.36E9
9.89E9
17782 6 4
1.35E9
1.01E10
17782 6 3
1.36E9
1.006E10
17782 6 3
1.42E9
1.008E10
17782 6 3
1.4E9
1.006E10
17782 6 4
1.34E9
1.005E10
17782 6 3
1.36E9
1.049E10
17782 6 3
1.42E9
1.007E10
17782 6 3
1.54E9
1.115E10
17782 6 3
1.45E9
1.13E10
17782 6 4
1.34E9
1.19E10
17782 6 3
1.47E9
1.139E10
17782 6 4
1.66E9
1.055E10
17782 6 4
1.53E9
1.144E10
17782 6 3
1.45E9
1.249E10
17782 6 3
1.49E9
1.066E10
17782 6 4
1.53E9
1.2E10
17782 6 3
1.46E9
1.252E10
17782 6 3
1.53E9
1.193E10
17782 6 3
1.61E9
1.218E10
17782 6 3
1.5E9
1.207E10
17782 6 3
1.51E9
1.248E10
17782 6 4
1.54E9
1.267E10
17782 6 3
1.44E9
1.355E10
31622 6 3
3.19E9
3.589E10
31622 6 4
3.09E9
3.824E10
31622 6 4
3.14E9
3.99E10
31622 6 3
3.11E9
3.979E10
31622 6 4
3.36E9
3.975E10
31622 6 4
3.21E9
3.842E10
31622 6 4
3.15E9
3.856E10
31622 6 4
3.92E9
3.733E10
31622 6 4
3.66E9
3.884E10
31622 6 4
3.61E9
3.924E10
31622 6 4
3.33E9
4.105E10
31622 6 4
3.43E9
4.279E10
31622 6 4
3.14E9
4.233E10
31622 6 4
3.12E9
4.192E10
31622 6 3
3.1E9
4.486E10
31622 6 4
3.2E9
4.467E10
31622 6 4
3.27E9
4.35E10
31622 6 4
3.15E9
4.36E10
31622 6 4
3.18E9
4.516E10
31622 6 4
3.51E9
4.529E10
31622 6 4
3.04E9
4.496E10
31622 6 4
3.39E9
4.578E10
31622 6 4
3.16E9
4.376E10
31622 6 4
3.34E9
4.619E10
31622 6 4
3.32E9
4.699E10
31622 6 4
3.2E9
4.554E10
31622 6 4
3.46E9
4.456E10
31622 6 4
3.62E9
4.348E10
31622 6 4
3.92E9
4.456E10
31622 6 4
3.33E9
5.004E10
31622 6 4
3.64E9
5.189E10
31622 6 4
3.44E9
5.426E10
56234 6 4
7.11E9
1.3187E11
56234 6 4
7.36E9
1.3175E11
56234 6 4
7.53E9
1.3001E11
56234 6 4
7.42E9
1.2968E11
56234 6 4
7.4E9
1.3165E11
56234 6 4
7.68E9
1.3375E11
56234 6 4
7.43E9
1.3659E11
56234 6 4
7.87E9
1.383E11
56234 6 4
7.2E9
1.3943E11
56234 6 4
7.73E9
1.445E11
56234 6 4
7.39E9
1.4066E11
56234 6 4
7.33E9
1.3967E11
56234 6 4
7.17E9
1.4065E11
56234 6 4
7.24E9
1.4163E11
56234 6 4
7.55E9
1.4189E11
56234 6 4
7.32E9
1.472E11
56234 6 4
7.5E9
1.4245E11
56234 6 4
7.69E9
1.4514E11
56234 6 4
7.19E9
1.528E11
56234 6 4
7.39E9
1.4696E11
56234 6 4
8.06E9
1.4553E11
56234 6 4
7.33E9
1.4795E11
56234 6 4
7.52E9
1.5078E11
56234 6 4
7.24E9
1.538E11
56234 6 4
7.7E9
1.4744E11
56234 6 4
8.29E9
1.4815E11
56234 6 4
8.49E9
1.4761E11
56234 6 4
8.67E9
1.4718E11
56234 6 4
7.54E9
1.5352E11
56234 6 4
7.46E9
1.5278E11
56234 6 4
8.06E9
1.469E11
56234 6 4
7.95E9
1.4754E11
100000 6 4
1.658E10
4.0858E11
100000 6 4
1.653E10
4.2658E11
100000 6 4
1.559E10
4.2008E11
100000 6 4
1.549E10
4.2434E11
100000 6 4
1.596E10
4.3952E11
100000 6 5
1.632E10
4.1754E11
100000 6 4
1.577E10
4.29E11
100000 6 4
1.594E10
4.3029E11
100000 6 4
1.57E10
4.3574E11
100000 6 5
1.579E10
4.3681E11
100000 6 4
1.582E10
4.2125E11
100000 6 5
1.631E10
4.2101E11
100000 6 4
1.62E10
4.1673E11
100000 6 4
1.629E10
4.5843E11
100000 6 4
1.715E10
4.396E11
100000 6 5
1.579E10
4.3967E11
100000 6 4
1.605E10
4.4815E11
100000 6 4
1.763E10
4.3059E11
100000 6 4
1.568E10
4.3381E11
100000 6 4
1.607E10
4.4985E11
100000 6 4
1.625E10
4.369E11
100000 6 4
1.646E10
4.4582E11
100000 6 5
1.605E10
4.4984E11
100000 6 5
1.64E10
4.5342E11
100000 6 4
1.577E10
4.6139E11
100000 6 4
1.642E10
4.4584E11
100000 6 4
1.687E10
4.6299E11
100000 6 4
1.618E10
4.4509E11
100000 6 4
1.602E10
4.5526E11
100000 6 4
1.585E10
4.6138E11
100000 6 4
1.713E10
4.5712E11
100000 6 4
1.681E10
4.5474E11
