100 5 2
468750.0
429687.5
100 5 2
507812.5
429687.5
100 5 2
507812.5
429687.5
100 5 2
507812.5
429687.5
100 5 2
507812.5
429687.5
100 5 2
468750.0
429687.5
100 5 2
507812.5
429687.5
100 5 2
507812.5
429687.5
100 5 2
429687.5
371093.75
100 5 2
507812.5
371093.75
100 5 2
468750.0
390625.0
100 5 2
507812.5
351562.5
100 5 2
468750.0
351562.5
100 5 2
468750.0
351562.5
100 5 2
468750.0
371093.75
100 5 2
507812.5
371093.75
100 5 2
468750.0
410156.25
100 5 2
507812.5
390625.0
100 5 2
507812.5
371093.75
100 5 2
468750.0
390625.0
100 5 2
468750.0
410156.25
100 5 2
468750.0
390625.0
100 5 2
507812.5
390625.0
100 5 2
507812.5
390625.0
100 5 2
468750.0
312500.0
100 5 2
507812.5
371093.75
100 5 2
468750.0
390625.0
100 5 2
468750.0
371093.75
100 5 2
507812.5
332031.25
100 5 2
507812.5
390625.0
100 5 2
468750.0
390625.0
100 5 2
507812.5
390625.0
177 5 2
1171875.0
937500.0
177 5 2
1171875.0
937500.0
177 5 2
1093750.0
937500.0
177 5 2
1171875.0
937500.0
177 5 2
1093750.0
1015625.0
177 5 2
1171875.0
1093750.0
177 5 2
1171875.0
1093750.0
177 5 2
1250000.0
1015625.0
177 5 2
1250000.0
937500.0
177 5 2
1250000.0
1015625.0
177 5 2
1171875.0
1171875.0
177 5 2
1250000.0
1015625.0
177 5 2
1171875.0
1015625.0
177 5 2
1171875.0
937500.0
177 5 2
1250000.0
1015625.0
177 5 2
1484375.0
1015625.0
177 5 2
1171875.0
1093750.0
177 5 2
1328125.0
1093750.0
177 5 2
1171875.0
1015625.0
177 5 2
1406250.0
1015625.0
177 5 2
1484375.0
1093750.0
177 5 2
1250000.0
1093750.0
177 5 2
1328125.0
1015625.0
177 5 2
1250000.0
1015625.0
177 5 2
1250000.0
1171875.0
177 5 2
1171875.0
1093750.0
177 5 2
1250000.0
1015625.0
177 5 2
1171875.0
1093750.0
177 5 2
1250000.0
937500.0
177 5 2
1250000.0
1093750.0
177 5 2
1328125.0
1093750.0
177 5 2
1640625.0
937500.0
316 5 2
2812500.0
2812500.0
316 5 2
2968750.0
3437500.0
316 5 2
2968750.0
3437500.0
316 5 2
2812500.0
3125000.0
316 5 2
2968750.0
3281250.0
316 5 2
2812500.0
3125000.0
316 5 2
2812500.0
3437500.0
316 5 2
2812500.0
3437500.0
316 5 2
2812500.0
3437500.0
316 5 2
2812500.0
3437500.0
316 5 2
2812500.0
2968750.0
316 5 2
2968750.0
3437500.0
316 5 2
2812500.0
3750000.0
316 5 2
3125000.0
3125000.0
316 5 2
2812500.0
2968750.0
316 5 2
2812500.0
2968750.0
316 5 2
2812500.0
2968750.0
316 5 2
2812500.0
3125000.0
316 5 2
2812500.0
2812500.0
316 5 2
2812500.0
2968750.0
316 5 2
2812500.0
2968750.0
316 5 2
2968750.0
2656250.0
316 5 2
2812500.0
2968750.0
316 5 2
2968750.0
2968750.0
316 5 2
2812500.0
2656250.0
316 5 2
2812500.0
2812500.0
316 5 2
2812500.0
2968750.0
316 5 2
3125000.0
2656250.0
316 5 2
3125000.0
2812500.0
316 5 2
3125000.0
2968750.0
316 5 2
2968750.0
2968750.0
316 5 2
3125000.0
2812500.0
562 5 2
6875000.0
7500000.0
562 5 2
6875000.0
7500000.0
562 5 2
6875000.0
8750000.0
562 5 2
7500000.0
8750000.0
562 5 2
6875000.0
8750000.0
562 5 2
6875000.0
9375000.0
562 5 2
6875000.0
9375000.0
562 5 2
7500000.0
8125000.0
562 5 2
6875000.0
8750000.0
562 5 2
7500000.0
8750000.0
562 5 2
6875000.0
8125000.0
562 5 2
6875000.0
8750000.0
562 5 2
7500000.0
7500000.0
562 5 2
6562500.0
8125000.0
562 5 2
7500000.0
7500000.0
562 5 2
6875000.0
7500000.0
562 5 2
7500000.0
8125000.0
562 5 2
6875000.0
7500000.0
562 5 2
6875000.0
6875000.0
562 5 2
7500000.0
7500000.0
562 5 2
6875000.0
7500000.0
562 5 2
7500000.0
9375000.0
562 5 2
7500000.0
9375000.0
562 5 2
7187500.0
7500000.0
562 5 2
8125000.0
7500000.0
562 5 2
7187500.0
6875000.0
562 5 2
7500000.0
8125000.0
562 5 2
7812500.0
6875000.0
562 5 2
6875000.0
7500000.0
562 5 2
6875000.0
7500000.0
1000 5 2
1.75E7
2.0E7
562 5 2
6875000.0
7500000.0
562 5 2
7187500.0
8125000.0
1000 5 2
1.75E7
2.0E7
1000 5 2
1.5E7
2.125E7
1000 5 2
1.625E7
2.25E7
1000 5 2
1.5E7
3.0E7
1000 5 2
1.625E7
2.25E7
1000 5 2
1.5E7
3.0E7
1000 5 2
1.625E7
2.375E7
1000 5 2
1.75E7
2.375E7
1000 5 2
1.625E7
3.0E7
1000 5 2
1.75E7
3.0E7
1000 5 2
1.75E7
2.5E7
1000 5 2
1.75E7
2.75E7
1000 5 2
1.625E7
2.75E7
1000 5 2
1.75E7
2.375E7
1000 5 2
1.75E7
2.25E7
1000 5 2
1.625E7
2.25E7
1000 5 2
1.5E7
2.375E7
1000 5 2
1.625E7
2.5E7
1000 5 2
1.625E7
2.125E7
1000 5 2
1.5E7
2.25E7
1000 5 2
1.625E7
2.25E7
1000 5 2
1.625E7
2.0E7
1000 5 2
1.75E7
2.375E7
1000 5 2
1.625E7
2.375E7
1000 5 2
1.75E7
2.625E7
1000 5 2
1.625E7
2.125E7
1000 5 2
1.75E7
1.875E7
1000 5 2
1.875E7
2.0E7
1778 5 2
4.25E7
5.5E7
1778 5 2
3.5E7
6.0E7
1000 5 2
1.75E7
3.0E7
1778 5 2
4.0E7
1.2E8
1778 5 2
4.25E7
1.3E8
1778 5 2
3.5E7
6.0E7
1778 5 2
4.75E7
1.3E8
1778 5 2
4.25E7
1.1E8
1000 5 2
1.625E7
2.75E7
1778 5 2
4.25E7
9.5E7
1778 5 2
4.0E7
1.1E8
1000 5 2
1.75E7
3.0E7
1778 5 2
3.75E7
6.0E7
1778 5 2
4.25E7
8.0E7
1778 5 2
3.75E7
6.0E7
1778 5 2
3.75E7
6.0E7
1778 5 2
3.75E7
6.5E7
1778 5 2
4.0E7
5.5E7
1778 5 2
4.0E7
5.5E7
1778 5 2
4.0E7
6.0E7
1778 5 2
4.25E7
6.5E7
1778 5 2
4.0E7
6.0E7
1778 5 2
3.75E7
6.0E7
1778 5 2
5.5E7
6.0E7
1778 5 2
4.25E7
6.0E7
1778 5 2
4.0E7
6.0E7
1778 5 2
4.25E7
6.0E7
1778 5 2
3.75E7
6.0E7
1778 5 2
5.0E7
5.5E7
1778 5 2
4.25E7
5.5E7
1778 5 2
4.0E7
5.5E7
1778 5 2
4.25E7
6.0E7
1778 5 2
3.75E7
6.0E7
3162 5 2
8.5E7
2.2E8
3162 5 2
8.5E7
2.3E8
3162 5 2
8.5E7
2.2E8
3162 5 2
8.5E7
2.2E8
1778 5 2
4.0E7
7.0E7
1778 5 2
3.5E7
6.25E7
3162 5 2
8.0E7
2.5E8
3162 5 2
8.0E7
2.7E8
3162 5 2
8.0E7
2.2E8
3162 5 2
8.5E7
2.7E8
3162 5 2
9.0E7
2.7E8
3162 5 2
8.5E7
3.7E8
3162 5 2
8.5E7
2.6E8
3162 5 2
8.5E7
3.6E8
3162 5 2
9.0E7
3.7E8
3162 5 2
8.0E7
2.7E8
3162 5 2
8.5E7
2.7E8
3162 5 2
8.5E7
3.3E8
3162 5 2
8.0E7
2.7E8
3162 5 2
9.0E7
2.4E8
3162 5 2
8.5E7
2.7E8
3162 5 2
9.0E7
2.6E8
3162 5 2
9.0E7
3.5E8
3162 5 2
1.1E8
3.2E8
3162 5 2
1.1E8
3.3E8
3162 5 2
9.0E7
2.6E8
3162 5 2
9.0E7
2.8E8
3162 5 2
9.0E7
2.4E8
3162 5 2
9.5E7
2.8E8
3162 5 2
1.25E8
2.2E8
3162 5 2
1.05E8
2.2E8
3162 5 2
1.1E8
1.9E8
3162 5 2
9.0E7
2.0E8
3162 5 2
8.0E7
2.3E8
5623 5 2
1.9E8
8.5E8
5623 5 2
1.8E8
8.6E8
5623 5 2
1.8E8
8.7E8
5623 5 2
1.9E8
9.1E8
5623 5 2
2.0E8
9.2E8
5623 5 2
2.0E8
9.0E8
5623 5 2
1.8E8
8.4E8
5623 5 2
1.8E8
8.9E8
5623 5 2
1.8E8
1.05E9
5623 5 2
1.8E8
8.7E8
5623 5 2
1.9E8
8.9E8
5623 5 2
1.8E8
9.0E8
5623 5 2
1.9E8
9.3E8
5623 5 2
2.0E8
9.3E8
5623 5 2
2.1E8
9.4E8
5623 5 2
1.7E8
1.05E9
5623 5 2
1.8E8
1.06E9
5623 5 2
1.9E8
9.5E8
5623 5 2
1.9E8
9.5E8
5623 5 2
1.8E8
9.8E8
5623 5 2
1.9E8
8.5E8
5623 5 2
2.0E8
1.0E9
5623 5 2
2.1E8
8.2E8
5623 5 2
2.1E8
9.6E8
5623 5 2
1.9E8
1.02E9
5623 5 2
1.9E8
1.06E9
5623 5 2
1.9E8
1.04E9
5623 5 2
2.8E8
8.8E8
5623 5 2
2.2E8
9.3E8
5623 5 2
2.0E8
1.02E9
5623 5 2
2.5E8
8.4E8
5623 5 2
3.0E8
7.3E8
10000 5 2
4.0E8
2.94E9
10000 5 2
4.0E8
2.99E9
10000 5 2
4.0E8
3.07E9
10000 5 2
4.0E8
3.07E9
10000 5 2
4.1E8
3.04E9
10000 5 2
4.2E8
3.12E9
10000 5 2
4.2E8
3.15E9
10000 5 2
4.1E8
3.08E9
10000 5 2
4.1E8
3.11E9
10000 5 2
4.4E8
3.12E9
10000 5 2
4.5E8
3.07E9
10000 5 2
4.4E8
3.1E9
10000 5 2
4.2E8
3.07E9
10000 5 2
4.1E8
3.24E9
10000 5 2
4.4E8
3.17E9
10000 5 2
4.5E8
3.09E9
10000 5 2
4.3E8
3.12E9
10000 5 2
4.3E8
3.26E9
10000 5 2
4.4E8
3.41E9
10000 5 2
4.5E8
3.43E9
10000 5 2
5.4E8
3.01E9
10000 5 2
4.7E8
3.34E9
10000 5 2
4.9E8
3.4E9
10000 5 2
4.8E8
3.39E9
10000 5 2
4.5E8
3.57E9
10000 5 2
4.7E8
3.69E9
10000 5 2
4.7E8
3.76E9
10000 5 2
4.7E8
3.69E9
10000 5 2
4.5E8
3.72E9
10000 5 2
4.5E8
3.82E9
10000 5 2
4.5E8
3.75E9
10000 5 2
4.8E8
3.93E9
17782 5 2
9.4E8
9.44E9
17782 5 2
9.6E8
1.108E10
17782 5 2
9.2E8
1.104E10
17782 5 2
9.6E8
1.142E10
17782 5 2
1.01E9
1.124E10
17782 5 2
9.4E8
1.113E10
17782 5 2
9.4E8
1.214E10
17782 5 2
9.3E8
1.187E10
17782 5 2
9.8E8
1.161E10
17782 5 2
1.03E9
1.194E10
17782 5 2
9.9E8
1.22E10
17782 5 2
1.05E9
1.19E10
17782 5 2
1.01E9
1.204E10
17782 5 2
9.8E8
1.159E10
17782 5 2
9.3E8
1.174E10
17782 5 2
1.0E9
1.211E10
17782 5 2
9.6E8
1.225E10
17782 5 2
9.8E8
1.231E10
17782 5 2
9.6E8
1.243E10
17782 5 2
9.8E8
1.221E10
17782 5 2
9.9E8
1.214E10
17782 5 2
1.01E9
1.21E10
17782 5 2
1.17E9
1.183E10
17782 5 2
1.0E9
1.227E10
17782 5 2
9.8E8
1.21E10
17782 5 2
1.06E9
1.219E10
17782 5 2
1.1E9
1.226E10
17782 5 2
1.01E9
1.216E10
17782 5 2
1.08E9
1.279E10
17782 5 2
1.06E9
1.272E10
17782 5 2
1.11E9
1.263E10
17782 5 2
1.05E9
1.3E10
31622 5 2
2.06E9
3.462E10
31622 5 2
2.03E9
3.62E10
31622 5 2
2.1E9
3.789E10
31622 5 2
2.28E9
3.848E10
31622 5 2
2.04E9
4.095E10
31622 5 2
2.29E9
4.165E10
31622 5 2
2.29E9
4.078E10
31622 5 2
2.04E9
4.191E10
31622 5 2
2.36E9
4.021E10
31622 5 2
2.32E9
4.107E10
31622 5 2
2.34E9
4.188E10
31622 5 2
2.27E9
4.133E10
31622 5 2
2.25E9
4.332E10
31622 5 2
2.26E9
4.166E10
31622 5 2
2.34E9
4.226E10
31622 5 2
2.48E9
4.47E10
31622 5 2
2.09E9
4.342E10
31622 5 2
2.47E9
4.333E10
31622 5 2
2.58E9
4.395E10
31622 5 2
2.35E9
4.403E10
31622 5 2
2.27E9
4.584E10
31622 5 2
2.08E9
4.581E10
31622 5 2
2.37E9
4.606E10
31622 5 2
2.24E9
4.589E10
31622 5 2
2.29E9
4.92E10
31622 5 2
2.32E9
4.693E10
31622 5 2
2.15E9
4.905E10
31622 5 2
2.33E9
4.792E10
31622 5 2
2.03E9
5.004E10
31622 5 2
2.23E9
5.1E10
31622 5 2
2.42E9
5.122E10
31622 5 2
2.86E9
5.222E10
56234 5 2
5.36E9
1.3298E11
56234 5 2
4.81E9
1.3741E11
56234 5 2
4.94E9
1.4047E11
56234 5 2
4.88E9
1.4031E11
56234 5 2
4.75E9
1.5709E11
56234 5 2
4.47E9
1.5642E11
56234 5 2
4.78E9
1.5032E11
56234 5 2
5.04E9
1.5517E11
56234 5 2
4.94E9
1.5632E11
56234 5 2
5.16E9
1.5879E11
56234 5 2
4.68E9
1.4682E11
56234 5 2
4.92E9
1.5491E11
56234 5 2
4.63E9
1.5537E11
56234 5 2
5.16E9
1.5775E11
56234 5 2
5.07E9
1.575E11
56234 5 2
4.88E9
1.5068E11
56234 5 2
4.77E9
1.5554E11
56234 5 2
5.57E9
1.6037E11
56234 5 2
5.07E9
1.6335E11
56234 5 2
5.11E9
1.5833E11
56234 5 2
4.88E9
1.6523E11
56234 5 2
5.19E9
1.6524E11
56234 5 2
4.95E9
1.6046E11
56234 5 2
5.15E9
1.6598E11
56234 5 2
4.78E9
1.6498E11
56234 5 2
4.84E9
1.6472E11
56234 5 2
5.11E9
1.6798E11
56234 5 2
4.97E9
1.6503E11
56234 5 2
5.08E9
1.6412E11
56234 5 2
4.92E9
1.6437E11
56234 5 2
4.94E9
1.7158E11
56234 5 2
4.82E9
1.8239E11
100000 5 2
9.9E9
4.391E11
100000 5 2
9.12E9
4.4138E11
100000 5 2
1.017E10
4.614E11
100000 5 2
9.79E9
4.827E11
100000 5 2
1.002E10
4.7161E11
100000 5 2
1.135E10
4.712E11
100000 5 2
1.023E10
4.8429E11
100000 5 2
1.014E10
5.0766E11
100000 5 2
1.096E10
5.1392E11
100000 5 2
1.09E10
5.3508E11
100000 5 2
1.078E10
5.4275E11
100000 5 2
1.123E10
5.3559E11
100000 5 2
1.161E10
5.3742E11
100000 5 2
1.069E10
5.578E11
100000 5 2
1.135E10
5.5375E11
100000 5 2
9.25E9
5.3479E11
100000 5 2
1.045E10
5.5578E11
100000 5 2
1.064E10
5.5919E11
100000 5 2
1.171E10
5.6503E11
100000 5 2
1.061E10
5.6896E11
100000 5 2
1.129E10
5.7001E11
100000 5 2
9.72E9
5.7298E11
100000 5 2
1.098E10
5.7681E11
100000 5 2
1.092E10
5.6812E11
100000 5 2
1.048E10
5.8426E11
100000 5 2
9.89E9
5.7901E11
100000 5 2
1.083E10
5.8643E11
100000 5 2
1.056E10
5.8621E11
100000 5 2
1.109E10
5.7942E11
100000 5 2
1.049E10
5.9699E11
100000 5 2
1.124E10
6.0338E11
100000 5 2
9.92E9
6.0399E11
