100 5 2
507812.5
429687.5
100 5 2
507812.5
429687.5
100 5 2
507812.5
429687.5
100 5 2
546875.0
429687.5
100 5 2
507812.5
429687.5
100 5 2
507812.5
429687.5
100 5 2
507812.5
429687.5
100 5 2
507812.5
429687.5
100 5 2
507812.5
429687.5
100 5 2
507812.5
429687.5
100 5 2
468750.0
429687.5
100 5 2
507812.5
429687.5
100 5 2
468750.0
371093.75
100 5 2
468750.0
371093.75
100 5 2
546875.0
332031.25
100 5 2
507812.5
390625.0
100 5 2
507812.5
332031.25
100 5 2
468750.0
351562.5
100 5 2
468750.0
351562.5
100 5 2
507812.5
371093.75
100 5 2
507812.5
390625.0
100 5 2
507812.5
371093.75
100 5 2
468750.0
351562.5
100 5 2
507812.5
390625.0
100 5 2
468750.0
371093.75
100 5 2
468750.0
410156.25
100 5 2
507812.5
351562.5
100 5 2
507812.5
390625.0
100 5 2
507812.5
332031.25
100 5 2
468750.0
390625.0
100 5 2
507812.5
371093.75
100 5 2
468750.0
390625.0
177 5 2
1171875.0
859375.0
177 5 2
1250000.0
937500.0
177 5 2
1171875.0
937500.0
177 5 2
1250000.0
1015625.0
177 5 2
1250000.0
1015625.0
177 5 2
1250000.0
1015625.0
177 5 2
1093750.0
1093750.0
177 5 2
1171875.0
1015625.0
177 5 2
1250000.0
1015625.0
177 5 2
1250000.0
1015625.0
177 5 2
1328125.0
1015625.0
177 5 2
1171875.0
1093750.0
177 5 2
1171875.0
1015625.0
177 5 2
1171875.0
937500.0
177 5 2
1250000.0
859375.0
177 5 2
1171875.0
937500.0
177 5 2
1171875.0
859375.0
177 5 2
1171875.0
937500.0
177 5 2
1171875.0
1015625.0
177 5 2
1171875.0
859375.0
177 5 2
1250000.0
859375.0
177 5 2
1093750.0
937500.0
177 5 2
1250000.0
937500.0
177 5 2
1250000.0
1015625.0
177 5 2
1171875.0
1015625.0
177 5 2
1171875.0
859375.0
177 5 3
1171875.0
1015625.0
177 5 2
1093750.0
1015625.0
177 5 2
1171875.0
1015625.0
177 5 2
1171875.0
937500.0
177 5 2
1250000.0
937500.0
177 5 2
1093750.0
1015625.0
316 5 2
2812500.0
2812500.0
316 5 2
2812500.0
2812500.0
316 5 2
2656250.0
2812500.0
316 5 3
2812500.0
4375000.0
316 5 2
2812500.0
3750000.0
316 5 3
2968750.0
3437500.0
316 5 3
2968750.0
3437500.0
316 5 2
2656250.0
3437500.0
316 5 3
2968750.0
4062500.0
316 5 2
2812500.0
3437500.0
316 5 2
2812500.0
2812500.0
316 5 2
2812500.0
2656250.0
316 5 2
2656250.0
3437500.0
316 5 2
2968750.0
3437500.0
316 5 2
2656250.0
3437500.0
316 5 2
2968750.0
4062500.0
316 5 2
2968750.0
3437500.0
316 5 2
2812500.0
3593750.0
316 5 2
2812500.0
3437500.0
316 5 3
2812500.0
4375000.0
316 5 3
2968750.0
2812500.0
316 5 2
2968750.0
3437500.0
316 5 2
2656250.0
2656250.0
316 5 3
2656250.0
3125000.0
316 5 2
2812500.0
2812500.0
316 5 2
2968750.0
3437500.0
316 5 2
2812500.0
2812500.0
316 5 2
2968750.0
2656250.0
316 5 3
2812500.0
2656250.0
316 5 2
2812500.0
2500000.0
316 5 2
3125000.0
2656250.0
316 5 2
2812500.0
2812500.0
562 5 2
6875000.0
6875000.0
562 5 3
6875000.0
1.1875E7
562 5 3
6875000.0
1.5E7
562 5 3
6875000.0
1.625E7
562 5 2
6875000.0
8750000.0
562 5 3
7500000.0
1.1875E7
562 5 3
6875000.0
9375000.0
562 5 3
6875000.0
1.0E7
562 5 3
6875000.0
9375000.0
562 5 3
6875000.0
8125000.0
562 5 3
6875000.0
1.1875E7
562 5 3
6875000.0
8750000.0
562 5 2
6875000.0
7500000.0
562 5 3
6875000.0
1.125E7
562 5 3
6875000.0
8125000.0
562 5 2
7500000.0
7500000.0
562 5 2
6875000.0
8750000.0
562 5 2
6875000.0
9375000.0
562 5 3
6875000.0
8750000.0
562 5 3
6875000.0
6875000.0
562 5 3
6875000.0
7500000.0
562 5 3
7187500.0
7500000.0
562 5 3
7500000.0
6875000.0
562 5 3
6875000.0
8125000.0
562 5 3
8125000.0
7500000.0
562 5 3
8750000.0
8750000.0
562 5 3
7187500.0
6875000.0
562 5 3
8750000.0
8125000.0
562 5 3
9062500.0
6875000.0
562 5 3
7187500.0
6875000.0
562 5 3
7500000.0
9062500.0
1000 5 3
1.625E7
2.75E7
1000 5 3
1.625E7
2.0E7
562 5 3
8125000.0
1.125E7
1000 5 3
1.625E7
1.875E7
1000 5 3
1.75E7
4.0E7
1000 5 3
1.75E7
2.75E7
1000 5 3
1.75E7
5.5E7
1000 5 3
1.75E7
3.75E7
1000 5 3
1.875E7
3.5E7
1000 5 3
1.875E7
3.5E7
1000 5 3
1.625E7
2.0E7
1000 5 3
1.875E7
4.0E7
1000 5 3
1.875E7
3.0E7
1000 5 3
1.625E7
2.875E7
1000 5 3
1.625E7
3.375E7
1000 5 3
1.5E7
3.375E7
1000 5 3
1.875E7
2.75E7
1000 5 3
1.625E7
3.0E7
1000 5 3
1.625E7
3.5E7
1000 5 3
1.5E7
2.875E7
1000 5 3
1.5E7
2.875E7
1000 5 3
1.625E7
2.125E7
1000 5 3
1.625E7
2.75E7
1000 5 3
1.625E7
2.125E7
1000 5 3
1.5E7
1.875E7
1000 5 3
1.5E7
2.125E7
1000 5 3
1.875E7
2.125E7
1000 5 3
2.25E7
2.0E7
1000 5 3
2.5E7
2.5E7
1778 5 3
4.25E7
6.0E7
1778 5 3
3.75E7
1.1E8
1000 5 3
2.75E7
2.625E7
1778 5 3
3.5E7
5.5E7
1778 5 3
3.5E7
8.0E7
1778 5 3
3.75E7
1.1E8
1000 5 3
1.75E7
2.25E7
1778 5 3
3.75E7
7.0E7
1000 5 3
1.625E7
2.875E7
1778 5 3
3.75E7
6.0E7
1000 5 3
1.625E7
2.375E7
1778 5 3
3.75E7
7.5E7
1778 5 3
3.75E7
1.05E8
1778 5 3
3.75E7
7.0E7
1778 5 3
4.0E7
1.5E8
1778 5 3
3.75E7
1.4E8
1778 5 3
3.5E7
8.0E7
1778 5 3
3.75E7
8.5E7
1778 5 4
3.5E7
8.5E7
1778 5 3
3.75E7
8.5E7
1778 5 3
3.75E7
7.0E7
1778 5 4
4.0E7
5.5E7
1778 5 3
3.5E7
1.1E8
1778 5 3
3.75E7
6.5E7
1778 5 3
3.5E7
1.0E8
1778 5 3
4.5E7
7.0E7
1778 5 3
3.75E7
6.5E7
1778 5 4
3.75E7
6.5E7
1778 5 3
4.0E7
5.5E7
1778 5 3
3.75E7
5.5E7
3162 5 3
1.1E8
2.0E8
1778 5 4
3.75E7
5.5E7
1778 5 3
4.0E7
6.0E7
1778 5 3
4.0E7
7.0E7
1778 5 3
4.0E7
5.5E7
1778 5 3
4.25E7
8.5E7
1778 5 3
3.5E7
9.5E7
3162 5 4
9.5E7
2.2E8
3162 5 3
8.5E7
2.1E8
3162 5 3
9.0E7
2.4E8
3162 5 3
8.5E7
2.7E8
3162 5 3
8.5E7
2.0E8
3162 5 4
8.0E7
2.2E8
3162 5 3
8.0E7
2.6E8
3162 5 3
8.5E7
2.8E8
3162 5 3
8.0E7
2.3E8
3162 5 3
8.5E7
2.7E8
3162 5 4
8.5E7
2.4E8
3162 5 3
8.0E7
2.7E8
3162 5 4
8.5E7
2.6E8
3162 5 4
8.5E7
3.0E8
3162 5 4
8.5E7
2.6E8
3162 5 3
8.0E7
3.0E8
3162 5 4
8.5E7
2.8E8
3162 5 4
1.0E8
2.6E8
3162 5 3
9.5E7
2.5E8
3162 5 3
8.5E7
2.1E8
3162 5 4
9.5E7
2.4E8
3162 5 3
1.05E8
2.4E8
3162 5 3
1.0E8
2.2E8
3162 5 3
9.5E7
2.3E8
3162 5 3
8.0E7
2.3E8
3162 5 4
1.2E8
2.2E8
3162 5 3
8.0E7
2.2E8
3162 5 4
8.5E7
2.3E8
3162 5 3
7.5E7
2.5E8
3162 5 4
9.0E7
2.6E8
3162 5 4
9.5E7
2.4E8
5623 5 4
2.0E8
6.5E8
5623 5 4
2.0E8
6.9E8
5623 5 4
1.9E8
8.8E8
5623 5 4
1.9E8
6.7E8
5623 5 4
1.8E8
9.6E8
5623 5 4
1.8E8
6.9E8
5623 5 4
2.1E8
9.7E8
5623 5 4
2.2E8
8.5E8
5623 5 4
1.9E8
6.6E8
5623 5 4
2.1E8
9.9E8
5623 5 4
1.9E8
6.8E8
5623 5 4
2.0E8
6.6E8
5623 5 4
2.0E8
9.8E8
5623 5 4
2.0E8
8.2E8
5623 5 4
2.1E8
9.0E8
5623 5 4
2.0E8
9.2E8
5623 5 4
2.4E8
8.5E8
5623 5 4
1.9E8
1.02E9
5623 5 4
1.8E8
8.4E8
5623 5 4
1.9E8
9.8E8
5623 5 4
1.8E8
8.1E8
5623 5 4
2.0E8
9.9E8
5623 5 4
2.0E8
1.11E9
5623 5 4
2.1E8
9.7E8
5623 5 4
2.3E8
1.09E9
5623 5 4
2.3E8
9.5E8
5623 5 4
2.1E8
9.0E8
5623 5 4
2.3E8
9.7E8
5623 5 4
2.1E8
1.02E9
5623 5 4
3.0E8
8.5E8
5623 5 4
3.0E8
8.4E8
5623 5 4
3.0E8
8.6E8
10000 5 4
4.2E8
2.2E9
10000 5 4
3.8E8
2.12E9
10000 5 4
4.3E8
2.4E9
10000 5 4
4.2E8
1.99E9
10000 5 4
4.6E8
2.13E9
10000 5 4
4.1E8
2.64E9
10000 5 4
4.1E8
2.56E9
10000 5 4
3.9E8
2.34E9
10000 5 4
5.1E8
2.29E9
10000 5 4
4.3E8
2.5E9
10000 5 4
4.1E8
2.67E9
10000 5 4
4.3E8
2.85E9
10000 5 4
4.3E8
2.65E9
10000 5 4
4.2E8
2.65E9
10000 5 4
3.9E8
2.97E9
10000 5 4
4.4E8
2.2E9
10000 5 4
3.9E8
2.88E9
10000 5 4
4.2E8
2.81E9
10000 5 4
4.5E8
2.72E9
10000 5 4
4.1E8
2.95E9
10000 5 4
4.3E8
2.86E9
10000 5 4
4.0E8
2.42E9
10000 5 4
4.5E8
2.87E9
10000 5 4
4.2E8
2.82E9
10000 5 4
4.6E8
2.66E9
10000 5 4
5.4E8
2.52E9
10000 5 4
4.4E8
2.85E9
10000 5 4
4.9E8
2.63E9
10000 5 4
4.9E8
2.73E9
10000 5 4
4.5E8
2.85E9
10000 5 4
4.8E8
2.49E9
10000 5 4
4.1E8
3.17E9
17782 5 4
8.6E8
6.93E9
17782 5 4
9.5E8
7.44E9
17782 5 4
9.0E8
7.9E9
17782 5 4
9.7E8
7.59E9
17782 5 4
9.4E8
7.98E9
17782 5 4
8.8E8
8.16E9
17782 5 4
8.8E8
8.42E9
17782 5 4
9.5E8
8.4E9
17782 5 4
9.4E8
8.12E9
17782 5 4
8.8E8
8.95E9
17782 5 4
9.7E8
9.05E9
17782 5 4
9.6E8
8.66E9
17782 5 4
9.8E8
8.38E9
17782 5 4
9.3E8
8.95E9
17782 5 4
9.7E8
8.64E9
17782 5 4
9.0E8
8.9E9
17782 5 4
9.6E8
8.98E9
17782 5 4
9.2E8
9.63E9
17782 5 4
1.0E9
9.1E9
17782 5 4
9.4E8
9.09E9
17782 5 4
9.1E8
9.19E9
17782 5 4
9.8E8
1.022E10
17782 5 4
9.1E8
9.89E9
17782 5 4
1.01E9
1.005E10
17782 5 4
1.0E9
1.099E10
17782 5 4
1.03E9
1.056E10
17782 5 4
1.02E9
1.08E10
17782 5 4
9.8E8
1.137E10
17782 5 4
9.9E8
1.109E10
17782 5 4
1.04E9
1.13E10
17782 5 4
9.9E8
1.185E10
17782 5 4
8.9E8
1.299E10
31622 5 4
2.07E9
2.542E10
31622 5 4
2.09E9
2.576E10
31622 5 4
2.07E9
2.728E10
31622 5 4
2.1E9
2.842E10
31622 5 4
2.05E9
2.94E10
31622 5 4
2.08E9
3.09E10
31622 5 4
2.11E9
3.298E10
31622 5 4
2.15E9
3.283E10
31622 5 4
2.13E9
3.19E10
31622 5 4
2.6E9
2.998E10
31622 5 4
2.19E9
3.367E10
31622 5 4
2.17E9
3.373E10
31622 5 4
2.07E9
3.303E10
31622 5 4
2.31E9
3.414E10
31622 5 4
2.47E9
3.328E10
31622 5 4
2.48E9
3.129E10
31622 5 4
2.77E9
3.02E10
31622 5 4
2.67E9
3.142E10
31622 5 4
2.31E9
3.392E10
31622 5 4
2.38E9
3.214E10
31622 5 4
2.47E9
3.128E10
31622 5 4
2.26E9
3.379E10
31622 5 4
2.28E9
3.561E10
31622 5 4
2.12E9
3.709E10
31622 5 4
2.08E9
3.974E10
31622 5 4
2.17E9
3.858E10
31622 5 4
2.78E9
3.751E10
31622 5 4
2.4E9
4.139E10
31622 5 4
2.57E9
4.46E10
31622 5 4
2.12E9
4.455E10
31622 5 4
2.63E9
4.932E10
31622 5 4
2.56E9
4.909E10
56234 5 4
4.45E9
8.886E10
56234 5 4
4.34E9
9.707E10
56234 5 4
4.49E9
1.0154E11
56234 5 4
4.26E9
1.0316E11
56234 5 4
4.22E9
1.0601E11
56234 5 4
4.53E9
1.0221E11
56234 5 4
4.52E9
1.0031E11
56234 5 4
4.66E9
1.0524E11
56234 5 4
4.66E9
9.944E10
56234 5 4
4.85E9
1.0495E11
56234 5 4
5.09E9
1.0039E11
56234 5 4
4.64E9
1.037E11
56234 5 4
4.66E9
1.0608E11
56234 5 4
4.53E9
1.0699E11
56234 5 4
4.51E9
1.1486E11
56234 5 4
4.65E9
1.0907E11
56234 5 4
4.1E9
9.922E10
56234 5 4
5.14E9
1.0838E11
56234 5 4
4.95E9
1.107E11
56234 5 4
5.63E9
1.0955E11
56234 5 4
4.64E9
1.0545E11
56234 5 4
4.28E9
1.1698E11
56234 5 4
4.68E9
1.2548E11
56234 5 4
5.65E9
1.2407E11
56234 5 4
6.32E9
1.1645E11
56234 5 4
4.86E9
1.3053E11
56234 5 4
4.79E9
1.2601E11
56234 5 4
4.79E9
1.3337E11
56234 5 4
5.15E9
1.1852E11
56234 5 4
4.67E9
1.396E11
56234 5 4
5.56E9
1.417E11
56234 5 4
5.24E9
1.2485E11
100000 5 4
1.322E10
2.9385E11
100000 5 4
1.124E10
2.9724E11
100000 5 4
1.214E10
3.1398E11
100000 5 4
1.017E10
3.1998E11
100000 5 4
1.089E10
3.3667E11
100000 5 4
9.75E9
3.3454E11
100000 5 4
9.24E9
3.6624E11
100000 5 4
1.178E10
3.5079E11
100000 5 4
9.61E9
3.7236E11
100000 5 4
1.004E10
3.6717E11
100000 5 4
1.058E10
3.6946E11
100000 5 4
9.5E9
3.7332E11
100000 5 4
9.79E9
3.7062E11
100000 5 4
1.248E10
3.7312E11
100000 5 4
9.85E9
3.5794E11
100000 5 4
9.88E9
4.1064E11
100000 5 4
1.165E10
3.6196E11
100000 5 4
1.041E10
3.7873E11
100000 5 4
9.96E9
3.5867E11
100000 5 4
9.8E9
3.5645E11
100000 5 4
1.017E10
3.7026E11
100000 5 4
9.87E9
3.9238E11
100000 5 4
9.88E9
3.7136E11
100000 5 4
1.149E10
3.9465E11
100000 5 4
1.025E10
3.8998E11
100000 5 4
1.137E10
3.6342E11
100000 5 4
1.101E10
4.0361E11
100000 5 4
1.069E10
3.8493E11
100000 5 4
9.71E9
3.8849E11
100000 5 4
1.205E10
4.0448E11
100000 5 4
1.093E10
3.9245E11
100000 5 4
1.068E10
3.9207E11
