100 7 2
585937.5
429687.5
100 7 1
546875.0
429687.5
100 7 1
546875.0
429687.5
100 7 1
585937.5
429687.5
100 7 2
507812.5
429687.5
100 7 1
585937.5
429687.5
100 7 1
585937.5
429687.5
100 7 1
585937.5
468750.0
100 7 1
546875.0
429687.5
100 7 1
585937.5
468750.0
100 7 2
585937.5
429687.5
100 7 1
546875.0
429687.5
100 7 1
546875.0
429687.5
100 7 1
625000.0
429687.5
100 7 1
585937.5
429687.5
100 7 1
585937.5
429687.5
100 7 1
585937.5
429687.5
100 7 1
625000.0
429687.5
100 7 1
546875.0
429687.5
100 7 1
585937.5
429687.5
100 7 1
546875.0
371093.75
100 7 1
585937.5
390625.0
100 7 1
585937.5
371093.75
100 7 1
585937.5
410156.25
100 7 1
546875.0
390625.0
100 7 1
546875.0
371093.75
100 7 1
546875.0
390625.0
100 7 1
585937.5
410156.25
100 7 1
585937.5
410156.25
100 7 1
585937.5
390625.0
100 7 1
585937.5
410156.25
100 7 1
546875.0
390625.0
177 7 2
1718750.0
1015625.0
177 7 2
1406250.0
1171875.0
177 7 2
1562500.0
1093750.0
177 7 1
1406250.0
1171875.0
177 7 1
1406250.0
1093750.0
177 7 2
1484375.0
1093750.0
177 7 1
1484375.0
1171875.0
177 7 1
1562500.0
1015625.0
177 7 2
1484375.0
1093750.0
177 7 1
1484375.0
1093750.0
177 7 1
1406250.0
1015625.0
177 7 2
1406250.0
1093750.0
177 7 1
1406250.0
1171875.0
177 7 1
1406250.0
1328125.0
177 7 1
1718750.0
1171875.0
177 7 2
1484375.0
1093750.0
177 7 1
1484375.0
1171875.0
177 7 1
1406250.0
1171875.0
177 7 1
1562500.0
1171875.0
177 7 1
1484375.0
1171875.0
177 7 1
1562500.0
1015625.0
177 7 1
1406250.0
1015625.0
177 7 2
1484375.0
1015625.0
177 7 1
1484375.0
1093750.0
177 7 1
1562500.0
1015625.0
177 7 1
1484375.0
1093750.0
177 7 2
1484375.0
1093750.0
177 7 1
1484375.0
937500.0
177 7 2
1562500.0
1015625.0
177 7 2
1484375.0
1015625.0
177 7 1
1562500.0
1093750.0
177 7 1
1484375.0
1093750.0
316 7 2
4062500.0
3437500.0
316 7 2
3750000.0
3437500.0
316 7 2
3750000.0
3437500.0
316 7 1
3750000.0
3437500.0
316 7 2
3750000.0
3437500.0
316 7 1
3750000.0
3437500.0
316 7 1
3750000.0
3750000.0
316 7 2
4062500.0
3437500.0
316 7 1
4062500.0
3437500.0
316 7 2
3750000.0
4062500.0
316 7 2
4062500.0
4062500.0
316 7 2
3437500.0
3281250.0
316 7 1
3437500.0
3437500.0
316 7 2
4062500.0
3750000.0
316 7 1
4062500.0
3281250.0
316 7 1
3750000.0
4062500.0
316 7 1
4062500.0
3437500.0
316 7 2
3750000.0
3750000.0
316 7 1
3750000.0
3281250.0
316 7 2
3750000.0
3437500.0
316 7 1
3437500.0
3437500.0
316 7 1
3750000.0
3437500.0
316 7 1
3750000.0
3281250.0
316 7 1
3750000.0
3281250.0
316 7 1
3750000.0
3281250.0
316 7 1
4062500.0
2968750.0
316 7 1
3750000.0
2968750.0
316 7 2
3750000.0
2812500.0
316 7 1
3437500.0
3281250.0
316 7 1
3750000.0
2968750.0
316 7 2
3750000.0
2968750.0
316 7 2
4375000.0
2968750.0
562 7 2
1.0E7
8750000.0
562 7 2
1.0E7
8750000.0
562 7 2
1.0E7
9375000.0
562 7 2
1.0E7
9375000.0
562 7 2
9375000.0
9375000.0
562 7 2
1.0E7
1.0E7
562 7 2
9375000.0
9375000.0
562 7 2
1.0E7
9375000.0
562 7 2
1.0E7
8750000.0
562 7 2
1.0E7
1.0625E7
562 7 2
9375000.0
1.125E7
562 7 2
9375000.0
1.0E7
562 7 2
9375000.0
8750000.0
562 7 2
1.0E7
1.125E7
562 7 2
1.0E7
1.0625E7
562 7 2
9375000.0
1.0E7
562 7 2
9375000.0
1.125E7
562 7 1
9375000.0
1.125E7
562 7 2
1.0E7
1.0E7
562 7 2
9375000.0
1.0E7
562 7 2
9375000.0
1.0E7
562 7 2
9375000.0
1.0E7
562 7 2
1.0E7
1.0E7
562 7 1
1.0E7
8750000.0
562 7 2
1.0E7
9375000.0
562 7 2
1.0625E7
8750000.0
562 7 2
1.0625E7
8750000.0
562 7 2
9375000.0
8750000.0
562 7 2
9375000.0
8750000.0
562 7 2
1.0E7
9375000.0
562 7 2
1.0E7
1.0E7
562 7 2
1.0E7
9375000.0
1000 7 2
2.5E7
3.25E7
1000 7 2
2.75E7
2.75E7
1000 7 2
2.5E7
2.75E7
1000 7 2
2.625E7
2.75E7
1000 7 2
2.625E7
2.75E7
1000 7 2
2.75E7
2.75E7
1000 7 2
2.75E7
2.75E7
1000 7 2
2.5E7
2.75E7
1000 7 2
2.75E7
3.25E7
1000 7 2
2.375E7
2.75E7
1000 7 2
2.5E7
2.75E7
1000 7 2
2.375E7
3.0E7
1000 7 2
2.375E7
2.625E7
1000 7 2
2.375E7
3.0E7
1000 7 2
2.25E7
2.75E7
1000 7 2
2.625E7
2.75E7
1000 7 2
2.75E7
2.875E7
1000 7 2
3.25E7
2.625E7
1000 7 2
2.375E7
2.75E7
1000 7 2
2.375E7
2.75E7
1000 7 2
2.5E7
3.25E7
1000 7 2
2.5E7
2.875E7
1778 7 2
6.0E7
1.3E8
1000 7 2
2.5E7
2.75E7
1778 7 2
6.0E7
1.3E8
1000 7 2
2.125E7
3.25E7
1000 7 2
2.5E7
5.5E7
1000 7 2
2.375E7
3.0E7
1000 7 2
2.375E7
3.0E7
1778 7 2
6.0E7
1.1E8
1000 7 2
2.5E7
3.0E7
1000 7 2
2.5E7
3.25E7
1000 7 2
2.5E7
3.0E7
1000 7 2
2.375E7
3.75E7
1778 7 2
6.0E7
1.45E8
1778 7 2
7.0E7
1.5E8
1778 7 2
6.5E7
9.5E7
1778 7 2
6.0E7
1.05E8
1000 7 2
2.5E7
4.25E7
1778 7 2
6.0E7
1.0E8
1778 7 2
6.0E7
1.3E8
1778 7 2
7.0E7
1.1E8
1778 7 2
6.0E7
1.0E8
1778 7 2
6.5E7
8.5E7
1778 7 2
6.0E7
9.5E7
1778 7 2
7.0E7
9.0E7
1778 7 2
7.0E7
8.5E7
1778 7 2
5.5E7
1.1E8
1778 7 2
6.5E7
9.5E7
1778 7 2
7.0E7
9.5E7
1778 7 2
6.0E7
8.5E7
1778 7 2
6.0E7
1.3E8
1778 7 2
7.0E7
1.0E8
1778 7 2
6.0E7
1.0E8
1778 7 2
6.5E7
1.0E8
1778 7 2
6.0E7
1.0E8
1778 7 2
8.0E7
1.1E8
1778 7 2
6.0E7
1.1E8
1778 7 2
6.0E7
9.0E7
1778 7 2
5.5E7
9.0E7
1778 7 2
5.5E7
9.5E7
1778 7 2
6.0E7
1.1E8
1778 7 2
6.0E7
1.1E8
1778 7 2
6.5E7
1.0E8
3162 7 2
1.5E8
3.0E8
3162 7 2
1.4E8
2.8E8
3162 7 2
1.4E8
3.1E8
3162 7 2
1.5E8
3.4E8
3162 7 2
1.6E8
3.5E8
3162 7 2
1.5E8
3.5E8
3162 7 2
1.6E8
3.5E8
3162 7 2
1.4E8
3.3E8
3162 7 2
1.6E8
3.2E8
3162 7 2
1.4E8
3.5E8
3162 7 2
1.7E8
3.1E8
3162 7 2
1.7E8
3.5E8
3162 7 2
1.6E8
3.4E8
3162 7 2
1.7E8
3.1E8
3162 7 2
1.4E8
3.0E8
3162 7 2
1.6E8
2.8E8
3162 7 2
1.9E8
2.8E8
3162 7 2
1.4E8
3.1E8
3162 7 2
1.7E8
2.8E8
3162 7 2
1.6E8
3.4E8
3162 7 2
1.7E8
2.9E8
3162 7 2
1.7E8
3.0E8
3162 7 3
1.5E8
2.6E8
3162 7 2
1.7E8
3.7E8
3162 7 2
1.4E8
2.4E8
3162 7 2
1.7E8
3.7E8
3162 7 2
1.4E8
2.8E8
3162 7 2
1.6E8
3.1E8
3162 7 2
1.7E8
2.6E8
3162 7 2
1.4E8
3.3E8
3162 7 2
1.7E8
2.5E8
3162 7 2
1.9E8
2.7E8
5623 7 2
3.7E8
1.27E9
5623 7 2
3.6E8
1.1E9
5623 7 2
3.3E8
1.27E9
5623 7 2
3.5E8
1.26E9
5623 7 3
3.5E8
1.14E9
5623 7 2
3.4E8
1.22E9
5623 7 2
3.4E8
1.31E9
5623 7 3
3.4E8
1.36E9
5623 7 2
3.4E8
1.26E9
5623 7 2
3.4E8
1.48E9
5623 7 2
3.5E8
1.34E9
5623 7 2
3.3E8
1.31E9
5623 7 3
3.6E8
1.21E9
5623 7 2
3.4E8
1.41E9
5623 7 2
3.5E8
1.5E9
5623 7 2
3.3E8
1.57E9
5623 7 2
3.6E8
1.32E9
5623 7 2
3.6E8
1.53E9
5623 7 3
3.7E8
1.3E9
5623 7 2
3.7E8
1.29E9
5623 7 2
3.4E8
1.48E9
5623 7 2
3.8E8
1.38E9
5623 7 2
3.5E8
1.4E9
5623 7 2
3.9E8
1.84E9
5623 7 2
3.7E8
1.46E9
5623 7 3
3.4E8
1.8E9
5623 7 2
3.4E8
1.63E9
5623 7 2
4.0E8
1.36E9
5623 7 2
3.6E8
1.57E9
5623 7 2
3.7E8
1.53E9
5623 7 2
3.9E8
1.53E9
5623 7 2
4.0E8
1.6E9
10000 7 2
8.0E8
3.53E9
10000 7 2
8.1E8
3.69E9
10000 7 2
7.8E8
3.84E9
10000 7 3
8.0E8
4.04E9
10000 7 2
8.4E8
3.62E9
10000 7 2
8.0E8
3.64E9
10000 7 2
7.7E8
4.19E9
10000 7 3
7.8E8
4.54E9
10000 7 2
8.2E8
4.29E9
10000 7 2
8.5E8
4.8E9
10000 7 2
7.9E8
4.52E9
10000 7 2
7.9E8
4.47E9
10000 7 2
9.7E8
4.76E9
10000 7 2
8.0E8
4.54E9
10000 7 2
7.7E8
4.73E9
10000 7 2
8.0E8
4.85E9
10000 7 3
8.2E8
4.5E9
10000 7 3
7.7E8
4.78E9
10000 7 2
9.1E8
4.46E9
10000 7 2
8.1E8
4.23E9
10000 7 3
8.0E8
4.8E9
10000 7 2
8.4E8
4.69E9
10000 7 2
8.9E8
4.52E9
10000 7 2
8.4E8
4.8E9
10000 7 2
8.5E8
4.56E9
10000 7 2
9.1E8
4.89E9
10000 7 3
8.3E8
5.0E9
10000 7 2
8.0E8
5.0E9
10000 7 3
8.6E8
4.85E9
10000 7 2
7.9E8
5.05E9
10000 7 2
8.3E8
5.25E9
10000 7 3
9.0E8
4.88E9
17782 7 3
1.92E9
1.486E10
17782 7 3
1.87E9
1.495E10
17782 7 2
2.04E9
1.409E10
17782 7 2
1.85E9
1.513E10
17782 7 3
2.34E9
1.415E10
17782 7 3
1.95E9
1.588E10
17782 7 2
1.86E9
1.545E10
17782 7 2
1.98E9
1.496E10
17782 7 3
1.98E9
1.616E10
17782 7 2
1.82E9
1.575E10
17782 7 3
2.01E9
1.516E10
17782 7 2
2.11E9
1.58E10
17782 7 2
1.94E9
1.548E10
17782 7 3
1.82E9
1.594E10
17782 7 3
2.13E9
1.543E10
17782 7 2
1.86E9
1.536E10
17782 7 2
2.07E9
1.485E10
17782 7 3
1.83E9
1.627E10
17782 7 3
2.13E9
1.632E10
17782 7 2
1.9E9
1.595E10
17782 7 3
2.08E9
1.519E10
17782 7 2
1.85E9
1.628E10
17782 7 3
1.9E9
1.817E10
17782 7 3
1.81E9
1.629E10
17782 7 3
1.9E9
1.635E10
17782 7 3
2.31E9
1.542E10
17782 7 3
2.06E9
1.587E10
17782 7 3
1.91E9
1.764E10
17782 7 3
2.05E9
1.697E10
17782 7 3
1.89E9
1.742E10
17782 7 3
1.92E9
1.754E10
17782 7 3
2.23E9
1.601E10
31622 7 3
4.69E9
4.956E10
31622 7 3
4.53E9
4.936E10
31622 7 3
4.44E9
5.232E10
31622 7 3
4.28E9
5.349E10
31622 7 3
4.59E9
5.411E10
31622 7 3
4.48E9
5.635E10
31622 7 3
4.78E9
5.293E10
31622 7 3
4.85E9
5.297E10
31622 7 3
4.71E9
5.583E10
31622 7 3
4.37E9
5.701E10
31622 7 3
4.75E9
5.666E10
31622 7 3
4.48E9
5.64E10
31622 7 3
4.96E9
5.644E10
31622 7 3
5.16E9
5.592E10
31622 7 3
4.43E9
5.902E10
31622 7 3
4.45E9
5.953E10
31622 7 3
4.53E9
6.051E10
31622 7 3
4.58E9
5.818E10
31622 7 3
4.91E9
5.835E10
31622 7 3
4.45E9
5.882E10
31622 7 3
4.69E9
5.928E10
31622 7 3
4.62E9
5.906E10
31622 7 3
4.47E9
5.933E10
31622 7 3
4.63E9
5.934E10
31622 7 3
4.73E9
6.011E10
31622 7 3
4.68E9
6.017E10
31622 7 3
4.65E9
6.083E10
31622 7 3
4.53E9
6.092E10
31622 7 3
4.61E9
6.161E10
31622 7 3
4.41E9
6.311E10
31622 7 3
4.68E9
6.475E10
31622 7 3
4.52E9
6.603E10
56234 7 3
1.064E10
1.4148E11
56234 7 3
1.024E10
1.581E11
56234 7 3
1.077E10
1.5782E11
56234 7 3
1.009E10
1.6344E11
56234 7 3
1.111E10
1.6557E11
56234 7 3
1.065E10
1.6801E11
56234 7 3
1.109E10
1.7358E11
56234 7 3
1.215E10
1.7154E11
56234 7 3
1.037E10
1.8128E11
56234 7 3
1.033E10
1.8976E11
56234 7 3
1.062E10
1.943E11
56234 7 3
1.128E10
1.8516E11
56234 7 3
1.044E10
1.9362E11
56234 7 3
1.048E10
1.9239E11
56234 7 3
1.076E10
1.952E11
56234 7 3
1.103E10
2.0055E11
56234 7 3
1.061E10
1.9524E11
56234 7 3
1.046E10
1.9761E11
56234 7 3
1.09E10
1.9927E11
56234 7 3
1.105E10
2.0018E11
56234 7 3
1.104E10
1.9848E11
56234 7 3
1.083E10
2.0278E11
56234 7 3
1.154E10
2.0517E11
56234 7 3
1.132E10
2.0474E11
56234 7 3
1.112E10
2.1956E11
56234 7 3
1.157E10
2.2164E11
56234 7 3
1.314E10
2.1979E11
56234 7 3
1.152E10
2.2011E11
56234 7 3
1.126E10
2.2488E11
56234 7 3
1.243E10
2.3259E11
56234 7 3
1.097E10
2.2949E11
56234 7 3
1.115E10
2.328E11
100000 7 3
2.352E10
5.3524E11
100000 7 3
2.504E10
5.295E11
100000 7 3
2.443E10
5.8469E11
100000 7 3
2.477E10
5.5823E11
100000 7 3
2.392E10
5.5658E11
100000 7 3
2.424E10
5.7847E11
100000 7 3
2.388E10
5.6268E11
100000 7 3
2.433E10
5.7943E11
100000 7 3
2.403E10
5.4413E11
100000 7 3
2.498E10
5.6627E11
100000 7 3
2.519E10
6.3551E11
100000 7 3
2.458E10
5.6665E11
100000 7 3
2.42E10
5.6754E11
100000 7 3
2.479E10
6.2653E11
100000 7 3
2.518E10
6.1656E11
100000 7 3
2.383E10
5.7488E11
100000 7 3
2.4E10
6.3013E11
100000 7 3
2.55E10
5.6669E11
100000 7 4
2.505E10
6.2238E11
100000 7 3
2.416E10
6.5249E11
100000 7 3
2.51E10
5.763E11
100000 7 3
2.459E10
6.1889E11
100000 7 3
2.447E10
6.1408E11
100000 7 3
2.422E10
6.254E11
100000 7 3
2.339E10
6.8765E11
100000 7 3
2.433E10
6.1968E11
100000 7 3
2.407E10
6.2113E11
100000 7 3
2.454E10
6.3995E11
100000 7 3
2.413E10
6.655E11
100000 7 3
2.441E10
6.1398E11
100000 7 3
2.483E10
6.4097E11
100000 7 3
2.453E10
6.7025E11
