100 7 1
585937.5
429687.5
100 7 1
585937.5
429687.5
100 7 1
546875.0
429687.5
100 7 1
546875.0
429687.5
100 7 1
585937.5
429687.5
100 7 1
546875.0
429687.5
100 7 1
585937.5
429687.5
100 7 1
546875.0
429687.5
100 7 1
585937.5
429687.5
100 7 1
625000.0
429687.5
100 7 1
546875.0
371093.75
100 7 1
546875.0
351562.5
100 7 1
585937.5
371093.75
100 7 1
546875.0
371093.75
100 7 1
546875.0
390625.0
100 7 1
585937.5
410156.25
100 7 1
507812.5
410156.25
100 7 1
585937.5
390625.0
100 7 1
546875.0
390625.0
100 7 1
585937.5
390625.0
100 7 1
546875.0
390625.0
100 7 1
585937.5
410156.25
100 7 1
585937.5
410156.25
100 7 1
507812.5
390625.0
100 7 1
585937.5
371093.75
100 7 1
546875.0
371093.75
100 7 1
585937.5
390625.0
100 7 1
625000.0
390625.0
100 7 1
585937.5
371093.75
100 7 1
546875.0
410156.25
100 7 1
585937.5
410156.25
100 7 1
546875.0
371093.75
177 7 1
1406250.0
1015625.0
177 7 1
1406250.0
1015625.0
177 7 1
1484375.0
1093750.0
177 7 1
1406250.0
1015625.0
177 7 1
1484375.0
1093750.0
177 7 1
1328125.0
1171875.0
177 7 1
1484375.0
1093750.0
177 7 1
1484375.0
1015625.0
177 7 1
1328125.0
1015625.0
177 7 1
1484375.0
1250000.0
177 7 1
1406250.0
1171875.0
177 7 1
1406250.0
1093750.0
177 7 1
1484375.0
1015625.0
177 7 1
1484375.0
1015625.0
177 7 1
1406250.0
1093750.0
177 7 1
1484375.0
1015625.0
177 7 1
1562500.0
1093750.0
177 7 1
1484375.0
1250000.0
177 7 1
1484375.0
1093750.0
177 7 1
1562500.0
1328125.0
177 7 1
1484375.0
1328125.0
177 7 1
1484375.0
1250000.0
177 7 1
1484375.0
1015625.0
177 7 1
1640625.0
1015625.0
177 7 1
1484375.0
1015625.0
177 7 1
1640625.0
1015625.0
177 7 1
1484375.0
1093750.0
177 7 1
1484375.0
1093750.0
177 7 1
1562500.0
1093750.0
177 7 1
1484375.0
1015625.0
177 7 1
1406250.0
1015625.0
177 7 1
1484375.0
1015625.0
316 7 1
3750000.0
2968750.0
316 7 1
3750000.0
4062500.0
316 7 1
3750000.0
4375000.0
316 7 1
3750000.0
3593750.0
316 7 1
3750000.0
3437500.0
316 7 1
4062500.0
3750000.0
316 7 1
3750000.0
3750000.0
316 7 1
4062500.0
3437500.0
316 7 1
3750000.0
3750000.0
316 7 1
3750000.0
3281250.0
316 7 1
3750000.0
4062500.0
316 7 1
3750000.0
3593750.0
316 7 1
3750000.0
3750000.0
316 7 1
3750000.0
4062500.0
316 7 1
3750000.0
4375000.0
316 7 1
3750000.0
3125000.0
316 7 1
3750000.0
4062500.0
316 7 1
3750000.0
3750000.0
316 7 1
3750000.0
3437500.0
316 7 1
3750000.0
3281250.0
316 7 1
3750000.0
3750000.0
316 7 1
3750000.0
3750000.0
316 7 1
3750000.0
3750000.0
316 7 1
3750000.0
3437500.0
316 7 1
3437500.0
3281250.0
316 7 1
3750000.0
2812500.0
316 7 1
3750000.0
2812500.0
316 7 1
3750000.0
2812500.0
316 7 1
3437500.0
2968750.0
316 7 1
3750000.0
2812500.0
316 7 1
4062500.0
2812500.0
316 7 1
3750000.0
2968750.0
562 7 1
9375000.0
8750000.0
562 7 1
9375000.0
1.375E7
562 7 1
9375000.0
1.375E7
562 7 1
1.0E7
1.375E7
562 7 1
1.0E7
1.375E7
562 7 1
9375000.0
1.5E7
562 7 1
9375000.0
1.375E7
562 7 1
9375000.0
1.375E7
562 7 1
1.0E7
8125000.0
562 7 1
9375000.0
8750000.0
562 7 1
9375000.0
8750000.0
562 7 1
9375000.0
1.0E7
562 7 1
9375000.0
9375000.0
562 7 1
1.0E7
8125000.0
562 7 1
9375000.0
9375000.0
562 7 1
1.0E7
8750000.0
562 7 1
1.0E7
9375000.0
562 7 1
1.0E7
9375000.0
562 7 1
1.0E7
9375000.0
562 7 1
1.0E7
8750000.0
562 7 1
1.0625E7
9375000.0
562 7 1
9375000.0
8750000.0
562 7 1
9375000.0
8750000.0
562 7 1
1.0E7
8125000.0
562 7 1
9375000.0
8750000.0
562 7 1
9375000.0
7500000.0
562 7 1
8125000.0
6875000.0
562 7 1
1.0E7
7500000.0
562 7 1
8750000.0
8125000.0
562 7 1
1.0E7
8125000.0
562 7 1
9375000.0
8125000.0
562 7 1
1.0E7
8125000.0
1000 7 1
2.375E7
2.75E7
1000 7 1
2.25E7
3.0E7
1000 7 1
2.375E7
3.5E7
1000 7 1
2.25E7
3.75E7
1000 7 1
2.375E7
2.75E7
1000 7 1
2.375E7
3.25E7
1000 7 1
2.375E7
2.75E7
1000 7 1
2.375E7
2.75E7
1000 7 1
2.75E7
3.625E7
1000 7 1
2.25E7
2.75E7
1000 7 1
2.375E7
2.75E7
1000 7 1
2.375E7
4.0E7
1000 7 1
2.25E7
3.0E7
1000 7 1
2.25E7
3.25E7
1000 7 1
2.25E7
2.75E7
1000 7 1
2.375E7
2.75E7
1000 7 1
2.125E7
3.25E7
1000 7 1
2.375E7
2.75E7
1000 7 1
2.25E7
2.625E7
1000 7 1
2.25E7
3.0E7
1000 7 1
2.375E7
3.0E7
1000 7 1
2.5E7
2.625E7
1000 7 1
2.5E7
2.75E7
1000 7 1
2.625E7
3.0E7
1000 7 1
2.375E7
2.5E7
1778 7 1
5.5E7
1.3E8
1000 7 1
2.5E7
3.0E7
1000 7 1
2.375E7
3.0E7
1778 7 1
6.5E7
1.2E8
1778 7 1
5.5E7
1.1E8
1778 7 1
6.5E7
1.1E8
1778 7 1
6.0E7
1.1E8
1778 7 1
7.0E7
1.15E8
1000 7 1
2.375E7
3.5E7
1000 7 1
2.5E7
3.125E7
1000 7 1
2.375E7
3.0E7
1000 7 1
2.5E7
2.875E7
1000 7 1
2.5E7
3.875E7
1778 7 1
5.5E7
8.5E7
1778 7 1
6.5E7
1.2E8
1778 7 1
6.0E7
1.0E8
1778 7 1
7.0E7
1.1E8
1778 7 1
5.5E7
1.0E8
1778 7 1
6.0E7
1.05E8
1778 7 1
6.0E7
8.5E7
1778 7 1
6.0E7
9.5E7
1778 7 1
6.0E7
9.5E7
1778 7 1
6.0E7
8.0E7
1778 7 1
6.0E7
9.0E7
1778 7 1
5.5E7
9.5E7
1778 7 1
5.5E7
7.5E7
1778 7 1
5.5E7
9.0E7
1778 7 1
5.5E7
1.4E8
1778 7 1
5.5E7
1.4E8
1778 7 1
7.5E7
9.0E7
1778 7 1
6.0E7
8.0E7
1778 7 1
5.5E7
1.4E8
1778 7 1
6.0E7
8.0E7
1778 7 1
5.5E7
1.4E8
1778 7 1
6.0E7
9.0E7
1778 7 1
6.0E7
1.15E8
1778 7 1
6.0E7
9.0E7
1778 7 1
5.5E7
9.0E7
3162 7 1
1.4E8
2.6E8
1778 7 1
5.5E7
1.0E8
3162 7 1
1.4E8
2.9E8
3162 7 1
1.3E8
2.9E8
3162 7 1
1.4E8
2.7E8
3162 7 1
1.4E8
2.6E8
3162 7 1
1.4E8
3.1E8
3162 7 1
1.4E8
3.0E8
3162 7 1
1.6E8
3.0E8
3162 7 1
1.5E8
3.1E8
3162 7 1
1.7E8
3.0E8
3162 7 1
1.5E8
3.3E8
3162 7 1
1.5E8
3.3E8
3162 7 1
1.4E8
3.3E8
3162 7 1
1.4E8
3.2E8
3162 7 1
1.8E8
2.8E8
3162 7 1
1.4E8
3.5E8
3162 7 1
1.4E8
2.5E8
3162 7 1
1.5E8
2.6E8
3162 7 1
1.7E8
2.9E8
3162 7 1
1.4E8
2.5E8
3162 7 1
1.6E8
2.8E8
3162 7 1
1.7E8
2.7E8
3162 7 1
1.5E8
3.2E8
3162 7 1
1.6E8
2.9E8
3162 7 1
1.6E8
3.1E8
3162 7 1
1.6E8
2.6E8
3162 7 1
1.6E8
2.6E8
3162 7 1
1.5E8
2.9E8
3162 7 1
1.4E8
2.4E8
3162 7 1
1.5E8
3.0E8
3162 7 1
1.5E8
2.3E8
3162 7 1
1.4E8
2.4E8
5623 7 1
3.3E8
1.02E9
5623 7 1
3.4E8
1.2E9
5623 7 1
3.4E8
1.03E9
5623 7 1
3.3E8
1.2E9
5623 7 1
3.2E8
1.21E9
5623 7 1
3.4E8
1.17E9
5623 7 1
3.3E8
9.8E8
5623 7 1
3.5E8
1.15E9
5623 7 1
3.7E8
1.01E9
5623 7 1
3.5E8
1.14E9
5623 7 1
3.4E8
1.42E9
5623 7 1
3.5E8
1.36E9
5623 7 1
3.3E8
1.45E9
5623 7 1
3.3E8
9.7E8
5623 7 1
3.3E8
1.21E9
5623 7 1
3.5E8
1.2E9
5623 7 1
3.3E8
1.11E9
5623 7 1
3.3E8
1.52E9
5623 7 1
3.4E8
1.46E9
5623 7 1
3.4E8
1.41E9
5623 7 1
3.3E8
1.41E9
5623 7 1
3.3E8
1.25E9
5623 7 1
3.6E8
1.17E9
5623 7 1
3.3E8
1.46E9
5623 7 1
3.7E8
1.24E9
5623 7 1
3.5E8
1.52E9
5623 7 1
3.4E8
1.45E9
5623 7 1
3.6E8
1.4E9
5623 7 1
3.7E8
1.45E9
5623 7 1
3.9E8
1.38E9
5623 7 1
3.8E8
1.47E9
5623 7 1
4.3E8
1.14E9
10000 7 1
7.7E8
3.48E9
10000 7 1
7.7E8
3.87E9
10000 7 1
7.8E8
3.99E9
10000 7 1
7.7E8
4.44E9
10000 7 1
8.0E8
4.06E9
10000 7 1
7.7E8
4.43E9
10000 7 1
7.7E8
4.39E9
10000 7 1
7.7E8
4.46E9
10000 7 1
7.9E8
4.19E9
10000 7 1
7.8E8
4.72E9
10000 7 1
7.8E8
4.81E9
10000 7 1
7.8E8
4.69E9
10000 7 1
7.7E8
4.78E9
10000 7 1
7.9E8
4.19E9
10000 7 1
7.8E8
4.7E9
10000 7 1
7.7E8
4.84E9
10000 7 1
7.7E8
4.9E9
10000 7 1
7.8E8
5.06E9
10000 7 1
7.8E8
4.68E9
10000 7 1
7.8E8
4.71E9
10000 7 1
7.8E8
4.82E9
10000 7 1
7.8E8
4.9E9
10000 7 1
8.7E8
4.38E9
10000 7 1
8.1E8
4.89E9
10000 7 1
7.7E8
4.68E9
10000 7 1
7.9E8
4.96E9
10000 7 1
7.9E8
5.06E9
10000 7 1
8.7E8
4.77E9
10000 7 1
8.0E8
5.07E9
10000 7 1
8.3E8
4.89E9
10000 7 1
7.7E8
5.06E9
10000 7 1
8.3E8
4.94E9
17782 7 1
1.79E9
1.321E10
17782 7 1
1.84E9
1.436E10
17782 7 1
1.77E9
1.441E10
17782 7 1
2.05E9
1.454E10
17782 7 1
1.99E9
1.441E10
17782 7 1
1.85E9
1.498E10
17782 7 1
1.97E9
1.619E10
17782 7 1
1.85E9
1.626E10
17782 7 1
1.95E9
1.636E10
17782 7 1
1.78E9
1.668E10
17782 7 1
1.78E9
1.69E10
17782 7 1
1.95E9
1.635E10
17782 7 1
1.8E9
1.729E10
17782 7 1
1.99E9
1.724E10
17782 7 1
1.82E9
1.692E10
17782 7 1
1.8E9
1.691E10
17782 7 1
1.86E9
1.743E10
17782 7 1
1.79E9
1.765E10
17782 7 1
1.78E9
1.774E10
17782 7 1
1.8E9
1.73E10
17782 7 1
1.89E9
1.729E10
17782 7 1
2.05E9
1.739E10
17782 7 1
2.03E9
1.717E10
17782 7 1
1.8E9
1.792E10
17782 7 1
1.8E9
1.782E10
17782 7 1
1.77E9
1.754E10
17782 7 1
1.84E9
1.778E10
17782 7 1
1.79E9
1.818E10
17782 7 1
1.9E9
1.829E10
17782 7 1
1.88E9
1.881E10
17782 7 1
1.96E9
1.862E10
17782 7 1
1.92E9
1.856E10
31622 7 1
4.32E9
5.758E10
31622 7 1
4.34E9
5.566E10
31622 7 1
4.51E9
5.142E10
31622 7 1
4.59E9
5.56E10
31622 7 1
4.21E9
6.062E10
31622 7 1
4.66E9
6.459E10
31622 7 1
4.33E9
6.358E10
31622 7 1
4.42E9
6.436E10
31622 7 1
4.67E9
6.198E10
31622 7 1
4.54E9
6.412E10
31622 7 1
4.43E9
6.107E10
31622 7 1
4.69E9
6.194E10
31622 7 1
4.23E9
6.375E10
31622 7 1
4.21E9
6.427E10
31622 7 1
4.43E9
6.296E10
31622 7 1
4.64E9
6.322E10
31622 7 1
4.77E9
6.77E10
31622 7 1
4.24E9
6.433E10
31622 7 1
4.26E9
6.657E10
31622 7 1
4.34E9
6.661E10
31622 7 1
4.35E9
6.697E10
31622 7 1
4.59E9
6.623E10
31622 7 1
4.5E9
6.626E10
31622 7 1
4.53E9
6.6E10
31622 7 1
4.68E9
6.935E10
31622 7 1
4.28E9
6.609E10
31622 7 1
4.65E9
6.919E10
31622 7 1
4.26E9
6.86E10
31622 7 1
4.41E9
6.907E10
31622 7 1
4.56E9
6.916E10
31622 7 1
4.83E9
6.778E10
31622 7 1
4.45E9
7.068E10
56234 7 1
1.009E10
1.8742E11
56234 7 1
1.015E10
1.9358E11
56234 7 1
1.006E10
1.9887E11
56234 7 1
1.047E10
2.1772E11
56234 7 1
9.71E9
2.0715E11
56234 7 1
1.028E10
2.2062E11
56234 7 1
1.032E10
2.1618E11
56234 7 1
9.81E9
2.257E11
56234 7 1
1.093E10
2.1956E11
56234 7 1
9.95E9
2.2472E11
56234 7 1
1.121E10
2.2268E11
56234 7 1
1.009E10
2.2331E11
56234 7 1
9.78E9
2.2858E11
56234 7 1
9.93E9
2.261E11
56234 7 1
1.144E10
2.2744E11
56234 7 1
9.63E9
2.3668E11
56234 7 1
9.65E9
2.3307E11
56234 7 1
1.022E10
2.4017E11
56234 7 1
9.8E9
2.3648E11
56234 7 1
1.076E10
2.3435E11
56234 7 1
9.85E9
2.3633E11
56234 7 1
1.089E10
2.4354E11
56234 7 1
9.55E9
2.4262E11
56234 7 1
1.008E10
2.4122E11
56234 7 1
1.064E10
2.3931E11
56234 7 1
1.013E10
2.4349E11
56234 7 1
9.95E9
2.3975E11
56234 7 1
9.7E9
2.4555E11
56234 7 1
1.093E10
2.4478E11
56234 7 1
1.001E10
2.468E11
56234 7 1
9.64E9
2.4756E11
56234 7 1
9.95E9
2.5385E11
100000 7 1
2.336E10
4.6182E11
100000 7 1
2.171E10
8.5517E11
100000 7 1
2.185E10
8.8372E11
100000 7 1
2.324E10
8.3428E11
100000 7 1
2.278E10
8.4369E11
100000 7 1
2.276E10
8.3697E11
100000 7 1
2.268E10
8.5769E11
100000 7 1
2.266E10
8.7071E11
100000 7 1
2.23E10
8.7445E11
100000 7 1
2.233E10
9.0121E11
100000 7 1
2.219E10
8.9978E11
100000 7 1
2.484E10
8.8214E11
100000 7 1
2.256E10
9.1196E11
100000 7 1
2.298E10
9.0035E11
100000 7 1
2.207E10
9.1252E11
100000 7 1
2.334E10
9.0842E11
100000 7 1
2.436E10
8.9793E11
100000 7 1
2.277E10
9.0654E11
100000 7 1
2.279E10
9.3435E11
100000 7 1
2.257E10
9.3753E11
100000 7 1
2.243E10
9.4097E11
100000 7 1
2.315E10
9.2583E11
100000 7 1
2.7E10
9.4077E11
100000 7 1
2.308E10
9.377E11
100000 7 1
2.295E10
9.3262E11
100000 7 1
2.269E10
9.4033E11
100000 7 1
2.19E10
9.835E11
100000 7 1
2.279E10
9.5549E11
100000 7 1
2.37E10
9.4915E11
100000 7 1
2.272E10
9.5706E11
100000 7 1
2.301E10
1.00592E12
100000 7 1
2.246E10
1.01749E12
