100 7 1
507812.5
429687.5
100 7 1
546875.0
468750.0
100 7 1
507812.5
468750.0
100 7 1
507812.5
429687.5
100 7 1
585937.5
429687.5
100 7 1
507812.5
468750.0
100 7 1
585937.5
429687.5
100 7 1
507812.5
468750.0
100 7 1
546875.0
507812.5
100 7 1
585937.5
429687.5
100 7 1
546875.0
429687.5
100 7 1
546875.0
468750.0
100 7 1
625000.0
429687.5
100 7 1
585937.5
468750.0
100 7 1
546875.0
429687.5
100 7 1
507812.5
429687.5
100 7 1
546875.0
429687.5
100 7 2
468750.0
390625.0
100 7 1
507812.5
390625.0
100 7 1
546875.0
410156.25
100 7 1
546875.0
351562.5
100 7 1
585937.5
371093.75
100 7 1
546875.0
390625.0
100 7 1
546875.0
371093.75
100 7 1
585937.5
371093.75
100 7 1
585937.5
410156.25
100 7 1
585937.5
410156.25
100 7 1
585937.5
371093.75
100 7 1
585937.5
371093.75
100 7 1
585937.5
371093.75
100 7 1
546875.0
390625.0
100 7 1
585937.5
371093.75
177 7 1
1406250.0
1093750.0
177 7 1
1406250.0
1015625.0
177 7 1
1406250.0
1015625.0
177 7 1
1328125.0
1093750.0
177 7 1
1406250.0
1093750.0
177 7 1
1484375.0
1171875.0
177 7 1
1484375.0
1093750.0
177 7 1
1406250.0
1015625.0
177 7 1
1484375.0
1093750.0
177 7 1
1484375.0
1093750.0
177 7 1
1484375.0
1171875.0
177 7 1
1328125.0
1250000.0
177 7 1
1484375.0
1015625.0
177 7 1
1484375.0
1093750.0
177 7 1
1406250.0
937500.0
177 7 1
1484375.0
1093750.0
177 7 1
1484375.0
937500.0
177 7 2
1328125.0
1093750.0
177 7 1
1406250.0
1093750.0
177 7 2
1640625.0
937500.0
177 7 1
1484375.0
1015625.0
177 7 1
1484375.0
1093750.0
177 7 2
1406250.0
1093750.0
177 7 1
1484375.0
1093750.0
177 7 1
1484375.0
1015625.0
177 7 1
1484375.0
1015625.0
177 7 1
1406250.0
1093750.0
177 7 2
1406250.0
1015625.0
177 7 1
1484375.0
1015625.0
177 7 1
1484375.0
1015625.0
177 7 1
1406250.0
1015625.0
177 7 1
1484375.0
1015625.0
316 7 2
4062500.0
6875000.0
316 7 1
3750000.0
5000000.0
316 7 1
3750000.0
5312500.0
316 7 1
3750000.0
4062500.0
316 7 1
3750000.0
5312500.0
316 7 1
3750000.0
5312500.0
316 7 1
3750000.0
5625000.0
316 7 1
4062500.0
6250000.0
316 7 2
3437500.0
6250000.0
316 7 1
3750000.0
5937500.0
316 7 1
3437500.0
4375000.0
316 7 2
3750000.0
3906250.0
316 7 2
3750000.0
3593750.0
316 7 1
3750000.0
3593750.0
316 7 1
3750000.0
4375000.0
316 7 1
4062500.0
3437500.0
316 7 2
3750000.0
3437500.0
316 7 1
3750000.0
3125000.0
316 7 1
3750000.0
3437500.0
316 7 1
4062500.0
3125000.0
316 7 1
3437500.0
3125000.0
316 7 1
3750000.0
2968750.0
316 7 2
4062500.0
3125000.0
316 7 1
3750000.0
3125000.0
316 7 1
3750000.0
2968750.0
316 7 1
3750000.0
3125000.0
316 7 2
5312500.0
2968750.0
316 7 1
4062500.0
2968750.0
316 7 1
4375000.0
3125000.0
316 7 2
4687500.0
2968750.0
316 7 1
4375000.0
3125000.0
316 7 2
5625000.0
3281250.0
562 7 2
8750000.0
1.5E7
562 7 1
1.0E7
1.375E7
562 7 1
1.0E7
9375000.0
562 7 2
1.0E7
1.0E7
562 7 2
9375000.0
1.1875E7
562 7 2
9375000.0
1.1875E7
562 7 2
1.0E7
1.1875E7
562 7 2
1.0E7
1.25E7
562 7 2
1.0E7
1.0625E7
562 7 2
9375000.0
1.0E7
562 7 1
1.0E7
1.0E7
562 7 1
9375000.0
1.0625E7
562 7 1
9375000.0
1.0E7
562 7 2
9375000.0
1.0E7
562 7 1
9375000.0
8750000.0
562 7 1
1.0E7
1.0E7
562 7 1
1.0E7
1.125E7
562 7 1
1.0E7
1.0E7
562 7 1
1.0E7
1.0E7
562 7 2
1.0E7
1.0E7
562 7 2
9375000.0
9375000.0
562 7 2
9375000.0
8750000.0
562 7 2
9375000.0
8750000.0
562 7 2
9375000.0
8750000.0
562 7 2
1.0E7
8750000.0
562 7 1
9375000.0
8750000.0
562 7 2
9375000.0
8750000.0
562 7 2
9375000.0
8125000.0
562 7 2
1.0E7
8750000.0
562 7 1
1.0625E7
8750000.0
562 7 2
8750000.0
8750000.0
562 7 2
1.0625E7
8750000.0
1000 7 2
2.75E7
2.5E7
1000 7 2
2.25E7
2.75E7
1000 7 2
2.25E7
2.75E7
1000 7 2
2.125E7
2.75E7
1000 7 2
2.375E7
2.75E7
1000 7 2
2.125E7
2.875E7
1000 7 2
2.375E7
2.75E7
1000 7 2
2.25E7
3.0E7
1000 7 2
2.375E7
3.0E7
1000 7 2
2.5E7
2.75E7
1000 7 2
2.375E7
2.75E7
1000 7 2
2.375E7
2.75E7
1000 7 1
2.5E7
3.0E7
1000 7 2
2.25E7
3.0E7
1000 7 2
2.375E7
3.0E7
1000 7 2
2.375E7
2.75E7
1000 7 2
2.375E7
3.25E7
1000 7 2
2.375E7
3.25E7
1000 7 2
2.25E7
4.5E7
1000 7 2
2.375E7
3.25E7
1000 7 2
2.25E7
2.75E7
1778 7 2
6.0E7
1.5E8
1000 7 2
2.375E7
2.75E7
1000 7 2
2.75E7
3.0E7
1000 7 2
2.375E7
4.0E7
1778 7 2
5.5E7
1.3E8
1778 7 2
6.0E7
1.4E8
1778 7 2
6.0E7
1.2E8
1000 7 2
2.375E7
2.75E7
1000 7 2
2.25E7
3.0E7
1000 7 2
2.5E7
3.0E7
1000 7 2
2.375E7
3.0E7
1000 7 2
2.5E7
2.75E7
1778 7 2
6.0E7
9.0E7
1778 7 2
6.0E7
1.1E8
1000 7 2
2.375E7
2.625E7
1000 7 2
2.5E7
2.75E7
1778 7 2
1.1E8
9.5E7
1778 7 2
7.0E7
8.5E7
1778 7 2
6.0E7
9.5E7
1778 7 2
6.0E7
1.1E8
1778 7 2
6.0E7
8.5E7
1778 7 2
6.0E7
1.2E8
1778 7 2
6.5E7
1.2E8
1778 7 2
6.5E7
1.1E8
1778 7 2
7.0E7
1.2E8
1778 7 2
5.5E7
1.1E8
1000 7 2
2.375E7
3.625E7
1778 7 2
5.5E7
2.1E8
1778 7 2
5.5E7
1.1E8
1778 7 2
6.0E7
1.2E8
1778 7 2
6.5E7
2.0E8
1778 7 2
5.5E7
1.5E8
1778 7 2
6.0E7
1.2E8
1778 7 2
6.0E7
2.2E8
1778 7 2
6.0E7
2.0E8
1778 7 2
7.0E7
1.9E8
1778 7 2
6.5E7
1.9E8
1778 7 2
6.5E7
8.0E7
1778 7 2
6.0E7
8.0E7
1778 7 2
7.0E7
1.1E8
1778 7 2
6.0E7
8.0E7
1778 7 2
5.5E7
1.4E8
1778 7 2
5.5E7
8.0E7
3162 7 2
1.4E8
2.6E8
3162 7 2
1.5E8
3.0E8
3162 7 2
1.6E8
2.4E8
3162 7 2
1.6E8
2.7E8
3162 7 2
1.6E8
2.5E8
3162 7 2
1.4E8
2.8E8
3162 7 2
1.7E8
3.7E8
3162 7 2
1.4E8
3.5E8
3162 7 2
1.6E8
4.0E8
3162 7 2
1.6E8
2.6E8
3162 7 2
1.5E8
4.0E8
3162 7 2
1.4E8
4.1E8
3162 7 2
1.4E8
3.6E8
3162 7 2
1.4E8
3.8E8
3162 7 2
1.8E8
2.8E8
3162 7 2
1.4E8
4.1E8
3162 7 2
1.5E8
4.5E8
3162 7 2
1.4E8
3.6E8
3162 7 2
1.4E8
3.7E8
3162 7 2
1.4E8
3.7E8
3162 7 2
1.5E8
4.2E8
3162 7 2
1.6E8
3.8E8
3162 7 2
1.8E8
3.9E8
3162 7 2
1.4E8
3.2E8
3162 7 2
1.4E8
3.6E8
3162 7 2
1.5E8
3.4E8
3162 7 2
1.4E8
5.1E8
3162 7 2
1.7E8
3.9E8
3162 7 2
1.3E8
4.8E8
3162 7 2
1.4E8
5.1E8
3162 7 2
1.7E8
4.2E8
3162 7 2
1.9E8
4.7E8
5623 7 2
3.6E8
1.09E9
5623 7 2
3.4E8
1.06E9
5623 7 2
3.6E8
1.27E9
5623 7 2
3.4E8
9.7E8
5623 7 2
3.6E8
1.19E9
5623 7 2
3.4E8
9.6E8
5623 7 2
3.4E8
1.09E9
5623 7 2
3.5E8
1.3E9
5623 7 2
3.3E8
9.7E8
5623 7 2
3.3E8
1.04E9
5623 7 2
3.3E8
1.15E9
5623 7 2
3.3E8
1.25E9
5623 7 2
3.4E8
1.28E9
5623 7 2
3.4E8
1.35E9
5623 7 2
3.4E8
1.37E9
5623 7 2
3.4E8
1.39E9
5623 7 2
3.3E8
1.42E9
5623 7 2
3.7E8
1.13E9
5623 7 2
3.4E8
1.4E9
5623 7 2
3.3E8
1.53E9
5623 7 2
3.9E8
1.32E9
5623 7 2
3.4E8
1.28E9
5623 7 2
3.5E8
1.35E9
5623 7 2
3.6E8
1.32E9
5623 7 2
3.4E8
1.52E9
5623 7 2
4.3E8
1.08E9
5623 7 2
3.7E8
1.47E9
5623 7 2
3.7E8
1.49E9
5623 7 2
4.1E8
1.43E9
5623 7 2
4.1E8
1.31E9
5623 7 2
3.8E8
1.44E9
5623 7 2
4.0E8
1.24E9
10000 7 2
8.5E8
3.18E9
10000 7 2
7.8E8
3.53E9
10000 7 2
7.8E8
3.52E9
10000 7 2
7.7E8
3.57E9
10000 7 2
7.8E8
3.97E9
10000 7 2
7.8E8
3.83E9
10000 7 2
7.8E8
3.83E9
10000 7 2
9.1E8
4.3E9
10000 7 2
8.0E8
3.62E9
10000 7 2
7.9E8
4.21E9
10000 7 2
8.0E8
4.01E9
10000 7 2
7.8E8
4.22E9
10000 7 2
7.8E8
4.11E9
10000 7 2
7.9E8
3.93E9
10000 7 2
7.7E8
4.43E9
10000 7 2
8.6E8
4.13E9
10000 7 2
8.2E8
4.32E9
10000 7 2
7.8E8
4.14E9
10000 7 2
7.8E8
4.66E9
10000 7 2
8.0E8
4.35E9
10000 7 2
7.8E8
4.25E9
10000 7 2
8.2E8
4.42E9
10000 7 2
7.8E8
4.5E9
10000 7 2
7.8E8
4.41E9
10000 7 2
8.5E8
4.29E9
10000 7 2
8.2E8
4.42E9
10000 7 2
8.4E8
4.45E9
10000 7 2
8.0E8
4.68E9
10000 7 2
9.1E8
4.53E9
10000 7 2
8.5E8
4.56E9
10000 7 2
7.9E8
4.72E9
10000 7 2
8.1E8
4.14E9
17782 7 2
1.82E9
1.158E10
17782 7 2
1.74E9
1.325E10
17782 7 2
2.11E9
1.339E10
17782 7 2
2.07E9
1.206E10
17782 7 2
1.78E9
1.38E10
17782 7 2
1.82E9
1.343E10
17782 7 2
1.74E9
1.324E10
17782 7 2
1.79E9
1.394E10
17782 7 2
1.89E9
1.364E10
17782 7 2
1.74E9
1.422E10
17782 7 2
1.86E9
1.447E10
17782 7 2
1.97E9
1.456E10
17782 7 2
1.74E9
1.402E10
17782 7 2
1.82E9
1.414E10
17782 7 2
1.8E9
1.457E10
17782 7 2
1.76E9
1.472E10
17782 7 2
1.86E9
1.438E10
17782 7 2
1.85E9
1.555E10
17782 7 2
2.02E9
1.407E10
17782 7 2
1.8E9
1.598E10
17782 7 2
1.78E9
1.573E10
17782 7 2
1.87E9
1.511E10
17782 7 2
1.66E9
1.666E10
17782 7 2
1.85E9
1.585E10
17782 7 2
1.86E9
1.614E10
17782 7 2
1.63E9
1.59E10
17782 7 2
1.88E9
1.574E10
17782 7 2
2.0E9
1.609E10
17782 7 2
1.82E9
1.692E10
17782 7 2
1.84E9
1.755E10
17782 7 2
1.83E9
1.746E10
17782 7 2
1.82E9
1.881E10
31622 7 2
4.41E9
4.038E10
31622 7 2
4.63E9
4.493E10
31622 7 2
4.57E9
4.644E10
31622 7 2
4.43E9
4.611E10
31622 7 2
4.29E9
4.972E10
31622 7 2
4.46E9
4.932E10
31622 7 2
4.26E9
4.998E10
31622 7 2
4.74E9
5.119E10
31622 7 2
3.94E9
5.15E10
31622 7 2
3.89E9
5.328E10
31622 7 2
4.82E9
4.891E10
31622 7 2
4.39E9
5.463E10
31622 7 2
4.5E9
5.373E10
31622 7 2
4.81E9
5.482E10
31622 7 2
4.32E9
5.604E10
31622 7 2
4.88E9
5.662E10
31622 7 2
4.51E9
5.601E10
31622 7 2
4.58E9
5.341E10
31622 7 2
4.56E9
5.667E10
31622 7 2
4.03E9
5.562E10
31622 7 2
4.38E9
5.604E10
31622 7 2
4.55E9
5.872E10
31622 7 2
4.34E9
6.052E10
31622 7 2
4.66E9
5.607E10
31622 7 2
4.34E9
5.992E10
31622 7 2
4.52E9
5.813E10
31622 7 2
4.54E9
6.112E10
31622 7 2
4.66E9
6.418E10
31622 7 2
4.57E9
6.14E10
31622 7 2
4.53E9
6.218E10
31622 7 2
4.57E9
6.204E10
31622 7 2
4.86E9
6.158E10
56234 7 2
1.022E10
1.5803E11
56234 7 2
1.011E10
1.6284E11
56234 7 2
1.058E10
1.6906E11
56234 7 2
1.046E10
1.7677E11
56234 7 2
1.044E10
1.7714E11
56234 7 2
1.018E10
1.8189E11
56234 7 2
1.194E10
1.7841E11
56234 7 2
1.015E10
1.8613E11
56234 7 2
1.107E10
1.7783E11
56234 7 2
9.97E9
1.9076E11
56234 7 2
1.025E10
1.8868E11
56234 7 2
1.054E10
1.9295E11
56234 7 2
1.009E10
1.9178E11
56234 7 2
1.011E10
2.0516E11
56234 7 2
1.072E10
2.007E11
56234 7 2
1.082E10
2.0671E11
56234 7 2
1.052E10
2.1194E11
56234 7 2
1.037E10
1.9671E11
56234 7 2
9.89E9
2.1333E11
56234 7 2
1.012E10
2.1328E11
56234 7 2
9.99E9
2.1689E11
56234 7 2
9.9E9
2.1338E11
56234 7 2
1.029E10
2.04E11
56234 7 2
1.126E10
2.1857E11
56234 7 2
1.158E10
2.1567E11
56234 7 2
1.022E10
2.1621E11
56234 7 2
9.99E9
2.1956E11
56234 7 2
9.88E9
2.2384E11
56234 7 2
1.127E10
2.2389E11
56234 7 2
1.016E10
2.255E11
56234 7 2
1.194E10
2.2466E11
56234 7 2
1.088E10
2.3573E11
100000 7 2
2.294E10
5.393E11
100000 7 2
2.903E10
5.4359E11
100000 7 2
2.672E10
5.7647E11
100000 7 2
2.324E10
5.7288E11
100000 7 2
2.332E10
6.0025E11
100000 7 2
2.415E10
5.8406E11
100000 7 2
2.354E10
6.0388E11
100000 7 2
2.38E10
6.173E11
100000 7 2
2.775E10
6.0161E11
100000 7 2
2.467E10
5.8232E11
100000 7 2
2.422E10
6.0436E11
100000 7 2
2.377E10
6.2381E11
100000 7 2
2.281E10
6.187E11
100000 7 2
2.355E10
5.9824E11
100000 7 2
2.398E10
6.1305E11
100000 7 2
2.306E10
6.6406E11
100000 7 2
2.359E10
6.5477E11
100000 7 2
2.364E10
6.5318E11
100000 7 2
2.331E10
6.7155E11
100000 7 2
2.343E10
6.2448E11
100000 7 2
2.356E10
6.4671E11
100000 7 2
2.291E10
6.7202E11
100000 7 2
2.342E10
6.6836E11
100000 7 2
2.341E10
6.7474E11
100000 7 2
2.497E10
6.4045E11
100000 7 2
2.355E10
6.8043E11
100000 7 2
2.542E10
6.4566E11
100000 7 2
2.315E10
6.7253E11
100000 7 2
2.463E10
6.5789E11
100000 7 2
2.285E10
6.7888E11
100000 7 2
2.312E10
6.8312E11
100000 7 2
2.332E10
6.6698E11
