100 7 1
546875.0
468750.0
100 7 2
546875.0
429687.5
100 7 2
546875.0
429687.5
100 7 1
546875.0
468750.0
100 7 1
546875.0
429687.5
100 7 1
585937.5
429687.5
100 7 1
546875.0
429687.5
100 7 1
546875.0
429687.5
100 7 1
546875.0
468750.0
100 7 1
585937.5
429687.5
100 7 1
546875.0
429687.5
100 7 1
585937.5
429687.5
100 7 1
625000.0
468750.0
100 7 1
546875.0
468750.0
100 7 1
507812.5
429687.5
100 7 1
585937.5
429687.5
100 7 1
585937.5
429687.5
100 7 1
546875.0
468750.0
100 7 1
585937.5
468750.0
100 7 1
625000.0
429687.5
100 7 1
546875.0
429687.5
100 7 1
546875.0
429687.5
100 7 1
546875.0
390625.0
100 7 1
546875.0
351562.5
100 7 1
585937.5
351562.5
100 7 1
585937.5
371093.75
100 7 1
546875.0
371093.75
100 7 1
546875.0
390625.0
100 7 1
585937.5
390625.0
100 7 1
585937.5
371093.75
100 7 1
546875.0
390625.0
100 7 1
585937.5
410156.25
177 7 1
1484375.0
937500.0
177 7 1
1406250.0
1171875.0
177 7 1
1406250.0
1171875.0
177 7 1
1484375.0
1250000.0
177 7 1
1484375.0
1171875.0
177 7 1
1484375.0
1093750.0
177 7 1
1562500.0
1328125.0
177 7 1
1406250.0
1015625.0
177 7 2
1484375.0
1093750.0
177 7 1
1562500.0
1406250.0
177 7 2
1484375.0
1328125.0
177 7 2
1484375.0
1171875.0
177 7 2
1484375.0
1250000.0
177 7 2
1484375.0
1406250.0
177 7 2
1484375.0
1484375.0
177 7 1
1484375.0
1093750.0
177 7 2
1484375.0
1250000.0
177 7 1
1484375.0
1718750.0
177 7 2
1484375.0
1718750.0
177 7 1
1484375.0
1484375.0
177 7 1
1562500.0
1171875.0
177 7 1
1484375.0
1562500.0
177 7 1
1406250.0
1015625.0
177 7 1
1484375.0
1093750.0
177 7 1
1562500.0
1015625.0
177 7 1
1640625.0
1015625.0
177 7 1
1562500.0
1093750.0
177 7 2
1484375.0
1015625.0
177 7 1
1484375.0
1093750.0
177 7 2
1562500.0
1015625.0
177 7 1
1640625.0
1015625.0
177 7 2
1484375.0
1015625.0
316 7 2
3437500.0
4062500.0
316 7 2
3750000.0
3750000.0
316 7 2
3437500.0
3437500.0
316 7 2
3750000.0
3437500.0
316 7 2
3750000.0
3437500.0
316 7 2
3750000.0
3750000.0
316 7 2
3750000.0
3437500.0
316 7 2
4062500.0
3437500.0
316 7 2
4062500.0
3437500.0
316 7 2
3750000.0
3437500.0
316 7 2
4062500.0
3437500.0
316 7 1
3437500.0
2968750.0
316 7 2
3437500.0
2812500.0
316 7 2
3750000.0
3125000.0
316 7 1
3750000.0
3125000.0
316 7 2
3750000.0
3125000.0
316 7 2
3750000.0
2812500.0
316 7 2
3750000.0
3125000.0
316 7 2
4062500.0
3750000.0
316 7 2
3750000.0
3125000.0
316 7 2
3437500.0
2968750.0
316 7 2
3750000.0
3750000.0
316 7 2
3750000.0
3125000.0
316 7 2
3750000.0
3281250.0
316 7 2
3437500.0
3281250.0
316 7 2
3750000.0
2968750.0
316 7 1
3750000.0
3281250.0
316 7 2
3750000.0
3437500.0
316 7 2
3750000.0
3906250.0
316 7 1
4062500.0
3437500.0
316 7 2
4062500.0
3281250.0
562 7 2
1.375E7
8750000.0
316 7 1
3750000.0
3281250.0
562 7 2
9375000.0
8125000.0
562 7 2
1.125E7
8125000.0
562 7 2
9375000.0
9375000.0
562 7 2
1.0E7
9375000.0
562 7 2
9375000.0
9375000.0
562 7 2
1.0E7
1.0E7
562 7 2
1.0E7
1.0E7
562 7 2
1.0E7
1.0E7
562 7 2
1.0E7
1.0E7
562 7 2
1.25E7
1.0E7
562 7 2
1.0E7
1.0625E7
562 7 2
1.0E7
8125000.0
562 7 2
1.0E7
8750000.0
562 7 2
1.0E7
8750000.0
562 7 2
9375000.0
8750000.0
562 7 2
9375000.0
9375000.0
562 7 2
9375000.0
7500000.0
562 7 2
1.0E7
8125000.0
562 7 2
1.0E7
8125000.0
562 7 2
9375000.0
8750000.0
562 7 2
1.0625E7
8750000.0
562 7 2
9375000.0
8750000.0
562 7 2
9375000.0
8750000.0
562 7 2
9375000.0
8750000.0
562 7 2
1.0E7
8750000.0
562 7 2
1.0E7
9375000.0
562 7 2
9375000.0
1.0E7
562 7 2
9375000.0
9375000.0
562 7 2
8750000.0
8750000.0
562 7 2
1.0E7
1.0E7
1000 7 2
2.625E7
2.75E7
1000 7 2
2.375E7
2.75E7
1000 7 2
2.375E7
3.0E7
1000 7 2
2.5E7
4.25E7
562 7 2
1.0E7
8750000.0
1000 7 2
2.5E7
2.75E7
1000 7 2
2.375E7
3.5E7
1000 7 2
2.25E7
2.75E7
1000 7 2
2.375E7
2.75E7
1000 7 2
2.25E7
2.75E7
1000 7 2
2.75E7
3.75E7
1000 7 2
2.375E7
3.5E7
1000 7 2
2.5E7
2.75E7
1000 7 2
2.375E7
2.625E7
1000 7 2
2.375E7
2.625E7
1000 7 2
3.0E7
3.25E7
1000 7 2
2.75E7
3.0E7
1000 7 2
3.5E7
3.25E7
1000 7 2
2.375E7
2.75E7
1000 7 2
2.375E7
2.875E7
1000 7 2
3.0E7
2.75E7
1000 7 2
2.25E7
2.75E7
1000 7 2
3.125E7
2.75E7
1000 7 2
2.5E7
2.75E7
1000 7 2
2.5E7
2.75E7
1000 7 2
2.375E7
3.0E7
1000 7 2
2.5E7
3.0E7
1000 7 2
2.5E7
2.75E7
1000 7 2
2.375E7
2.75E7
1778 7 2
5.5E7
8.5E7
1000 7 2
2.375E7
2.75E7
1778 7 2
6.0E7
1.0E8
1778 7 2
6.5E7
8.0E7
1778 7 2
6.0E7
1.3E8
1000 7 2
2.625E7
2.875E7
1778 7 2
6.0E7
1.4E8
1000 7 2
2.5E7
2.875E7
1778 7 2
6.0E7
1.3E8
1000 7 2
2.625E7
3.0E7
1778 7 2
6.0E7
1.4E8
1778 7 2
5.5E7
9.5E7
1778 7 2
5.5E7
9.0E7
1778 7 2
6.0E7
8.5E7
1778 7 2
6.5E7
1.0E8
1778 7 2
6.0E7
1.4E8
1778 7 2
7.0E7
1.4E8
1778 7 2
5.5E7
1.1E8
1778 7 2
6.5E7
1.35E8
1778 7 2
6.0E7
1.0E8
1778 7 2
6.0E7
9.0E7
1778 7 2
6.5E7
7.5E7
1778 7 2
6.0E7
9.5E7
1778 7 2
5.5E7
1.0E8
1778 7 2
6.0E7
9.0E7
1778 7 2
5.5E7
8.0E7
1778 7 2
6.0E7
7.5E7
1778 7 2
5.5E7
1.0E8
1778 7 2
6.0E7
8.0E7
1778 7 2
6.5E7
7.5E7
1778 7 2
6.5E7
9.0E7
1778 7 2
6.5E7
8.0E7
1778 7 2
6.0E7
7.0E7
1778 7 2
6.5E7
8.0E7
1778 7 2
6.0E7
8.0E7
1778 7 2
6.0E7
1.05E8
3162 7 2
1.4E8
2.4E8
3162 7 2
1.4E8
2.6E8
3162 7 2
1.4E8
2.8E8
3162 7 2
1.6E8
2.8E8
3162 7 2
1.5E8
2.5E8
3162 7 2
1.5E8
3.6E8
3162 7 2
1.6E8
2.9E8
3162 7 2
1.5E8
3.2E8
3162 7 2
1.6E8
3.6E8
3162 7 2
1.6E8
2.9E8
3162 7 2
1.4E8
2.4E8
3162 7 2
1.5E8
3.7E8
3162 7 2
1.7E8
3.0E8
3162 7 2
1.5E8
2.8E8
3162 7 2
1.4E8
2.6E8
3162 7 2
1.5E8
2.4E8
3162 7 2
1.4E8
3.0E8
3162 7 2
1.5E8
2.9E8
3162 7 2
1.5E8
3.4E8
3162 7 2
1.7E8
4.1E8
3162 7 3
1.5E8
2.6E8
3162 7 2
1.8E8
4.2E8
3162 7 2
1.5E8
2.5E8
3162 7 2
1.5E8
3.0E8
3162 7 2
1.5E8
2.4E8
3162 7 2
1.5E8
2.8E8
3162 7 2
1.5E8
3.3E8
3162 7 2
1.5E8
2.9E8
3162 7 2
1.5E8
2.5E8
3162 7 2
1.5E8
2.9E8
3162 7 2
1.7E8
2.4E8
3162 7 2
2.1E8
2.4E8
5623 7 2
3.4E8
8.6E8
5623 7 2
3.3E8
9.2E8
5623 7 2
3.3E8
9.2E8
5623 7 2
3.8E8
1.16E9
5623 7 2
3.4E8
1.03E9
5623 7 2
3.3E8
1.07E9
5623 7 2
3.7E8
1.16E9
5623 7 2
3.4E8
9.4E8
5623 7 2
3.4E8
1.12E9
5623 7 2
3.4E8
1.13E9
5623 7 2
3.7E8
8.8E8
5623 7 2
3.3E8
9.7E8
5623 7 2
3.4E8
1.08E9
5623 7 2
3.5E8
1.12E9
5623 7 2
3.4E8
1.34E9
5623 7 2
3.4E8
1.38E9
5623 7 2
3.6E8
1.27E9
5623 7 2
3.3E8
1.08E9
5623 7 2
3.5E8
1.37E9
5623 7 2
3.4E8
1.3E9
5623 7 2
3.3E8
1.35E9
5623 7 2
3.6E8
1.04E9
5623 7 2
5.0E8
8.7E8
5623 7 2
3.4E8
1.33E9
5623 7 2
3.5E8
1.32E9
5623 7 2
4.5E8
9.3E8
5623 7 2
3.3E8
1.55E9
5623 7 2
3.7E8
1.0E9
5623 7 2
3.4E8
1.4E9
5623 7 2
3.5E8
1.36E9
5623 7 2
3.6E8
1.45E9
5623 7 3
3.4E8
1.37E9
10000 7 2
7.9E8
2.95E9
10000 7 2
7.9E8
3.04E9
10000 7 2
7.8E8
3.33E9
10000 7 2
8.3E8
3.06E9
10000 7 2
8.0E8
3.1E9
10000 7 2
7.9E8
3.08E9
10000 7 2
7.8E8
3.12E9
10000 7 2
7.9E8
3.42E9
10000 7 2
7.9E8
3.07E9
10000 7 2
7.8E8
3.33E9
10000 7 3
8.1E8
3.39E9
10000 7 2
7.8E8
3.72E9
10000 7 2
8.0E8
3.52E9
10000 7 3
8.0E8
3.54E9
10000 7 3
7.9E8
3.66E9
10000 7 2
8.0E8
4.26E9
10000 7 3
7.9E8
4.39E9
10000 7 2
7.9E8
3.71E9
10000 7 2
7.9E8
4.45E9
10000 7 2
7.9E8
4.05E9
10000 7 2
7.9E8
4.63E9
10000 7 2
8.0E8
4.56E9
10000 7 2
8.5E8
4.52E9
10000 7 3
8.2E8
4.87E9
10000 7 3
7.9E8
4.81E9
10000 7 2
8.6E8
4.55E9
10000 7 2
8.0E8
4.85E9
10000 7 3
8.0E8
5.07E9
10000 7 2
1.02E9
4.47E9
10000 7 3
8.0E8
5.32E9
10000 7 2
8.0E8
5.24E9
10000 7 2
8.0E8
5.41E9
17782 7 3
1.84E9
9.78E9
17782 7 3
1.87E9
1.15E10
17782 7 2
2.12E9
1.11E10
17782 7 3
1.87E9
1.121E10
17782 7 3
1.9E9
1.228E10
17782 7 2
2.12E9
1.124E10
17782 7 3
1.87E9
1.238E10
17782 7 3
1.86E9
1.312E10
17782 7 3
2.0E9
1.2E10
17782 7 3
1.89E9
1.207E10
17782 7 3
2.03E9
1.167E10
17782 7 3
1.94E9
1.338E10
17782 7 3
1.91E9
1.16E10
17782 7 2
1.96E9
1.183E10
17782 7 2
1.96E9
1.275E10
17782 7 3
1.84E9
1.297E10
17782 7 3
1.99E9
1.243E10
17782 7 2
2.13E9
1.257E10
17782 7 3
2.0E9
1.383E10
17782 7 3
2.06E9
1.446E10
17782 7 3
1.96E9
1.513E10
17782 7 3
1.99E9
1.32E10
17782 7 3
1.97E9
1.314E10
17782 7 2
1.97E9
1.326E10
17782 7 3
1.98E9
1.336E10
17782 7 3
1.9E9
1.555E10
17782 7 3
1.89E9
1.413E10
17782 7 3
2.69E9
1.315E10
17782 7 3
2.01E9
1.393E10
17782 7 3
2.05E9
1.419E10
17782 7 3
1.99E9
1.474E10
17782 7 3
2.37E9
1.406E10
31622 7 3
4.5E9
4.718E10
31622 7 3
4.52E9
4.308E10
31622 7 3
4.56E9
4.362E10
31622 7 3
5.06E9
4.401E10
31622 7 3
4.33E9
4.961E10
31622 7 3
4.45E9
4.661E10
31622 7 3
4.58E9
4.617E10
31622 7 3
4.27E9
4.965E10
31622 7 3
4.78E9
5.11E10
31622 7 3
4.62E9
5.164E10
31622 7 3
4.32E9
5.165E10
31622 7 3
4.81E9
4.971E10
31622 7 3
4.34E9
4.988E10
31622 7 3
4.36E9
5.011E10
31622 7 3
4.23E9
5.12E10
31622 7 3
4.22E9
5.401E10
31622 7 3
4.49E9
5.434E10
31622 7 3
4.53E9
5.239E10
31622 7 3
4.71E9
5.456E10
31622 7 3
4.42E9
5.335E10
31622 7 3
4.7E9
5.392E10
31622 7 3
4.28E9
5.351E10
31622 7 3
4.59E9
5.098E10
31622 7 3
4.4E9
5.327E10
31622 7 3
4.5E9
5.357E10
31622 7 3
4.88E9
5.526E10
31622 7 3
5.52E9
5.162E10
31622 7 3
4.31E9
5.502E10
31622 7 3
4.52E9
5.404E10
31622 7 3
4.64E9
5.607E10
31622 7 3
4.58E9
5.634E10
31622 7 3
5.1E9
5.622E10
56234 7 3
1.061E10
1.6086E11
56234 7 3
1.011E10
1.6965E11
56234 7 3
1.004E10
1.7581E11
56234 7 3
1.128E10
1.6871E11
56234 7 3
1.047E10
1.706E11
56234 7 3
9.97E9
1.7953E11
56234 7 3
1.066E10
1.8354E11
56234 7 3
9.84E9
1.8461E11
56234 7 3
9.88E9
1.8471E11
56234 7 3
1.143E10
1.8344E11
56234 7 3
9.88E9
1.8878E11
56234 7 3
1.082E10
1.8984E11
56234 7 3
1.049E10
1.8431E11
56234 7 3
1.143E10
1.8375E11
56234 7 3
1.024E10
1.8646E11
56234 7 3
1.136E10
1.8626E11
56234 7 3
1.019E10
1.8652E11
56234 7 3
1.01E10
1.9422E11
56234 7 3
9.95E9
1.9257E11
56234 7 3
1.018E10
1.9316E11
56234 7 3
1.023E10
1.9507E11
56234 7 3
1.023E10
1.9688E11
56234 7 3
1.057E10
2.0047E11
56234 7 3
9.96E9
1.964E11
56234 7 4
1.029E10
1.926E11
56234 7 3
9.98E9
1.9824E11
56234 7 3
1.01E10
1.9954E11
56234 7 3
1.022E10
1.9518E11
56234 7 3
1.032E10
1.9601E11
56234 7 3
1.052E10
1.9766E11
56234 7 3
1.035E10
2.0616E11
56234 7 3
1.027E10
2.006E11
100000 7 3
2.26E10
5.1834E11
100000 7 3
2.299E10
5.1994E11
100000 7 3
2.288E10
5.2155E11
100000 7 3
2.247E10
5.618E11
100000 7 3
2.441E10
5.6098E11
100000 7 3
2.285E10
5.6427E11
100000 7 3
2.331E10
5.7871E11
100000 7 3
2.491E10
5.8763E11
100000 7 3
2.328E10
5.7802E11
100000 7 3
2.332E10
5.9746E11
100000 7 3
2.305E10
5.9543E11
100000 7 3
2.452E10
5.8436E11
100000 7 3
2.408E10
5.9134E11
100000 7 3
2.452E10
5.9651E11
100000 7 3
2.444E10
6.0847E11
100000 7 3
2.399E10
6.1671E11
100000 7 3
2.308E10
6.2985E11
100000 7 3
2.401E10
6.4074E11
100000 7 3
2.302E10
6.3445E11
100000 7 3
2.37E10
6.3944E11
100000 7 3
2.465E10
6.6782E11
100000 7 4
2.358E10
6.3256E11
100000 7 3
2.35E10
6.3189E11
100000 7 3
2.342E10
6.6692E11
100000 7 3
2.384E10
6.4557E11
100000 7 3
2.398E10
6.4639E11
100000 7 3
2.375E10
6.5326E11
100000 7 3
2.354E10
6.623E11
100000 7 3
2.387E10
6.6559E11
100000 7 3
2.46E10
6.7175E11
100000 7 3
2.455E10
6.6794E11
100000 7 3
2.399E10
6.9738E11
