100 4 2
429687.5
312500.0
100 4 3
390625.0
429687.5
100 4 2
351562.5
429687.5
100 4 2
371093.75
312500.0
100 4 2
371093.75
312500.0
100 4 3
371093.75
332031.25
100 4 3
371093.75
332031.25
100 4 2
371093.75
351562.5
100 4 3
371093.75
312500.0
100 4 3
390625.0
351562.5
100 4 3
371093.75
312500.0
100 4 3
371093.75
351562.5
100 4 2
371093.75
351562.5
100 4 2
351562.5
351562.5
100 4 3
371093.75
332031.25
100 4 3
371093.75
351562.5
100 4 3
371093.75
332031.25
100 4 3
390625.0
351562.5
100 4 3
390625.0
292968.75
100 4 2
371093.75
351562.5
100 4 3
390625.0
332031.25
100 4 2
371093.75
371093.75
100 4 3
390625.0
371093.75
100 4 3
390625.0
371093.75
100 4 2
371093.75
351562.5
100 4 2
390625.0
332031.25
100 4 2
371093.75
273437.5
100 4 2
351562.5
312500.0
100 4 2
390625.0
312500.0
100 4 3
390625.0
292968.75
100 4 3
371093.75
312500.0
100 4 2
390625.0
351562.5
177 4 3
937500.0
859375.0
177 4 3
859375.0
859375.0
177 4 3
937500.0
937500.0
177 4 3
937500.0
859375.0
177 4 3
937500.0
937500.0
177 4 3
1093750.0
820312.5
177 4 3
859375.0
859375.0
177 4 3
937500.0
859375.0
177 4 3
859375.0
859375.0
177 4 3
937500.0
1015625.0
177 4 3
859375.0
1171875.0
177 4 3
937500.0
1015625.0
177 4 3
859375.0
1015625.0
177 4 3
859375.0
1015625.0
177 4 3
937500.0
1093750.0
177 4 3
859375.0
1171875.0
177 4 3
859375.0
1093750.0
177 4 3
859375.0
859375.0
177 4 3
859375.0
1250000.0
177 4 3
937500.0
937500.0
177 4 3
937500.0
937500.0
177 4 3
859375.0
1093750.0
177 4 3
937500.0
1250000.0
177 4 3
1015625.0
859375.0
177 4 3
859375.0
781250.0
177 4 3
1015625.0
859375.0
177 4 3
859375.0
781250.0
177 4 3
937500.0
898437.5
177 4 3
859375.0
781250.0
177 4 3
859375.0
781250.0
177 4 3
937500.0
781250.0
177 4 3
1210937.5
937500.0
316 4 3
2187500.0
2187500.0
316 4 3
2812500.0
2500000.0
316 4 4
2187500.0
2343750.0
316 4 3
2812500.0
2187500.0
316 4 4
2656250.0
2031250.0
316 4 3
2343750.0
2187500.0
316 4 3
2500000.0
2343750.0
316 4 4
2500000.0
2343750.0
316 4 3
2500000.0
2500000.0
316 4 3
2500000.0
2656250.0
316 4 4
2500000.0
2187500.0
316 4 3
2812500.0
2500000.0
316 4 4
2500000.0
2187500.0
316 4 4
2812500.0
2187500.0
316 4 4
2500000.0
2187500.0
316 4 3
2812500.0
2343750.0
316 4 4
2968750.0
2187500.0
316 4 3
2812500.0
2187500.0
316 4 3
2656250.0
2500000.0
316 4 3
2812500.0
2500000.0
316 4 4
2812500.0
2343750.0
316 4 3
2812500.0
2500000.0
316 4 3
2656250.0
2500000.0
316 4 3
2812500.0
2343750.0
316 4 4
2187500.0
2656250.0
316 4 3
2187500.0
2968750.0
316 4 3
2187500.0
2187500.0
316 4 4
2968750.0
2187500.0
316 4 3
2187500.0
2500000.0
316 4 3
2187500.0
2656250.0
316 4 4
2968750.0
2500000.0
316 4 4
2187500.0
2343750.0
562 4 4
6875000.0
1.0E7
562 4 4
6875000.0
6875000.0
562 4 4
6875000.0
7500000.0
562 4 4
6875000.0
7500000.0
562 4 4
6875000.0
8125000.0
562 4 4
5000000.0
6875000.0
562 4 4
6250000.0
8750000.0
562 4 4
7500000.0
9375000.0
562 4 4
5312500.0
6875000.0
562 4 4
5937500.0
8750000.0
562 4 4
5000000.0
8125000.0
562 4 4
5000000.0
6875000.0
562 4 4
6875000.0
7500000.0
562 4 4
7500000.0
8125000.0
562 4 4
6875000.0
7500000.0
562 4 4
6875000.0
7500000.0
562 4 4
7187500.0
7500000.0
562 4 4
6250000.0
6875000.0
562 4 4
6250000.0
5937500.0
562 4 4
5937500.0
7500000.0
562 4 4
6875000.0
6250000.0
562 4 4
6250000.0
6875000.0
562 4 4
5000000.0
6562500.0
562 4 4
5312500.0
5937500.0
562 4 4
5312500.0
7812500.0
562 4 4
5000000.0
8125000.0
562 4 4
5937500.0
8125000.0
562 4 4
5937500.0
8125000.0
562 4 4
6562500.0
5625000.0
562 4 3
5937500.0
8437500.0
562 4 4
6250000.0
8437500.0
1000 4 4
1.1875E7
3.0E7
562 4 4
5625000.0
1.0625E7
1000 4 5
1.375E7
3.25E7
1000 4 4
1.375E7
2.75E7
1000 4 4
1.4375E7
3.0E7
1000 4 4
1.5E7
3.0E7
1000 4 4
1.0625E7
1.75E7
1000 4 4
1.375E7
2.5E7
1000 4 5
1.5E7
2.75E7
1000 4 4
1.0625E7
1.625E7
1000 4 5
1.0625E7
1.75E7
1000 4 5
1.5E7
2.0E7
1000 4 4
1.75E7
1.875E7
1000 4 4
1.0625E7
1.625E7
1000 4 4
1.4375E7
2.125E7
1000 4 5
2.0E7
1.75E7
1000 4 4
1.1875E7
1.75E7
1000 4 4
1.375E7
2.0E7
1000 4 5
1.625E7
1.625E7
1000 4 5
1.5E7
1.625E7
1000 4 5
2.0E7
1.875E7
1778 4 5
3.0E7
5.5E7
1000 4 4
1.5625E7
1.875E7
1000 4 4
1.6875E7
1.75E7
1000 4 4
1.625E7
1.75E7
1000 4 4
1.625E7
1.75E7
1000 4 4
1.6875E7
2.0E7
1000 4 5
1.5E7
2.0E7
1000 4 5
1.1875E7
1.625E7
1000 4 4
1.5E7
1.875E7
1000 4 4
1.625E7
1.875E7
1000 4 4
1.1875E7
1.5E7
1000 4 5
1.1875E7
1.625E7
1000 4 4
1.1875E7
1.625E7
1778 4 5
2.75E7
7.0E7
1778 4 5
2.625E7
6.0E7
1778 4 5
2.75E7
1.4E8
1778 4 5
3.25E7
1.3E8
1778 4 5
2.75E7
8.5E7
1778 4 5
2.75E7
6.5E7
1778 4 5
3.0E7
1.1E8
1778 4 5
3.0E7
8.0E7
1778 4 5
3.0E7
1.2E8
1778 4 5
3.5E7
1.2E8
1778 4 5
2.75E7
4.75E7
1778 4 5
2.75E7
6.75E7
1778 4 5
2.5E7
4.5E7
1778 4 5
2.75E7
8.0E7
1778 4 5
3.25E7
7.25E7
1778 4 5
2.75E7
7.0E7
1778 4 5
2.75E7
9.0E7
1778 4 5
4.0E7
6.5E7
1778 4 5
4.0E7
5.5E7
1778 4 5
4.0E7
7.0E7
1778 4 5
4.5E7
6.0E7
1778 4 5
2.375E7
4.5E7
3162 4 6
1.1E8
2.1E8
3162 4 6
1.2E8
2.3E8
3162 4 6
1.1E8
1.9E8
1778 4 5
3.25E7
4.75E7
1778 4 5
3.875E7
6.0E7
3162 4 6
1.1E8
1.7E8
1778 4 5
2.625E7
4.5E7
3162 4 6
5.5E7
1.8E8
1778 4 5
4.5E7
6.0E7
3162 4 6
6.0E7
1.6E8
3162 4 7
7.5E7
1.6E8
1778 4 5
4.25E7
6.25E7
1778 4 5
4.0E7
6.5E7
3162 4 6
5.5E7
2.2E8
1778 4 6
2.625E7
4.25E7
1778 4 5
2.625E7
4.5E7
3162 4 6
8.0E7
2.0E8
3162 4 6
5.5E7
2.7E8
3162 4 6
5.5E7
2.7E8
3162 4 6
7.0E7
2.6E8
3162 4 5
8.0E7
2.1E8
1778 4 5
2.625E7
6.75E7
3162 4 6
7.5E7
3.0E8
3162 4 6
5.5E7
2.2E8
3162 4 6
5.5E7
2.7E8
3162 4 6
5.5E7
1.5E8
3162 4 5
6.0E7
2.7E8
3162 4 5
6.0E7
2.9E8
3162 4 5
6.5E7
2.9E8
3162 4 6
9.0E7
2.8E8
3162 4 6
1.1E8
2.5E8
3162 4 6
7.5E7
2.2E8
3162 4 6
7.5E7
2.5E8
3162 4 6
1.2E8
3.2E8
3162 4 6
7.0E7
2.5E8
3162 4 6
7.5E7
2.6E8
3162 4 6
5.25E7
1.8E8
3162 4 6
8.0E7
2.0E8
3162 4 6
9.5E7
2.5E8
3162 4 6
5.25E7
1.6E8
3162 4 6
8.0E7
2.0E8
5623 4 7
1.1E8
4.5E8
5623 4 6
1.2E8
4.5E8
5623 4 6
1.3E8
4.3E8
5623 4 6
1.2E8
6.0E8
5623 4 7
1.25E8
4.5E8
5623 4 6
2.0E8
4.7E8
5623 4 7
1.1E8
6.6E8
5623 4 7
1.9E8
6.4E8
5623 4 7
1.9E8
7.1E8
5623 4 7
1.1E8
4.5E8
5623 4 6
1.5E8
7.9E8
5623 4 6
1.6E8
7.6E8
5623 4 7
1.6E8
7.3E8
5623 4 7
1.7E8
7.0E8
5623 4 7
1.8E8
8.1E8
5623 4 7
1.9E8
7.1E8
5623 4 7
1.3E8
5.3E8
5623 4 7
1.4E8
6.1E8
5623 4 7
2.0E8
7.4E8
5623 4 7
1.7E8
7.4E8
5623 4 7
2.4E8
8.7E8
5623 4 8
2.7E8
8.2E8
5623 4 6
1.2E8
6.8E8
5623 4 7
1.2E8
7.8E8
5623 4 7
1.9E8
7.2E8
5623 4 7
1.6E8
7.9E8
5623 4 6
1.7E8
6.2E8
5623 4 7
2.2E8
6.0E8
5623 4 6
2.1E8
4.8E8
5623 4 7
1.5E8
7.0E8
5623 4 7
1.4E8
8.5E8
5623 4 7
2.5E8
5.9E8
10000 4 7
2.5E8
1.48E9
10000 4 8
2.4E8
1.34E9
10000 4 8
2.4E8
1.51E9
10000 4 7
2.4E8
1.43E9
10000 4 7
2.3E8
1.49E9
10000 4 8
2.7E8
1.6E9
10000 4 8
2.4E8
1.46E9
10000 4 8
4.1E8
1.42E9
10000 4 8
4.3E8
1.49E9
10000 4 7
2.6E8
1.84E9
10000 4 8
3.1E8
2.03E9
10000 4 8
3.6E8
1.78E9
10000 4 8
3.0E8
1.86E9
10000 4 8
2.5E8
1.91E9
10000 4 8
3.1E8
1.65E9
10000 4 8
2.7E8
2.25E9
10000 4 7
2.5E8
1.96E9
10000 4 8
2.5E8
2.08E9
10000 4 7
2.5E8
2.14E9
10000 4 8
3.1E8
1.93E9
10000 4 8
3.1E8
1.91E9
10000 4 7
2.9E8
2.13E9
10000 4 8
2.5E8
2.53E9
10000 4 7
2.4E8
2.14E9
10000 4 8
3.4E8
2.12E9
10000 4 8
2.6E8
2.33E9
10000 4 8
3.9E8
1.98E9
10000 4 7
3.2E8
2.21E9
10000 4 7
3.9E8
2.03E9
10000 4 7
4.1E8
2.35E9
10000 4 8
4.6E8
2.29E9
10000 4 8
3.3E8
2.09E9
17782 4 9
5.5E8
4.81E9
17782 4 9
5.3E8
5.09E9
17782 4 9
5.3E8
5.15E9
17782 4 8
5.2E8
4.35E9
17782 4 8
5.3E8
5.59E9
17782 4 9
5.3E8
4.91E9
17782 4 9
5.3E8
5.3E9
17782 4 9
5.4E8
4.93E9
17782 4 8
5.3E8
5.09E9
17782 4 8
5.4E8
4.93E9
17782 4 8
5.6E8
5.34E9
17782 4 9
5.3E8
5.1E9
17782 4 9
5.9E8
4.93E9
17782 4 8
6.0E8
5.05E9
17782 4 9
6.5E8
5.19E9
17782 4 9
5.6E8
5.31E9
17782 4 9
6.0E8
4.99E9
17782 4 8
5.6E8
5.96E9
17782 4 8
5.4E8
5.57E9
17782 4 8
5.8E8
5.78E9
17782 4 8
6.5E8
5.77E9
17782 4 9
6.4E8
6.52E9
17782 4 8
7.2E8
7.05E9
17782 4 9
5.9E8
6.6E9
17782 4 8
6.3E8
6.22E9
17782 4 8
6.9E8
6.46E9
17782 4 8
7.1E8
6.16E9
17782 4 9
6.6E8
6.6E9
17782 4 9
6.9E8
6.44E9
17782 4 9
6.6E8
7.5E9
17782 4 9
7.7E8
6.84E9
17782 4 9
6.7E8
7.85E9
31622 4 10
1.03E9
1.496E10
31622 4 9
1.08E9
1.679E10
31622 4 10
1.1E9
1.713E10
31622 4 10
1.03E9
1.716E10
31622 4 10
1.11E9
1.779E10
31622 4 10
1.12E9
1.732E10
31622 4 10
1.09E9
1.684E10
31622 4 10
1.18E9
1.675E10
31622 4 10
1.18E9
1.702E10
31622 4 10
1.22E9
1.745E10
31622 4 11
1.1E9
1.801E10
31622 4 10
1.6E9
1.605E10
31622 4 10
1.35E9
1.65E10
31622 4 10
1.52E9
1.619E10
31622 4 10
1.28E9
1.879E10
31622 4 11
1.11E9
2.111E10
31622 4 9
1.33E9
2.047E10
31622 4 9
1.39E9
1.985E10
31622 4 10
1.1E9
2.159E10
31622 4 10
1.17E9
2.144E10
31622 4 10
1.22E9
1.966E10
31622 4 9
1.11E9
1.985E10
31622 4 9
1.4E9
1.796E10
31622 4 10
1.33E9
2.101E10
31622 4 10
1.16E9
2.263E10
31622 4 9
1.35E9
2.067E10
31622 4 10
1.33E9
1.999E10
31622 4 10
1.03E9
2.271E10
31622 4 10
1.41E9
2.178E10
31622 4 10
1.55E9
2.643E10
31622 4 10
1.67E9
2.765E10
31622 4 10
1.62E9
2.856E10
56234 4 11
2.61E9
6.115E10
56234 4 11
2.39E9
7.0E10
56234 4 11
2.23E9
5.845E10
56234 4 11
2.82E9
6.98E10
56234 4 11
2.58E9
6.796E10
56234 4 11
2.2E9
6.309E10
56234 4 11
2.54E9
6.875E10
56234 4 11
2.54E9
7.568E10
56234 4 11
2.19E9
7.037E10
56234 4 11
2.46E9
7.3E10
56234 4 11
2.45E9
7.713E10
56234 4 11
2.52E9
7.465E10
56234 4 11
2.41E9
7.258E10
56234 4 11
2.58E9
7.385E10
56234 4 11
2.32E9
7.175E10
56234 4 11
2.02E9
8.229E10
56234 4 11
2.91E9
7.417E10
56234 4 11
2.6E9
7.813E10
56234 4 11
2.48E9
7.991E10
56234 4 11
2.23E9
6.812E10
56234 4 11
2.77E9
7.745E10
56234 4 11
2.91E9
7.871E10
56234 4 11
2.7E9
7.712E10
56234 4 11
2.82E9
7.911E10
56234 4 11
2.43E9
8.386E10
56234 4 11
2.33E9
8.382E10
56234 4 11
2.34E9
8.729E10
56234 4 11
2.57E9
8.611E10
56234 4 11
2.51E9
9.183E10
56234 4 11
2.56E9
9.921E10
56234 4 11
2.49E9
9.479E10
56234 4 11
2.36E9
1.0542E11
100000 4 11
4.66E9
1.9713E11
100000 4 11
4.88E9
2.0238E11
100000 4 11
4.74E9
2.0439E11
100000 4 11
5.17E9
2.0421E11
100000 4 11
5.76E9
2.0494E11
100000 4 11
4.54E9
2.2285E11
100000 4 11
5.0E9
2.1997E11
100000 4 11
5.39E9
2.1469E11
100000 4 11
4.79E9
2.3818E11
100000 4 11
5.13E9
2.3014E11
100000 4 11
5.19E9
2.3072E11
100000 4 11
4.88E9
2.1565E11
100000 4 11
4.39E9
2.3379E11
100000 4 11
5.7E9
2.2667E11
100000 4 11
5.71E9
2.2844E11
100000 4 11
5.41E9
2.3381E11
100000 4 11
5.46E9
2.3432E11
100000 4 11
5.62E9
2.2972E11
100000 4 11
5.46E9
2.3024E11
100000 4 11
5.25E9
2.2649E11
100000 4 11
5.76E9
2.3874E11
100000 4 11
5.49E9
2.3986E11
100000 4 11
4.65E9
2.2462E11
100000 4 11
4.72E9
2.2101E11
100000 4 11
5.64E9
2.4255E11
100000 4 11
5.78E9
2.4048E11
100000 4 11
5.72E9
2.3881E11
100000 4 11
5.09E9
2.2376E11
100000 4 11
5.72E9
2.534E11
100000 4 11
5.0E9
2.2002E11
100000 4 11
5.5E9
2.4608E11
100000 4 11
5.49E9
2.4618E11
