100 8 1
546875.0
429687.5
100 8 1
546875.0
429687.5
100 8 1
585937.5
429687.5
100 8 1
546875.0
429687.5
100 8 1
585937.5
429687.5
100 8 1
546875.0
468750.0
100 8 1
546875.0
429687.5
100 8 1
546875.0
429687.5
100 8 1
507812.5
429687.5
100 8 1
546875.0
468750.0
100 8 1
546875.0
429687.5
100 8 1
507812.5
429687.5
100 8 1
585937.5
468750.0
100 8 1
585937.5
429687.5
100 8 1
585937.5
468750.0
100 8 1
585937.5
429687.5
100 8 1
546875.0
429687.5
100 8 1
585937.5
429687.5
100 8 1
507812.5
429687.5
100 8 1
546875.0
371093.75
100 8 1
546875.0
429687.5
100 8 1
585937.5
390625.0
100 8 1
546875.0
371093.75
100 8 1
585937.5
371093.75
100 8 1
585937.5
410156.25
100 8 1
585937.5
390625.0
100 8 1
585937.5
429687.5
100 8 1
546875.0
390625.0
100 8 1
507812.5
410156.25
100 8 1
585937.5
390625.0
100 8 1
468750.0
371093.75
100 8 1
507812.5
410156.25
177 8 1
1484375.0
1015625.0
177 8 1
1562500.0
1093750.0
177 8 1
1484375.0
1015625.0
177 8 1
1406250.0
1093750.0
177 8 1
1562500.0
1015625.0
177 8 1
1562500.0
1093750.0
177 8 1
1484375.0
1093750.0
177 8 1
1484375.0
1093750.0
177 8 1
1562500.0
1093750.0
177 8 1
1562500.0
1171875.0
177 8 1
1562500.0
1093750.0
177 8 1
1406250.0
1093750.0
177 8 1
1484375.0
1015625.0
177 8 1
1406250.0
1093750.0
177 8 1
1562500.0
1093750.0
177 8 1
1484375.0
1171875.0
177 8 1
1562500.0
1093750.0
177 8 1
1640625.0
1093750.0
177 8 1
1562500.0
1015625.0
177 8 1
1406250.0
1015625.0
177 8 1
1406250.0
937500.0
177 8 1
1484375.0
1015625.0
177 8 1
1562500.0
1015625.0
177 8 1
1484375.0
1015625.0
177 8 1
1562500.0
1093750.0
177 8 2
1562500.0
1015625.0
177 8 1
1406250.0
937500.0
177 8 1
1484375.0
1093750.0
177 8 2
1484375.0
1015625.0
177 8 1
1484375.0
1015625.0
177 8 1
1562500.0
1015625.0
177 8 1
1328125.0
937500.0
316 8 1
3750000.0
3437500.0
316 8 1
4062500.0
3437500.0
316 8 2
4062500.0
3125000.0
316 8 1
3750000.0
3125000.0
316 8 1
4062500.0
3437500.0
316 8 1
3750000.0
3281250.0
316 8 1
4062500.0
3437500.0
316 8 1
3750000.0
3125000.0
316 8 1
3750000.0
3125000.0
316 8 1
4062500.0
3437500.0
316 8 1
4062500.0
3125000.0
316 8 1
4062500.0
3750000.0
316 8 1
3750000.0
3281250.0
316 8 1
3750000.0
3437500.0
316 8 1
3437500.0
3593750.0
316 8 1
3750000.0
3437500.0
316 8 1
3750000.0
3437500.0
316 8 1
4062500.0
3281250.0
316 8 1
4062500.0
3281250.0
316 8 1
3750000.0
3437500.0
316 8 1
3750000.0
3125000.0
316 8 1
4062500.0
3281250.0
316 8 1
3437500.0
3593750.0
316 8 1
3750000.0
3125000.0
316 8 2
3750000.0
2968750.0
316 8 1
3750000.0
3125000.0
316 8 1
4062500.0
2968750.0
316 8 1
4062500.0
2656250.0
316 8 1
3750000.0
2968750.0
316 8 1
3750000.0
2812500.0
316 8 1
4062500.0
2968750.0
316 8 1
3437500.0
2968750.0
562 8 1
9375000.0
8125000.0
562 8 2
9375000.0
8750000.0
562 8 1
9375000.0
8750000.0
562 8 1
1.0E7
8750000.0
562 8 1
1.0E7
1.125E7
562 8 1
1.0625E7
8125000.0
562 8 2
1.0E7
1.0625E7
562 8 2
1.0E7
9375000.0
562 8 1
1.0625E7
9375000.0
562 8 1
9375000.0
8750000.0
562 8 2
1.0625E7
8125000.0
562 8 2
1.0E7
8750000.0
562 8 1
9375000.0
8750000.0
562 8 1
9375000.0
1.125E7
562 8 1
9375000.0
8125000.0
562 8 1
9375000.0
8125000.0
562 8 1
1.0E7
8125000.0
562 8 1
1.0E7
9375000.0
562 8 1
1.0625E7
8125000.0
562 8 1
1.0625E7
8750000.0
562 8 1
9375000.0
7500000.0
562 8 1
9375000.0
8750000.0
562 8 2
1.0E7
8750000.0
562 8 1
1.0625E7
8125000.0
562 8 1
1.0625E7
8750000.0
562 8 1
1.0E7
8750000.0
562 8 1
1.0625E7
7500000.0
562 8 1
1.0625E7
9375000.0
562 8 2
9375000.0
8125000.0
562 8 1
1.0E7
8125000.0
562 8 1
1.0E7
8125000.0
562 8 1
1.0625E7
8750000.0
1000 8 2
2.75E7
2.5E7
1000 8 2
2.5E7
2.75E7
1000 8 2
2.375E7
2.75E7
1000 8 2
2.5E7
3.0E7
1000 8 1
2.75E7
2.75E7
1000 8 1
2.5E7
2.75E7
1000 8 2
2.75E7
2.625E7
1000 8 2
2.625E7
2.75E7
1000 8 2
2.5E7
2.25E7
1000 8 2
2.625E7
2.75E7
1000 8 2
2.75E7
2.75E7
1000 8 2
2.75E7
3.0E7
1000 8 2
2.75E7
2.75E7
1000 8 1
2.75E7
3.0E7
1000 8 2
2.75E7
3.0E7
1000 8 1
2.625E7
3.0E7
1000 8 2
2.5E7
2.75E7
1000 8 2
2.625E7
2.75E7
1000 8 2
2.625E7
2.125E7
1000 8 1
2.5E7
3.0E7
1000 8 2
2.5E7
2.75E7
1000 8 2
2.625E7
2.5E7
1000 8 2
2.75E7
3.25E7
1000 8 1
2.375E7
2.75E7
1000 8 1
2.5E7
3.0E7
1000 8 2
2.75E7
3.25E7
1000 8 2
2.5E7
3.125E7
1000 8 2
2.75E7
2.875E7
1000 8 2
2.625E7
2.375E7
1000 8 2
2.625E7
2.375E7
1778 8 2
6.5E7
8.0E7
1778 8 2
7.0E7
8.5E7
1000 8 1
2.625E7
3.75E7
1778 8 2
6.5E7
1.1E8
1000 8 1
2.5E7
3.5E7
1778 8 2
6.5E7
9.0E7
1778 8 2
6.0E7
1.0E8
1778 8 2
6.0E7
1.3E8
1778 8 2
6.5E7
1.2E8
1778 8 2
6.0E7
7.0E7
1778 8 2
7.0E7
7.5E7
1778 8 2
6.5E7
1.3E8
1778 8 2
6.0E7
1.1E8
1778 8 1
6.5E7
7.0E7
1778 8 2
6.0E7
1.0E8
1778 8 2
6.5E7
8.0E7
1778 8 2
6.0E7
1.0E8
1778 8 2
6.0E7
7.5E7
1778 8 2
6.5E7
9.5E7
1778 8 2
7.0E7
9.0E7
1778 8 2
7.0E7
7.5E7
1778 8 2
7.0E7
8.5E7
1778 8 2
6.5E7
8.5E7
1778 8 2
7.0E7
8.5E7
1778 8 2
7.0E7
9.0E7
1778 8 2
6.0E7
8.0E7
1778 8 2
6.5E7
1.0E8
1778 8 2
6.0E7
9.0E7
1778 8 2
6.5E7
9.5E7
1778 8 2
6.5E7
7.5E7
1778 8 2
6.5E7
9.0E7
1778 8 2
6.0E7
9.0E7
1778 8 2
6.5E7
9.5E7
1778 8 2
6.5E7
9.0E7
3162 8 2
1.6E8
2.8E8
3162 8 2
1.6E8
2.7E8
3162 8 2
1.6E8
2.9E8
3162 8 2
1.6E8
2.7E8
3162 8 2
1.4E8
2.9E8
3162 8 2
1.8E8
2.7E8
3162 8 2
1.6E8
3.0E8
3162 8 2
1.6E8
2.9E8
3162 8 2
1.7E8
3.0E8
3162 8 2
1.7E8
2.9E8
3162 8 2
1.5E8
2.6E8
3162 8 2
1.5E8
3.0E8
3162 8 2
1.4E8
2.6E8
3162 8 2
1.5E8
3.0E8
3162 8 2
1.5E8
3.0E8
3162 8 2
1.6E8
2.9E8
3162 8 2
2.3E8
2.9E8
3162 8 2
1.5E8
2.6E8
3162 8 2
1.5E8
2.5E8
3162 8 2
1.6E8
2.5E8
3162 8 2
1.6E8
2.4E8
3162 8 2
1.7E8
2.3E8
3162 8 2
1.7E8
2.5E8
3162 8 2
1.6E8
2.3E8
3162 8 2
1.8E8
2.4E8
3162 8 2
1.6E8
2.3E8
3162 8 2
1.7E8
2.5E8
3162 8 2
1.6E8
2.3E8
3162 8 2
1.6E8
2.1E8
3162 8 2
1.6E8
2.4E8
3162 8 2
1.7E8
2.2E8
3162 8 2
1.7E8
2.2E8
5623 8 2
3.9E8
9.4E8
5623 8 2
3.9E8
1.04E9
5623 8 2
4.1E8
9.9E8
5623 8 2
3.8E8
9.5E8
5623 8 2
3.7E8
9.3E8
5623 8 2
3.9E8
1.02E9
5623 8 2
3.9E8
1.01E9
5623 8 2
3.7E8
1.1E9
5623 8 2
3.7E8
1.18E9
5623 8 2
4.1E8
9.3E8
5623 8 2
4.1E8
9.5E8
5623 8 2
3.8E8
1.22E9
5623 8 2
3.8E8
1.15E9
5623 8 2
3.7E8
1.05E9
5623 8 2
4.3E8
1.14E9
5623 8 2
3.8E8
1.0E9
5623 8 2
3.9E8
1.02E9
5623 8 2
3.8E8
9.0E8
5623 8 2
3.9E8
9.6E8
5623 8 2
3.8E8
9.8E8
5623 8 2
4.0E8
1.12E9
5623 8 2
4.4E8
8.0E8
5623 8 2
3.8E8
1.28E9
5623 8 2
3.8E8
1.25E9
5623 8 2
4.0E8
1.01E9
5623 8 2
3.7E8
1.07E9
5623 8 2
3.7E8
1.19E9
5623 8 2
3.9E8
1.11E9
5623 8 2
4.0E8
1.03E9
5623 8 2
4.1E8
9.3E8
5623 8 2
4.4E8
1.13E9
5623 8 2
3.8E8
1.13E9
10000 8 2
9.1E8
3.03E9
10000 8 2
9.1E8
3.09E9
10000 8 2
8.8E8
3.15E9
10000 8 2
9.2E8
3.22E9
10000 8 2
9.4E8
3.0E9
10000 8 2
9.2E8
3.28E9
10000 8 2
8.9E8
3.01E9
10000 8 2
8.8E8
3.67E9
10000 8 2
8.9E8
3.95E9
10000 8 2
9.2E8
4.04E9
10000 8 2
9.2E8
3.92E9
10000 8 2
9.3E8
3.79E9
10000 8 2
9.1E8
4.14E9
10000 8 2
9.2E8
4.27E9
10000 8 2
9.1E8
4.27E9
10000 8 2
9.2E8
4.33E9
10000 8 2
9.2E8
4.09E9
10000 8 2
9.2E8
4.24E9
10000 8 2
1.07E9
4.08E9
10000 8 2
9.2E8
3.91E9
10000 8 2
9.3E8
4.03E9
10000 8 2
9.3E8
4.02E9
10000 8 2
1.01E9
3.91E9
10000 8 2
9.3E8
4.04E9
10000 8 2
9.2E8
3.99E9
10000 8 2
9.4E8
3.98E9
10000 8 2
1.08E9
3.94E9
10000 8 2
9.9E8
3.85E9
10000 8 2
9.0E8
4.01E9
10000 8 2
9.2E8
3.87E9
10000 8 2
9.4E8
4.14E9
10000 8 2
9.4E8
3.86E9
17782 8 2
2.21E9
1.149E10
17782 8 2
1.88E9
1.186E10
17782 8 2
2.34E9
1.222E10
17782 8 2
2.0E9
1.229E10
17782 8 2
2.22E9
1.35E10
17782 8 2
2.05E9
1.276E10
17782 8 2
2.17E9
1.308E10
17782 8 2
2.56E9
1.347E10
17782 8 2
2.44E9
1.205E10
17782 8 2
2.21E9
1.277E10
17782 8 2
2.19E9
1.388E10
17782 8 2
2.33E9
1.354E10
17782 8 2
2.19E9
1.418E10
17782 8 2
2.17E9
1.401E10
17782 8 2
2.4E9
1.477E10
17782 8 2
2.25E9
1.329E10
17782 8 2
2.17E9
1.428E10
17782 8 2
2.22E9
1.428E10
17782 8 2
2.18E9
1.37E10
17782 8 2
2.19E9
1.454E10
17782 8 2
2.28E9
1.361E10
17782 8 2
2.46E9
1.336E10
17782 8 2
2.43E9
1.417E10
17782 8 2
2.35E9
1.314E10
17782 8 2
2.24E9
1.428E10
17782 8 2
2.44E9
1.475E10
17782 8 2
2.65E9
1.339E10
17782 8 2
2.38E9
1.381E10
17782 8 2
2.29E9
1.423E10
17782 8 2
2.28E9
1.483E10
17782 8 2
2.08E9
1.435E10
17782 8 2
2.38E9
1.362E10
31622 8 2
5.25E9
4.422E10
31622 8 2
5.26E9
4.401E10
31622 8 2
5.36E9
4.531E10
31622 8 2
5.54E9
4.253E10
31622 8 2
5.7E9
4.151E10
31622 8 2
5.96E9
4.306E10
31622 8 2
5.45E9
5.125E10
31622 8 2
5.42E9
4.787E10
31622 8 2
5.47E9
4.963E10
31622 8 2
5.52E9
4.638E10
31622 8 2
4.96E9
5.074E10
31622 8 2
5.65E9
4.909E10
31622 8 2
5.47E9
4.801E10
31622 8 2
5.53E9
5.334E10
31622 8 2
6.11E9
5.241E10
31622 8 2
5.54E9
4.875E10
31622 8 2
5.33E9
5.364E10
31622 8 2
4.99E9
5.423E10
31622 8 2
5.26E9
5.337E10
31622 8 2
5.75E9
5.354E10
31622 8 2
5.17E9
5.55E10
31622 8 2
5.33E9
5.607E10
31622 8 2
5.68E9
5.408E10
31622 8 2
5.44E9
5.538E10
31622 8 2
4.79E9
5.633E10
31622 8 2
6.13E9
5.476E10
31622 8 2
5.52E9
5.608E10
31622 8 2
5.53E9
5.626E10
31622 8 2
5.53E9
5.553E10
31622 8 2
5.75E9
6.061E10
31622 8 2
5.35E9
6.024E10
31622 8 2
5.66E9
6.32E10
56234 8 2
1.28E10
1.6314E11
56234 8 2
1.326E10
1.6641E11
56234 8 2
1.293E10
1.6903E11
56234 8 2
1.29E10
1.6942E11
56234 8 2
1.306E10
1.7595E11
56234 8 2
1.26E10
1.6959E11
56234 8 2
1.285E10
1.8014E11
56234 8 2
1.442E10
1.7912E11
56234 8 2
1.236E10
1.8169E11
56234 8 2
1.365E10
1.8374E11
56234 8 2
1.27E10
1.8171E11
56234 8 2
1.428E10
1.7758E11
56234 8 2
1.241E10
1.8644E11
56234 8 3
1.224E10
1.8606E11
56234 8 2
1.241E10
1.9205E11
56234 8 2
1.276E10
1.8484E11
56234 8 2
1.26E10
1.8751E11
56234 8 2
1.436E10
1.779E11
56234 8 2
1.23E10
1.863E11
56234 8 2
1.266E10
1.9423E11
56234 8 2
1.27E10
1.8695E11
56234 8 2
1.279E10
1.9222E11
56234 8 2
1.293E10
1.94E11
56234 8 2
1.483E10
1.8742E11
56234 8 3
1.323E10
1.8028E11
56234 8 2
1.281E10
1.9293E11
56234 8 2
1.264E10
2.0211E11
56234 8 2
1.436E10
1.8605E11
56234 8 2
1.251E10
1.9546E11
56234 8 2
1.301E10
2.0362E11
56234 8 2
1.52E10
1.9632E11
56234 8 2
1.458E10
2.018E11
100000 8 3
2.986E10
4.0233E11
100000 8 3
2.984E10
4.11E11
100000 8 3
2.987E10
4.0493E11
100000 8 3
3.018E10
4.3063E11
100000 8 3
3.013E10
4.3336E11
100000 8 3
3.018E10
4.4016E11
100000 8 2
2.999E10
5.4592E11
100000 8 2
2.951E10
6.2788E11
100000 8 2
2.959E10
6.3884E11
100000 8 3
3.143E10
6.0759E11
100000 8 3
3.029E10
6.3546E11
100000 8 3
2.968E10
6.4836E11
100000 8 3
2.984E10
6.3024E11
100000 8 2
3.029E10
6.4102E11
100000 8 3
2.981E10
6.6227E11
100000 8 3
3.104E10
6.3915E11
100000 8 3
3.235E10
6.5195E11
100000 8 3
3.022E10
6.5707E11
100000 8 3
3.007E10
6.5318E11
100000 8 3
2.99E10
6.6172E11
100000 8 2
3.002E10
6.6563E11
100000 8 2
3.038E10
6.5736E11
100000 8 3
2.982E10
6.753E11
100000 8 2
2.983E10
6.6053E11
100000 8 2
3.136E10
6.5886E11
100000 8 2
3.006E10
6.8543E11
100000 8 3
3.033E10
6.8724E11
100000 8 2
3.143E10
6.9382E11
100000 8 3
3.075E10
6.9452E11
100000 8 2
2.985E10
7.0557E11
100000 8 3
3.159E10
6.9089E11
100000 8 3
3.062E10
6.9372E11
