100 4 4
332031.25
292968.75
100 4 2
351562.5
273437.5
100 4 2
332031.25
292968.75
100 4 3
351562.5
292968.75
100 4 2
390625.0
273437.5
100 4 3
351562.5
273437.5
100 4 3
371093.75
312500.0
100 4 3
351562.5
312500.0
100 4 2
390625.0
292968.75
100 4 2
351562.5
312500.0
100 4 2
410156.25
292968.75
100 4 3
390625.0
312500.0
100 4 2
390625.0
312500.0
100 4 3
371093.75
312500.0
100 4 3
371093.75
292968.75
100 4 3
390625.0
292968.75
100 4 2
371093.75
292968.75
100 4 2
390625.0
312500.0
100 4 3
371093.75
292968.75
100 4 3
371093.75
292968.75
100 4 2
390625.0
292968.75
100 4 3
390625.0
312500.0
100 4 2
351562.5
312500.0
100 4 2
371093.75
312500.0
100 4 3
390625.0
292968.75
100 4 3
371093.75
292968.75
100 4 3
390625.0
292968.75
100 4 2
371093.75
292968.75
100 4 3
371093.75
312500.0
100 4 2
410156.25
332031.25
100 4 3
371093.75
273437.5
100 4 3
410156.25
273437.5
177 4 3
859375.0
859375.0
177 4 3
937500.0
859375.0
177 4 3
859375.0
859375.0
177 4 3
859375.0
937500.0
177 4 4
859375.0
859375.0
177 4 3
859375.0
859375.0
177 4 3
859375.0
937500.0
177 4 3
937500.0
859375.0
177 4 3
859375.0
859375.0
177 4 3
937500.0
859375.0
177 4 3
859375.0
859375.0
177 4 3
937500.0
859375.0
177 4 3
859375.0
937500.0
177 4 3
859375.0
781250.0
177 4 3
937500.0
859375.0
177 4 3
859375.0
1015625.0
177 4 3
859375.0
937500.0
177 4 3
937500.0
1015625.0
177 4 3
859375.0
859375.0
177 4 3
937500.0
781250.0
177 4 4
859375.0
859375.0
177 4 3
937500.0
742187.5
177 4 3
937500.0
937500.0
177 4 3
859375.0
898437.5
177 4 3
859375.0
781250.0
177 4 3
937500.0
742187.5
177 4 3
859375.0
937500.0
177 4 3
937500.0
781250.0
177 4 3
859375.0
781250.0
177 4 3
937500.0
742187.5
177 4 3
937500.0
781250.0
177 4 4
1015625.0
742187.5
316 4 3
2031250.0
2187500.0
316 4 4
1875000.0
2187500.0
316 4 3
2031250.0
2500000.0
316 4 3
2187500.0
2187500.0
316 4 4
2031250.0
2187500.0
316 4 3
2187500.0
2187500.0
316 4 3
2187500.0
2187500.0
316 4 3
2031250.0
2343750.0
316 4 3
2187500.0
2187500.0
316 4 3
2187500.0
2031250.0
316 4 4
2187500.0
2031250.0
316 4 4
2187500.0
2343750.0
316 4 4
2031250.0
2343750.0
316 4 4
2343750.0
2031250.0
316 4 3
1875000.0
2343750.0
316 4 4
2031250.0
2031250.0
316 4 3
2187500.0
2343750.0
316 4 3
2187500.0
2031250.0
316 4 3
2187500.0
2187500.0
316 4 3
2187500.0
2187500.0
316 4 4
2031250.0
2500000.0
316 4 3
2031250.0
2187500.0
316 4 4
2187500.0
2031250.0
316 4 4
2031250.0
2187500.0
316 4 3
2187500.0
2343750.0
316 4 3
2187500.0
2031250.0
316 4 3
2187500.0
2187500.0
316 4 4
2187500.0
2187500.0
316 4 3
2343750.0
1875000.0
316 4 3
2343750.0
2187500.0
316 4 3
2500000.0
2187500.0
316 4 4
2031250.0
2187500.0
562 4 4
4375000.0
6875000.0
562 4 4
4687500.0
6875000.0
562 4 4
4687500.0
6875000.0
562 4 5
5000000.0
6875000.0
562 4 4
4375000.0
5312500.0
562 4 4
4687500.0
6875000.0
562 4 3
5000000.0
6875000.0
562 4 4
5000000.0
6875000.0
562 4 4
5000000.0
6875000.0
562 4 4
5312500.0
7500000.0
562 4 4
5000000.0
7500000.0
562 4 4
4687500.0
7187500.0
562 4 5
4687500.0
5937500.0
562 4 4
4687500.0
7187500.0
562 4 4
4687500.0
5000000.0
562 4 4
4687500.0
6875000.0
562 4 4
4687500.0
5625000.0
562 4 4
4375000.0
6562500.0
562 4 4
4687500.0
7500000.0
562 4 4
5000000.0
8750000.0
562 4 4
4687500.0
8125000.0
562 4 4
5000000.0
8125000.0
562 4 4
4687500.0
6875000.0
562 4 4
5312500.0
5625000.0
562 4 4
5000000.0
5937500.0
562 4 5
4687500.0
5937500.0
562 4 4
5312500.0
5937500.0
562 4 4
4687500.0
6562500.0
562 4 4
4687500.0
5625000.0
562 4 4
5312500.0
6875000.0
1000 4 4
1.0E7
2.0E7
562 4 4
5312500.0
6250000.0
562 4 4
5000000.0
6562500.0
1000 4 4
1.0E7
2.0E7
1000 4 5
1.0625E7
1.75E7
1000 4 5
9375000.0
2.0E7
1000 4 5
1.0625E7
1.875E7
1000 4 4
1.0E7
2.125E7
1000 4 5
1.0E7
2.0E7
1000 4 4
9375000.0
1.625E7
1000 4 5
1.0E7
1.875E7
1000 4 5
1.0625E7
1.75E7
1000 4 4
1.0625E7
1.875E7
1000 4 4
1.0625E7
2.5E7
1000 4 4
1.0625E7
1.875E7
1000 4 4
1.0625E7
3.25E7
1000 4 4
1.0625E7
1.875E7
1000 4 5
1.25E7
3.0E7
1000 4 4
1.0625E7
1.625E7
1000 4 5
1.125E7
1.75E7
1000 4 4
1.0625E7
1.75E7
1000 4 4
1.25E7
1.75E7
1000 4 4
1.3125E7
1.5E7
1000 4 5
1.125E7
2.75E7
1000 4 4
1.125E7
2.5E7
1000 4 4
1.1875E7
1.75E7
1000 4 5
1.3125E7
1.75E7
1000 4 5
1.375E7
1.875E7
1000 4 5
1.0625E7
1.625E7
1000 4 5
1.0625E7
1.75E7
1000 4 5
2.0E7
1.75E7
1000 4 5
1.25E7
1.75E7
1000 4 4
1.0E7
2.0E7
1778 4 5
2.75E7
6.0E7
1778 4 5
2.75E7
4.5E7
1778 4 5
3.25E7
5.5E7
1000 4 5
1.0625E7
2.25E7
1778 4 5
2.5E7
5.5E7
1778 4 5
2.625E7
5.5E7
1778 4 5
2.5E7
4.25E7
1778 4 5
2.5E7
1.1E8
1778 4 5
2.375E7
7.0E7
1778 4 5
2.5E7
4.5E7
1778 4 6
2.25E7
4.0E7
1778 4 5
2.375E7
3.5E7
1778 4 6
2.375E7
5.5E7
1778 4 5
2.25E7
5.0E7
1778 4 5
2.625E7
6.75E7
1778 4 6
2.5E7
5.25E7
1778 4 6
2.5E7
5.0E7
1778 4 5
2.25E7
5.5E7
1778 4 5
2.5E7
6.75E7
1778 4 5
2.125E7
5.0E7
1778 4 5
2.5E7
5.0E7
1778 4 5
3.0E7
4.5E7
1778 4 5
2.375E7
4.25E7
1778 4 5
2.625E7
5.0E7
1778 4 5
3.75E7
6.0E7
3162 4 6
5.5E7
1.4E8
3162 4 7
5.5E7
1.6E8
1778 4 5
2.5E7
5.5E7
3162 4 6
8.0E7
1.8E8
3162 4 6
8.5E7
1.9E8
1778 4 5
3.25E7
4.5E7
3162 4 6
5.5E7
1.6E8
3162 4 6
6.0E7
1.8E8
3162 4 6
7.0E7
1.7E8
1778 4 5
2.375E7
4.0E7
3162 4 6
6.0E7
1.7E8
3162 4 6
5.5E7
1.6E8
3162 4 6
6.5E7
1.5E8
3162 4 6
6.0E7
1.5E8
1778 4 6
2.125E7
5.0E7
1778 4 5
2.5E7
3.75E7
3162 4 6
5.0E7
1.6E8
3162 4 6
5.75E7
1.8E8
3162 4 6
6.0E7
1.4E8
3162 4 6
5.5E7
1.6E8
1778 4 6
2.5E7
4.25E7
1778 4 5
2.5E7
5.75E7
3162 4 6
5.5E7
2.0E8
3162 4 6
5.5E7
1.7E8
3162 4 6
6.0E7
1.5E8
3162 4 5
6.0E7
2.1E8
3162 4 6
5.5E7
1.6E8
3162 4 6
6.0E7
1.6E8
3162 4 6
5.5E7
1.7E8
3162 4 6
6.0E7
1.6E8
3162 4 6
6.0E7
1.6E8
1778 4 5
2.5E7
4.5E7
3162 4 6
5.0E7
1.7E8
3162 4 6
7.5E7
1.9E8
3162 4 6
4.75E7
1.6E8
3162 4 6
7.0E7
1.8E8
3162 4 6
5.25E7
1.4E8
3162 4 5
5.25E7
1.8E8
3162 4 6
5.25E7
2.1E8
3162 4 6
5.5E7
2.2E8
5623 4 7
1.1E8
4.0E8
5623 4 7
1.2E8
5.3E8
5623 4 6
1.7E8
5.2E8
5623 4 7
1.3E8
5.2E8
5623 4 7
1.2E8
5.1E8
5623 4 7
1.1E8
5.2E8
5623 4 7
1.1E8
4.8E8
5623 4 7
1.2E8
5.1E8
5623 4 7
1.2E8
5.0E8
5623 4 6
1.1E8
5.6E8
5623 4 7
1.3E8
5.3E8
5623 4 6
1.2E8
5.2E8
5623 4 7
1.2E8
4.9E8
5623 4 7
1.2E8
5.2E8
5623 4 7
1.1E8
4.8E8
5623 4 7
1.1E8
4.9E8
5623 4 6
1.5E8
6.2E8
5623 4 7
1.15E8
5.5E8
5623 4 7
1.2E8
5.0E8
5623 4 7
1.1E8
5.2E8
5623 4 7
9.5E7
5.6E8
5623 4 7
1.1E8
5.2E8
5623 4 7
1.25E8
5.1E8
5623 4 6
1.3E8
6.7E8
5623 4 8
1.3E8
4.9E8
5623 4 8
1.4E8
4.8E8
5623 4 7
1.2E8
4.7E8
5623 4 7
1.3E8
6.2E8
5623 4 7
1.4E8
6.2E8
5623 4 7
1.2E8
5.0E8
5623 4 6
1.8E8
6.0E8
5623 4 7
1.2E8
5.0E8
10000 4 8
2.4E8
1.45E9
10000 4 7
2.5E8
1.47E9
10000 4 7
2.3E8
1.73E9
10000 4 8
2.6E8
1.64E9
10000 4 8
2.4E8
1.48E9
10000 4 7
2.8E8
1.62E9
10000 4 8
2.6E8
1.56E9
10000 4 8
2.8E8
1.65E9
10000 4 8
2.6E8
1.67E9
10000 4 7
2.4E8
1.47E9
10000 4 8
2.7E8
1.54E9
10000 4 8
3.0E8
1.64E9
10000 4 8
2.6E8
1.67E9
10000 4 7
2.6E8
1.47E9
10000 4 7
2.6E8
1.48E9
10000 4 8
2.7E8
1.71E9
10000 4 8
2.6E8
1.89E9
10000 4 8
2.7E8
1.86E9
10000 4 7
3.2E8
1.71E9
10000 4 7
2.6E8
1.73E9
10000 4 7
2.4E8
1.75E9
10000 4 7
3.1E8
1.61E9
10000 4 8
2.5E8
1.61E9
10000 4 8
3.0E8
1.51E9
10000 4 7
2.6E8
2.05E9
10000 4 8
3.0E8
1.57E9
10000 4 8
3.3E8
1.98E9
10000 4 7
3.3E8
2.08E9
10000 4 8
2.9E8
1.65E9
10000 4 8
3.1E8
1.95E9
10000 4 8
2.9E8
1.86E9
10000 4 8
2.9E8
1.94E9
17782 4 9
5.8E8
4.49E9
17782 4 9
5.2E8
4.95E9
17782 4 9
4.9E8
5.31E9
17782 4 9
5.5E8
4.91E9
17782 4 9
5.3E8
5.24E9
17782 4 8
6.2E8
4.72E9
17782 4 9
5.1E8
5.55E9
17782 4 9
5.1E8
5.4E9
17782 4 9
5.5E8
5.43E9
17782 4 8
5.6E8
5.16E9
17782 4 9
4.9E8
5.43E9
17782 4 8
5.1E8
5.49E9
17782 4 8
5.6E8
5.49E9
17782 4 9
5.4E8
5.67E9
17782 4 9
5.2E8
5.73E9
17782 4 9
5.3E8
5.36E9
17782 4 9
5.6E8
5.58E9
17782 4 9
5.9E8
5.8E9
17782 4 9
6.4E8
5.26E9
17782 4 8
5.3E8
5.49E9
17782 4 9
5.1E8
5.52E9
17782 4 9
5.3E8
5.34E9
17782 4 9
6.2E8
5.73E9
17782 4 9
5.2E8
5.93E9
17782 4 9
5.8E8
5.8E9
17782 4 9
5.7E8
6.16E9
17782 4 9
6.2E8
5.48E9
17782 4 9
7.0E8
5.08E9
17782 4 9
6.4E8
5.42E9
17782 4 9
5.6E8
6.05E9
17782 4 9
6.6E8
5.55E9
17782 4 9
6.1E8
6.24E9
31622 4 10
1.1E9
1.698E10
31622 4 10
1.28E9
1.716E10
31622 4 10
1.1E9
1.723E10
31622 4 10
1.12E9
1.701E10
31622 4 10
1.23E9
1.751E10
31622 4 11
1.03E9
1.821E10
31622 4 10
1.15E9
1.852E10
31622 4 10
1.17E9
1.798E10
31622 4 10
1.04E9
1.861E10
31622 4 11
1.14E9
1.89E10
31622 4 10
1.08E9
1.835E10
31622 4 10
1.25E9
1.833E10
31622 4 10
1.09E9
1.92E10
31622 4 10
1.32E9
1.855E10
31622 4 10
1.28E9
1.944E10
31622 4 10
1.17E9
2.009E10
31622 4 10
1.21E9
1.969E10
31622 4 10
1.16E9
2.042E10
31622 4 10
1.14E9
1.994E10
31622 4 10
1.19E9
1.946E10
31622 4 10
1.17E9
2.114E10
31622 4 10
1.36E9
2.018E10
31622 4 10
1.15E9
2.084E10
31622 4 10
1.31E9
2.092E10
31622 4 10
1.2E9
2.128E10
31622 4 10
1.21E9
2.08E10
31622 4 11
1.21E9
2.119E10
31622 4 10
1.17E9
2.213E10
31622 4 10
1.31E9
2.091E10
31622 4 10
1.33E9
2.104E10
31622 4 10
1.2E9
2.243E10
31622 4 10
1.14E9
2.484E10
56234 4 11
3.02E9
5.059E10
56234 4 11
2.45E9
5.793E10
56234 4 11
2.8E9
6.005E10
56234 4 11
2.49E9
6.354E10
56234 4 11
2.43E9
6.349E10
56234 4 12
2.35E9
6.723E10
56234 4 12
2.86E9
6.455E10
56234 4 12
2.38E9
6.749E10
56234 4 12
2.53E9
7.081E10
56234 4 11
2.78E9
7.162E10
56234 4 12
2.74E9
7.482E10
56234 4 11
2.54E9
7.762E10
56234 4 12
2.81E9
7.681E10
56234 4 12
2.66E9
7.877E10
56234 4 11
2.61E9
7.664E10
56234 4 12
2.9E9
7.643E10
56234 4 11
2.91E9
7.709E10
56234 4 12
2.71E9
7.472E10
56234 4 11
2.8E9
8.129E10
56234 4 11
2.62E9
8.066E10
56234 4 12
3.5E9
7.834E10
56234 4 11
2.75E9
8.279E10
56234 4 11
2.96E9
8.265E10
56234 4 11
3.03E9
8.038E10
56234 4 12
3.32E9
8.291E10
56234 4 11
2.77E9
8.597E10
56234 4 12
3.08E9
8.314E10
56234 4 12
2.63E9
8.386E10
56234 4 11
3.03E9
8.487E10
56234 4 11
2.9E9
8.518E10
56234 4 12
3.29E9
8.689E10
56234 4 11
2.66E9
9.109E10
100000 4 13
4.55E9
2.0415E11
100000 4 12
4.41E9
2.053E11
100000 4 13
5.07E9
1.8411E11
100000 4 13
5.19E9
1.9021E11
100000 4 13
4.25E9
1.9273E11
100000 4 13
4.74E9
2.0564E11
100000 4 13
4.87E9
2.2726E11
100000 4 13
5.23E9
2.2361E11
100000 4 14
5.12E9
2.2385E11
100000 4 13
4.69E9
2.1087E11
100000 4 13
5.02E9
2.1154E11
100000 4 13
5.22E9
2.332E11
100000 4 13
5.11E9
2.3631E11
100000 4 13
5.0E9
2.2127E11
100000 4 13
5.5E9
2.2402E11
100000 4 13
4.88E9
2.2276E11
100000 4 13
4.86E9
2.1574E11
100000 4 13
6.08E9
2.3382E11
100000 4 13
5.37E9
2.3759E11
100000 4 13
5.9E9
2.2565E11
100000 4 13
5.25E9
2.3693E11
100000 4 13
5.06E9
2.335E11
100000 4 13
5.64E9
2.3768E11
100000 4 13
5.41E9
2.2944E11
100000 4 13
4.6E9
2.5625E11
100000 4 13
5.82E9
2.3933E11
100000 4 13
4.89E9
2.5912E11
100000 4 13
5.26E9
2.3434E11
100000 4 13
5.41E9
2.3588E11
100000 4 13
5.47E9
2.4193E11
100000 4 14
4.79E9
2.4041E11
100000 4 13
5.59E9
2.4021E11
