100 4 2
429687.5
332031.25
100 4 3
429687.5
312500.0
100 4 2
371093.75
273437.5
100 4 3
351562.5
332031.25
100 4 2
371093.75
332031.25
100 4 2
371093.75
292968.75
100 4 3
371093.75
312500.0
100 4 2
371093.75
312500.0
100 4 3
390625.0
292968.75
100 4 2
371093.75
312500.0
100 4 2
371093.75
292968.75
100 4 3
371093.75
312500.0
100 4 3
390625.0
312500.0
100 4 2
390625.0
292968.75
100 4 3
351562.5
312500.0
100 4 2
371093.75
292968.75
100 4 3
390625.0
312500.0
100 4 3
371093.75
332031.25
100 4 2
371093.75
312500.0
100 4 2
371093.75
312500.0
100 4 2
351562.5
312500.0
100 4 2
371093.75
292968.75
100 4 3
390625.0
292968.75
100 4 3
371093.75
312500.0
100 4 3
390625.0
312500.0
100 4 2
390625.0
332031.25
100 4 2
390625.0
292968.75
100 4 2
390625.0
332031.25
100 4 3
371093.75
351562.5
100 4 3
390625.0
273437.5
100 4 3
410156.25
292968.75
100 4 3
351562.5
332031.25
177 4 3
937500.0
859375.0
177 4 3
859375.0
937500.0
177 4 3
937500.0
859375.0
177 4 3
937500.0
820312.5
177 4 3
937500.0
820312.5
177 4 3
859375.0
859375.0
177 4 3
859375.0
859375.0
177 4 3
937500.0
859375.0
177 4 3
1015625.0
859375.0
177 4 3
859375.0
742187.5
177 4 3
937500.0
937500.0
177 4 3
859375.0
703125.0
177 4 3
859375.0
820312.5
177 4 3
937500.0
781250.0
177 4 3
937500.0
742187.5
177 4 3
937500.0
781250.0
177 4 4
937500.0
742187.5
177 4 3
937500.0
781250.0
177 4 3
859375.0
859375.0
177 4 3
937500.0
820312.5
177 4 3
937500.0
937500.0
177 4 3
937500.0
742187.5
177 4 3
937500.0
1093750.0
177 4 3
859375.0
703125.0
177 4 3
937500.0
742187.5
177 4 3
937500.0
937500.0
177 4 3
859375.0
742187.5
177 4 3
859375.0
859375.0
177 4 4
859375.0
820312.5
177 4 3
859375.0
898437.5
177 4 3
820312.5
781250.0
177 4 3
937500.0
859375.0
316 4 3
1875000.0
2343750.0
316 4 4
2343750.0
2343750.0
316 4 3
2031250.0
2187500.0
316 4 3
2031250.0
2031250.0
316 4 3
2343750.0
2656250.0
316 4 4
2031250.0
2187500.0
316 4 3
2343750.0
2656250.0
316 4 4
2187500.0
2187500.0
316 4 3
2656250.0
2968750.0
316 4 4
2187500.0
2031250.0
316 4 4
2031250.0
2968750.0
316 4 4
2500000.0
2187500.0
316 4 3
2187500.0
2031250.0
316 4 3
2343750.0
2031250.0
316 4 4
2187500.0
2343750.0
316 4 3
2656250.0
2968750.0
316 4 3
2031250.0
2187500.0
316 4 4
2343750.0
2031250.0
316 4 3
2343750.0
2031250.0
316 4 4
2500000.0
2343750.0
316 4 4
2187500.0
2031250.0
316 4 4
2031250.0
2031250.0
316 4 3
2343750.0
2031250.0
316 4 3
2343750.0
2187500.0
316 4 4
2500000.0
2187500.0
316 4 3
2500000.0
2343750.0
316 4 4
2343750.0
2031250.0
316 4 3
2500000.0
2812500.0
316 4 3
2500000.0
2500000.0
316 4 3
2187500.0
2031250.0
316 4 3
2343750.0
2343750.0
316 4 3
2187500.0
2031250.0
562 4 4
5625000.0
6875000.0
562 4 4
6250000.0
6875000.0
562 4 4
5937500.0
7500000.0
562 4 4
5000000.0
6875000.0
562 4 4
5625000.0
7500000.0
562 4 4
5625000.0
7500000.0
562 4 4
5312500.0
6562500.0
562 4 4
5000000.0
7500000.0
562 4 4
4687500.0
8125000.0
562 4 4
5312500.0
5625000.0
562 4 4
5000000.0
6875000.0
562 4 4
5625000.0
7500000.0
562 4 4
4687500.0
6250000.0
562 4 4
5625000.0
8125000.0
562 4 4
4375000.0
6250000.0
562 4 4
5937500.0
6875000.0
562 4 4
5000000.0
6562500.0
562 4 4
5000000.0
5625000.0
562 4 4
5000000.0
8125000.0
562 4 4
5000000.0
5937500.0
562 4 4
5000000.0
5937500.0
562 4 4
4687500.0
5937500.0
562 4 4
5000000.0
5937500.0
562 4 4
6250000.0
8125000.0
562 4 4
5000000.0
6250000.0
562 4 4
4687500.0
7812500.0
562 4 4
5312500.0
5937500.0
562 4 4
5312500.0
6250000.0
562 4 4
5625000.0
5937500.0
562 4 4
4687500.0
6562500.0
1000 4 4
1.0625E7
1.75E7
1000 4 5
1.375E7
2.0E7
562 4 3
6875000.0
6250000.0
1000 4 4
1.0E7
1.625E7
1000 4 4
1.375E7
1.875E7
1000 4 5
1.5E7
1.75E7
562 4 4
5937500.0
6562500.0
1000 4 5
1.5E7
1.625E7
1000 4 4
1.5E7
1.75E7
1000 4 4
1.0625E7
1.875E7
1000 4 5
1.0625E7
1.75E7
1000 4 4
1.125E7
2.0E7
1000 4 4
1.0E7
1.625E7
1000 4 4
1.125E7
1.875E7
1000 4 4
1.0625E7
1.625E7
1000 4 4
1.0E7
1.5E7
1000 4 5
1.0E7
1.75E7
1000 4 5
1.0625E7
1.75E7
1000 4 5
1.0625E7
1.625E7
1000 4 4
1.0625E7
1.875E7
1000 4 5
1.125E7
1.625E7
1000 4 4
1.375E7
1.5E7
1000 4 4
1.375E7
1.625E7
1000 4 4
1.125E7
1.875E7
1000 4 4
1.125E7
1.625E7
1000 4 4
1.1875E7
1.75E7
1000 4 4
1.1875E7
1.625E7
1000 4 5
1.25E7
1.625E7
1000 4 5
1.25E7
1.875E7
1778 4 5
2.75E7
5.5E7
1778 4 5
2.75E7
6.0E7
1000 4 4
1.0625E7
1.875E7
1000 4 4
1.375E7
2.25E7
1000 4 4
1.375E7
2.125E7
1778 4 5
3.25E7
6.0E7
1000 4 4
1.0E7
1.625E7
1000 4 5
1.0625E7
2.25E7
1778 4 5
2.75E7
4.5E7
1778 4 5
2.75E7
4.5E7
1778 4 5
2.75E7
4.75E7
1778 4 5
2.375E7
5.5E7
1778 4 5
2.875E7
5.5E7
1778 4 5
3.75E7
5.5E7
1778 4 5
2.25E7
4.5E7
1778 4 5
2.375E7
4.5E7
1778 4 5
2.75E7
5.5E7
1778 4 5
2.5E7
5.5E7
1778 4 6
2.75E7
4.5E7
1778 4 5
3.375E7
5.75E7
1778 4 5
2.5E7
5.75E7
1778 4 5
3.0E7
4.75E7
1778 4 5
3.25E7
5.5E7
1778 4 5
2.75E7
4.5E7
1778 4 5
3.0E7
7.0E7
3162 4 6
5.5E7
1.6E8
1778 4 4
2.5E7
4.5E7
1778 4 5
3.0E7
5.25E7
1778 4 5
3.25E7
4.5E7
1778 4 5
3.0E7
6.0E7
1778 4 5
3.0E7
4.25E7
3162 4 6
7.0E7
2.1E8
1778 4 5
3.125E7
5.5E7
3162 4 6
6.5E7
1.8E8
1778 4 5
2.5E7
5.25E7
3162 4 5
5.5E7
1.8E8
3162 4 6
6.0E7
1.6E8
1778 4 5
2.375E7
5.25E7
1778 4 5
2.75E7
4.5E7
1778 4 5
2.375E7
5.0E7
3162 4 6
6.5E7
1.7E8
3162 4 6
5.5E7
1.8E8
3162 4 6
5.5E7
1.7E8
3162 4 6
5.25E7
1.9E8
1778 4 6
2.5E7
4.75E7
3162 4 6
5.5E7
1.5E8
3162 4 6
6.0E7
1.8E8
3162 4 6
5.5E7
1.5E8
3162 4 6
5.25E7
1.7E8
1778 4 5
3.125E7
5.5E7
3162 4 6
6.0E7
1.7E8
3162 4 6
5.5E7
1.7E8
3162 4 6
5.5E7
1.6E8
3162 4 5
6.0E7
2.1E8
3162 4 6
6.0E7
2.1E8
3162 4 6
6.0E7
1.8E8
3162 4 6
6.0E7
2.0E8
3162 4 6
6.5E7
1.7E8
3162 4 7
7.0E7
1.5E8
3162 4 6
6.5E7
2.2E8
3162 4 6
6.0E7
1.6E8
3162 4 6
5.75E7
2.1E8
3162 4 5
5.5E7
2.3E8
3162 4 6
5.5E7
1.5E8
3162 4 6
5.5E7
1.7E8
3162 4 6
5.25E7
1.5E8
3162 4 5
5.25E7
1.6E8
3162 4 6
5.0E7
2.0E8
3162 4 6
5.5E7
1.7E8
5623 4 7
1.1E8
4.4E8
5623 4 7
1.1E8
5.1E8
5623 4 7
1.4E8
5.2E8
5623 4 6
1.1E8
5.5E8
5623 4 7
1.2E8
5.5E8
5623 4 6
1.1E8
5.3E8
5623 4 7
1.1E8
5.5E8
5623 4 7
1.1E8
4.5E8
5623 4 6
1.05E8
4.4E8
5623 4 7
1.6E8
6.2E8
5623 4 7
1.2E8
5.9E8
5623 4 7
1.3E8
4.5E8
5623 4 6
1.5E8
5.4E8
5623 4 6
1.3E8
6.3E8
5623 4 7
1.1E8
5.6E8
5623 4 7
1.2E8
4.4E8
5623 4 7
1.4E8
5.8E8
5623 4 6
1.2E8
5.3E8
5623 4 7
1.1E8
5.7E8
5623 4 6
1.5E8
5.0E8
5623 4 6
1.35E8
4.3E8
5623 4 6
1.3E8
6.0E8
5623 4 6
1.25E8
5.5E8
5623 4 6
1.4E8
6.3E8
5623 4 6
1.2E8
4.0E8
5623 4 6
1.2E8
6.3E8
5623 4 7
1.35E8
5.4E8
5623 4 7
1.1E8
4.1E8
5623 4 6
1.1E8
5.3E8
5623 4 7
1.5E8
5.2E8
5623 4 7
1.2E8
5.0E8
5623 4 7
1.6E8
4.8E8
10000 4 7
2.3E8
1.3E9
10000 4 7
2.3E8
1.28E9
10000 4 8
2.4E8
1.38E9
10000 4 7
2.2E8
1.44E9
10000 4 7
2.7E8
1.68E9
10000 4 7
2.9E8
1.57E9
10000 4 8
3.0E8
1.64E9
10000 4 8
2.8E8
1.52E9
10000 4 8
3.0E8
1.75E9
10000 4 7
2.3E8
1.31E9
10000 4 8
2.8E8
1.75E9
10000 4 7
2.4E8
1.4E9
10000 4 7
2.2E8
1.4E9
10000 4 8
2.6E8
1.71E9
10000 4 7
2.4E8
1.69E9
10000 4 8
2.7E8
1.63E9
10000 4 7
2.5E8
1.79E9
10000 4 7
2.8E8
1.81E9
10000 4 8
2.8E8
1.71E9
10000 4 7
3.0E8
1.7E9
10000 4 7
2.8E8
1.57E9
10000 4 8
2.9E8
1.69E9
10000 4 7
2.5E8
1.79E9
10000 4 8
2.5E8
1.82E9
10000 4 8
2.6E8
1.59E9
10000 4 7
2.7E8
1.59E9
10000 4 8
3.2E8
1.57E9
10000 4 7
2.5E8
1.75E9
10000 4 8
2.6E8
1.68E9
10000 4 7
2.7E8
1.54E9
10000 4 8
2.5E8
1.61E9
10000 4 7
3.0E8
1.57E9
17782 4 8
4.6E8
4.07E9
17782 4 8
5.0E8
4.13E9
17782 4 8
5.1E8
4.09E9
17782 4 8
4.9E8
4.2E9
17782 4 8
4.9E8
4.49E9
17782 4 8
5.0E8
4.67E9
17782 4 8
4.9E8
4.49E9
17782 4 8
5.3E8
4.66E9
17782 4 8
5.1E8
5.09E9
17782 4 8
5.5E8
5.07E9
17782 4 8
5.2E8
5.44E9
17782 4 8
5.3E8
5.17E9
17782 4 8
5.0E8
5.52E9
17782 4 8
5.5E8
5.29E9
17782 4 8
5.8E8
5.26E9
17782 4 8
5.4E8
5.64E9
17782 4 8
6.1E8
5.25E9
17782 4 8
5.7E8
5.35E9
17782 4 8
5.4E8
5.34E9
17782 4 8
5.4E8
5.42E9
17782 4 8
5.4E8
5.35E9
17782 4 8
5.6E8
5.5E9
17782 4 8
5.9E8
5.36E9
17782 4 8
4.9E8
5.27E9
17782 4 8
6.0E8
5.55E9
17782 4 8
5.4E8
5.3E9
17782 4 8
5.2E8
5.5E9
17782 4 8
5.9E8
5.71E9
17782 4 8
5.7E8
5.73E9
17782 4 8
5.6E8
5.59E9
17782 4 8
5.1E8
5.61E9
17782 4 8
6.5E8
6.19E9
31622 4 8
1.07E9
1.72E10
31622 4 8
1.19E9
1.669E10
31622 4 8
1.11E9
1.765E10
31622 4 8
1.1E9
1.902E10
31622 4 8
1.2E9
1.788E10
31622 4 8
1.37E9
1.83E10
31622 4 8
1.14E9
1.769E10
31622 4 8
1.11E9
2.014E10
31622 4 8
1.04E9
1.774E10
31622 4 8
1.22E9
1.892E10
31622 4 8
1.11E9
1.845E10
31622 4 8
1.12E9
2.085E10
31622 4 8
1.11E9
1.989E10
31622 4 8
1.55E9
1.728E10
31622 4 8
1.25E9
2.058E10
31622 4 8
1.15E9
2.166E10
31622 4 8
1.27E9
1.985E10
31622 4 8
1.18E9
1.993E10
31622 4 8
1.23E9
2.036E10
31622 4 8
1.24E9
2.025E10
31622 4 8
1.44E9
2.027E10
31622 4 8
1.27E9
2.064E10
31622 4 8
1.27E9
2.054E10
31622 4 8
1.21E9
2.019E10
31622 4 8
1.63E9
2.145E10
31622 4 8
1.39E9
2.358E10
31622 4 8
1.36E9
2.304E10
31622 4 8
1.33E9
2.386E10
31622 4 8
1.29E9
2.491E10
31622 4 8
1.16E9
2.586E10
31622 4 8
1.46E9
2.708E10
31622 4 8
1.51E9
2.778E10
56234 4 8
2.4E9
6.119E10
56234 4 8
2.27E9
6.59E10
56234 4 8
2.42E9
6.687E10
56234 4 8
2.73E9
6.634E10
56234 4 8
2.6E9
6.625E10
56234 4 8
2.65E9
6.556E10
56234 4 8
2.83E9
7.086E10
56234 4 8
2.7E9
7.166E10
56234 4 8
2.42E9
7.297E10
56234 4 8
2.49E9
7.037E10
56234 4 8
2.57E9
7.181E10
56234 4 8
2.55E9
7.01E10
56234 4 8
2.46E9
7.231E10
56234 4 8
1.99E9
7.782E10
56234 4 8
2.44E9
6.352E10
56234 4 8
2.52E9
7.294E10
56234 4 8
2.59E9
7.376E10
56234 4 8
2.37E9
7.892E10
56234 4 8
2.46E9
7.916E10
56234 4 8
2.91E9
7.866E10
56234 4 8
2.39E9
7.369E10
56234 4 8
2.36E9
8.084E10
56234 4 8
2.75E9
8.225E10
56234 4 8
2.79E9
8.467E10
56234 4 8
3.02E9
8.117E10
56234 4 8
2.7E9
8.842E10
56234 4 8
2.31E9
9.14E10
56234 4 8
2.7E9
8.708E10
56234 4 8
3.35E9
9.055E10
56234 4 8
2.56E9
8.249E10
56234 4 8
3.11E9
8.383E10
56234 4 8
2.98E9
9.68E10
100000 4 8
4.72E9
2.253E11
100000 4 8
5.73E9
2.4158E11
100000 4 8
4.76E9
2.4954E11
100000 4 8
4.71E9
2.2824E11
100000 4 8
4.34E9
2.5493E11
100000 4 8
5.67E9
2.5527E11
100000 4 8
6.65E9
2.5106E11
100000 4 8
4.48E9
2.4793E11
100000 4 8
4.52E9
2.4312E11
100000 4 8
4.56E9
2.4132E11
100000 4 8
4.78E9
2.5567E11
100000 4 8
5.06E9
2.4558E11
100000 4 8
5.58E9
2.4211E11
100000 4 8
5.03E9
2.4786E11
100000 4 8
4.74E9
2.6508E11
100000 4 8
5.51E9
2.6163E11
100000 4 8
5.07E9
2.6826E11
100000 4 8
5.54E9
2.6744E11
100000 4 8
5.46E9
2.7137E11
100000 4 8
4.77E9
2.6729E11
100000 4 8
5.01E9
2.7962E11
100000 4 8
4.98E9
2.7704E11
100000 4 8
5.7E9
2.4331E11
100000 4 8
4.67E9
2.6475E11
100000 4 8
5.21E9
2.7179E11
100000 4 8
5.25E9
2.7134E11
100000 4 8
5.23E9
2.7035E11
100000 4 8
6.15E9
2.7522E11
100000 4 8
4.83E9
2.5805E11
100000 4 8
4.86E9
2.8915E11
100000 4 8
5.19E9
2.8812E11
100000 4 8
5.23E9
2.8193E11
