100 7 2
507812.5
429687.5
100 7 1
585937.5
429687.5
100 7 1
585937.5
429687.5
100 7 1
585937.5
468750.0
100 7 1
585937.5
468750.0
100 7 1
585937.5
468750.0
100 7 1
546875.0
429687.5
100 7 1
546875.0
507812.5
100 7 1
507812.5
546875.0
100 7 1
585937.5
429687.5
100 7 1
546875.0
429687.5
100 7 1
546875.0
429687.5
100 7 1
546875.0
468750.0
100 7 1
585937.5
429687.5
100 7 1
585937.5
429687.5
100 7 1
546875.0
429687.5
100 7 1
546875.0
429687.5
100 7 1
585937.5
429687.5
100 7 1
546875.0
390625.0
100 7 1
546875.0
390625.0
100 7 1
546875.0
410156.25
100 7 1
507812.5
410156.25
100 7 1
585937.5
371093.75
100 7 1
585937.5
410156.25
100 7 2
585937.5
390625.0
100 7 1
585937.5
371093.75
100 7 1
585937.5
410156.25
100 7 1
585937.5
371093.75
100 7 1
507812.5
371093.75
100 7 1
546875.0
390625.0
100 7 2
546875.0
371093.75
100 7 1
546875.0
390625.0
177 7 1
1484375.0
1015625.0
177 7 1
1406250.0
1093750.0
177 7 1
1484375.0
1015625.0
177 7 2
1328125.0
1171875.0
177 7 2
1484375.0
1171875.0
177 7 1
1406250.0
1093750.0
177 7 1
1406250.0
1328125.0
177 7 1
1328125.0
1015625.0
177 7 2
1484375.0
1328125.0
177 7 2
1484375.0
1171875.0
177 7 1
1406250.0
1015625.0
177 7 1
1484375.0
1171875.0
177 7 1
1484375.0
1484375.0
177 7 1
1406250.0
1406250.0
177 7 1
1406250.0
1171875.0
177 7 1
1484375.0
1171875.0
177 7 1
1328125.0
1093750.0
177 7 1
1484375.0
1250000.0
177 7 1
1484375.0
859375.0
177 7 1
1484375.0
1015625.0
177 7 1
1484375.0
1015625.0
177 7 2
1562500.0
1015625.0
177 7 2
1484375.0
1015625.0
177 7 1
1406250.0
1015625.0
177 7 1
1562500.0
1015625.0
177 7 2
1484375.0
1093750.0
177 7 1
1562500.0
1093750.0
177 7 1
1406250.0
937500.0
177 7 1
1796875.0
1093750.0
177 7 2
1484375.0
1015625.0
177 7 1
1718750.0
1093750.0
177 7 1
1640625.0
1093750.0
316 7 2
3750000.0
3437500.0
316 7 2
3750000.0
3437500.0
316 7 2
3750000.0
3437500.0
316 7 2
3750000.0
3437500.0
316 7 2
3750000.0
3437500.0
316 7 1
3750000.0
3437500.0
316 7 1
4062500.0
3750000.0
316 7 1
3750000.0
3437500.0
316 7 1
3750000.0
3437500.0
316 7 1
3750000.0
3281250.0
316 7 2
3750000.0
3437500.0
316 7 2
3750000.0
3437500.0
316 7 2
3750000.0
3437500.0
316 7 2
3750000.0
3281250.0
316 7 2
3750000.0
3125000.0
316 7 2
4062500.0
3593750.0
316 7 1
3750000.0
3750000.0
316 7 1
3750000.0
3281250.0
316 7 1
4062500.0
3750000.0
316 7 2
3437500.0
3125000.0
316 7 2
3437500.0
3906250.0
316 7 2
3750000.0
3437500.0
316 7 1
3750000.0
2968750.0
316 7 2
3750000.0
3750000.0
316 7 2
4062500.0
3125000.0
316 7 2
4062500.0
2968750.0
316 7 1
3437500.0
3281250.0
316 7 1
3750000.0
2812500.0
316 7 2
4062500.0
3125000.0
316 7 2
4062500.0
2968750.0
316 7 1
4062500.0
2812500.0
562 7 2
1.375E7
8125000.0
562 7 2
1.5E7
8750000.0
562 7 2
1.0E7
8750000.0
562 7 2
9375000.0
8750000.0
316 7 1
4062500.0
3437500.0
562 7 2
9375000.0
1.0E7
562 7 2
9375000.0
9375000.0
562 7 2
9375000.0
8750000.0
562 7 2
1.0E7
9375000.0
562 7 2
1.0E7
9375000.0
562 7 2
1.0625E7
1.5E7
562 7 2
8750000.0
1.0E7
562 7 2
9375000.0
9375000.0
562 7 2
1.0E7
8750000.0
562 7 2
9375000.0
1.0E7
562 7 2
9375000.0
1.25E7
562 7 2
1.0E7
9375000.0
562 7 2
8750000.0
1.0E7
562 7 2
9375000.0
1.0625E7
562 7 2
9375000.0
1.1875E7
562 7 2
1.0E7
1.0E7
562 7 2
1.0E7
8750000.0
562 7 2
8750000.0
8125000.0
562 7 2
1.0E7
8750000.0
562 7 2
1.0E7
8750000.0
562 7 2
1.0E7
8750000.0
562 7 2
1.0E7
7500000.0
562 7 2
1.0E7
9375000.0
562 7 2
9375000.0
8750000.0
1000 7 2
2.75E7
2.75E7
562 7 2
1.0625E7
8750000.0
562 7 2
8750000.0
8750000.0
562 7 2
1.0625E7
7500000.0
562 7 2
1.0E7
1.125E7
1000 7 2
2.375E7
2.75E7
1000 7 2
2.375E7
2.75E7
1000 7 2
2.5E7
2.5E7
1000 7 2
2.25E7
3.0E7
1000 7 2
2.25E7
3.0E7
1000 7 2
2.25E7
2.75E7
1000 7 2
2.375E7
3.0E7
1000 7 2
2.375E7
4.0E7
1000 7 2
3.5E7
2.75E7
1000 7 2
3.375E7
3.0E7
1000 7 2
2.375E7
4.25E7
1000 7 2
2.625E7
3.0E7
1000 7 2
2.375E7
3.25E7
1000 7 2
2.375E7
3.25E7
1000 7 2
2.375E7
3.0E7
1000 7 2
2.375E7
3.25E7
1000 7 2
2.5E7
4.0E7
1000 7 2
2.375E7
3.0E7
1000 7 2
2.125E7
3.125E7
1000 7 2
2.5E7
3.125E7
1000 7 2
2.5E7
3.75E7
1000 7 2
2.5E7
2.75E7
1000 7 2
2.375E7
3.25E7
1000 7 2
2.375E7
3.0E7
1000 7 2
2.625E7
3.0E7
1000 7 2
3.0E7
2.875E7
1778 7 2
5.5E7
9.0E7
1000 7 2
2.375E7
3.0E7
1000 7 2
2.75E7
3.0E7
1000 7 2
2.5E7
2.75E7
1778 7 2
6.0E7
8.0E7
1778 7 2
6.0E7
8.0E7
1778 7 2
5.5E7
8.5E7
1000 7 2
2.5E7
2.75E7
1778 7 2
5.5E7
9.5E7
1778 7 2
6.0E7
8.5E7
1778 7 2
6.5E7
1.2E8
1778 7 2
6.0E7
1.2E8
1778 7 2
5.5E7
1.1E8
1778 7 2
6.5E7
1.3E8
1778 7 2
5.5E7
1.05E8
1778 7 2
6.25E7
1.2E8
1778 7 2
6.5E7
1.2E8
1778 7 2
6.0E7
1.1E8
1778 7 2
5.5E7
1.3E8
1778 7 2
6.5E7
1.1E8
1778 7 2
6.0E7
1.25E8
1778 7 2
6.5E7
1.7E8
1000 7 2
2.75E7
4.25E7
1778 7 2
6.0E7
7.5E7
1778 7 2
6.5E7
7.5E7
1778 7 2
7.5E7
1.2E8
1778 7 2
8.0E7
1.6E8
1778 7 2
8.0E7
1.2E8
1778 7 2
6.5E7
7.5E7
1778 7 2
5.5E7
1.05E8
1778 7 2
6.0E7
1.15E8
1778 7 2
9.5E7
1.3E8
1778 7 2
6.0E7
1.2E8
1778 7 2
5.5E7
1.5E8
1778 7 2
6.5E7
7.5E7
1778 7 2
7.0E7
8.5E7
1778 7 2
5.5E7
8.0E7
3162 7 2
1.6E8
2.8E8
3162 7 2
1.7E8
2.7E8
3162 7 2
1.5E8
2.6E8
3162 7 2
1.4E8
3.5E8
3162 7 2
1.4E8
2.7E8
3162 7 2
1.3E8
3.3E8
3162 7 2
1.3E8
3.3E8
3162 7 2
1.4E8
3.4E8
3162 7 2
1.4E8
3.4E8
3162 7 2
1.5E8
3.0E8
3162 7 2
1.4E8
3.5E8
3162 7 2
1.4E8
3.8E8
3162 7 2
1.4E8
4.0E8
3162 7 2
1.3E8
2.9E8
3162 7 2
1.5E8
3.3E8
3162 7 2
1.5E8
3.4E8
3162 7 2
1.4E8
4.0E8
3162 7 2
1.5E8
2.8E8
3162 7 2
1.5E8
4.1E8
3162 7 2
1.6E8
3.3E8
3162 7 2
1.6E8
2.5E8
3162 7 2
1.5E8
3.3E8
3162 7 2
1.7E8
3.3E8
3162 7 2
1.5E8
4.9E8
3162 7 2
1.4E8
4.9E8
3162 7 2
1.4E8
4.5E8
3162 7 2
1.5E8
4.8E8
3162 7 2
1.5E8
4.6E8
3162 7 2
1.5E8
4.7E8
3162 7 2
1.7E8
4.4E8
3162 7 2
1.4E8
2.2E8
3162 7 2
1.4E8
2.2E8
5623 7 2
3.3E8
1.07E9
5623 7 2
3.3E8
1.06E9
5623 7 2
3.3E8
1.07E9
5623 7 2
3.3E8
1.09E9
5623 7 2
3.3E8
1.07E9
5623 7 2
3.4E8
1.11E9
5623 7 2
3.3E8
1.15E9
5623 7 2
3.3E8
1.09E9
5623 7 2
3.3E8
1.09E9
5623 7 2
3.4E8
1.05E9
5623 7 2
3.4E8
1.11E9
5623 7 2
3.3E8
1.18E9
5623 7 2
3.3E8
1.17E9
5623 7 2
3.3E8
1.18E9
5623 7 2
3.5E8
1.1E9
5623 7 2
3.3E8
1.25E9
5623 7 2
3.3E8
1.25E9
5623 7 2
3.4E8
1.21E9
5623 7 2
3.3E8
1.35E9
5623 7 2
3.5E8
1.1E9
5623 7 2
3.6E8
1.09E9
5623 7 2
3.3E8
1.4E9
5623 7 2
3.4E8
1.13E9
5623 7 3
3.2E8
1.33E9
5623 7 2
3.3E8
1.31E9
5623 7 2
3.5E8
1.48E9
5623 7 2
4.3E8
1.03E9
5623 7 2
3.5E8
1.44E9
5623 7 2
3.5E8
1.45E9
5623 7 2
4.3E8
1.1E9
5623 7 2
3.4E8
1.47E9
5623 7 2
3.7E8
1.54E9
10000 7 2
7.8E8
3.71E9
10000 7 2
7.8E8
3.97E9
10000 7 2
8.0E8
3.95E9
10000 7 2
8.0E8
3.95E9
10000 7 2
7.9E8
4.0E9
10000 7 2
7.9E8
3.63E9
10000 7 2
7.8E8
3.77E9
10000 7 2
8.0E8
3.92E9
10000 7 2
9.3E8
3.89E9
10000 7 2
8.4E8
3.95E9
10000 7 2
8.3E8
3.9E9
10000 7 2
8.4E8
3.68E9
10000 7 2
9.5E8
4.05E9
10000 7 2
8.5E8
3.73E9
10000 7 2
8.1E8
4.02E9
10000 7 2
8.3E8
4.07E9
10000 7 2
7.7E8
4.47E9
10000 7 2
8.7E8
4.02E9
10000 7 2
7.9E8
4.33E9
10000 7 2
8.0E8
4.11E9
10000 7 3
8.1E8
4.25E9
10000 7 2
8.8E8
4.44E9
10000 7 2
8.9E8
4.38E9
10000 7 2
8.5E8
3.77E9
10000 7 2
7.9E8
4.39E9
10000 7 2
9.1E8
4.14E9
10000 7 2
8.0E8
4.83E9
10000 7 2
8.6E8
4.41E9
10000 7 2
8.2E8
4.61E9
10000 7 3
9.3E8
4.38E9
10000 7 3
8.2E8
4.68E9
10000 7 2
9.3E8
4.45E9
17782 7 3
1.81E9
1.234E10
17782 7 3
1.82E9
1.255E10
17782 7 3
1.82E9
1.349E10
17782 7 3
1.81E9
1.388E10
17782 7 3
1.81E9
1.403E10
17782 7 3
1.81E9
1.411E10
17782 7 2
1.82E9
1.416E10
17782 7 3
1.78E9
1.429E10
17782 7 2
1.82E9
1.413E10
17782 7 3
1.79E9
1.473E10
17782 7 2
1.82E9
1.497E10
17782 7 3
1.83E9
1.464E10
17782 7 2
1.81E9
1.492E10
17782 7 2
1.81E9
1.509E10
17782 7 3
1.8E9
1.457E10
17782 7 2
1.79E9
1.484E10
17782 7 3
1.83E9
1.467E10
17782 7 3
1.81E9
1.505E10
17782 7 3
1.84E9
1.489E10
17782 7 3
1.8E9
1.525E10
17782 7 3
1.82E9
1.506E10
17782 7 3
1.81E9
1.519E10
17782 7 3
1.79E9
1.495E10
17782 7 3
1.81E9
1.522E10
17782 7 3
1.82E9
1.557E10
17782 7 3
1.82E9
1.562E10
17782 7 3
1.82E9
1.566E10
17782 7 3
1.82E9
1.609E10
17782 7 3
1.81E9
1.569E10
17782 7 3
1.89E9
1.537E10
17782 7 3
1.81E9
1.569E10
17782 7 3
1.84E9
1.593E10
31622 7 3
4.34E9
4.511E10
31622 7 3
4.37E9
4.899E10
31622 7 3
4.39E9
4.687E10
31622 7 3
4.65E9
4.783E10
31622 7 3
4.8E9
4.935E10
31622 7 3
4.24E9
5.163E10
31622 7 3
4.37E9
5.081E10
31622 7 3
4.46E9
5.078E10
31622 7 3
4.52E9
5.296E10
31622 7 3
4.41E9
5.343E10
31622 7 3
4.29E9
5.414E10
31622 7 3
4.19E9
5.449E10
31622 7 3
4.54E9
5.367E10
31622 7 3
4.61E9
5.286E10
31622 7 3
4.29E9
5.31E10
31622 7 3
4.31E9
5.482E10
31622 7 3
4.39E9
5.505E10
31622 7 3
4.59E9
5.31E10
31622 7 3
4.6E9
5.461E10
31622 7 3
4.25E9
5.517E10
31622 7 3
4.89E9
5.524E10
31622 7 3
4.34E9
5.403E10
31622 7 3
4.35E9
5.561E10
31622 7 3
4.46E9
5.73E10
31622 7 3
4.37E9
5.796E10
31622 7 3
4.82E9
5.71E10
31622 7 3
4.28E9
5.988E10
31622 7 3
4.62E9
5.878E10
31622 7 3
4.64E9
6.177E10
31622 7 3
4.65E9
6.224E10
31622 7 3
4.55E9
6.272E10
31622 7 3
4.89E9
6.433E10
56234 7 3
1.093E10
1.5507E11
56234 7 3
1.019E10
1.5873E11
56234 7 3
9.91E9
1.6743E11
56234 7 3
1.006E10
1.815E11
56234 7 3
1.03E10
1.6703E11
56234 7 3
1.055E10
1.7019E11
56234 7 3
1.005E10
1.8207E11
56234 7 3
1.053E10
1.6906E11
56234 7 3
1.085E10
1.6833E11
56234 7 3
1.018E10
1.8799E11
56234 7 3
1.033E10
1.7595E11
56234 7 3
1.105E10
1.6834E11
56234 7 3
1.135E10
1.8108E11
56234 7 3
1.064E10
1.8288E11
56234 7 3
1.014E10
1.8336E11
56234 7 3
1.007E10
1.8581E11
56234 7 3
1.01E10
1.9216E11
56234 7 3
1.021E10
1.8563E11
56234 7 3
9.96E9
1.9052E11
56234 7 3
1.104E10
1.9168E11
56234 7 3
1.068E10
1.8679E11
56234 7 3
1.01E10
1.9109E11
56234 7 3
1.007E10
1.9523E11
56234 7 3
9.92E9
1.9533E11
56234 7 3
1.008E10
2.0011E11
56234 7 3
1.074E10
1.9139E11
56234 7 3
1.012E10
2.0293E11
56234 7 3
1.027E10
2.0481E11
56234 7 3
1.038E10
2.0784E11
56234 7 3
1.026E10
2.1668E11
56234 7 3
1.02E10
2.1485E11
56234 7 3
1.028E10
2.19E11
100000 7 3
2.261E10
5.0127E11
100000 7 3
2.285E10
4.9533E11
100000 7 3
2.349E10
5.1792E11
100000 7 3
2.572E10
5.2264E11
100000 7 3
2.731E10
5.3526E11
100000 7 3
2.395E10
5.7557E11
100000 7 3
2.286E10
5.9004E11
100000 7 3
2.451E10
5.7844E11
100000 7 3
2.366E10
5.7541E11
100000 7 3
2.384E10
5.5935E11
100000 7 3
2.334E10
6.0518E11
100000 7 3
2.268E10
5.7366E11
100000 7 3
2.31E10
6.0558E11
100000 7 3
2.313E10
6.0382E11
100000 7 3
2.43E10
6.0178E11
100000 7 3
2.402E10
5.7361E11
100000 7 3
2.354E10
6.0835E11
100000 7 3
2.392E10
5.9307E11
100000 7 3
2.391E10
6.0716E11
100000 7 3
2.369E10
6.1769E11
100000 7 3
2.369E10
6.1907E11
100000 7 3
2.541E10
5.9568E11
100000 7 3
2.391E10
6.1084E11
100000 7 3
2.48E10
6.2838E11
100000 7 3
2.407E10
6.246E11
100000 7 3
2.365E10
6.4187E11
100000 7 3
2.477E10
6.346E11
100000 7 4
2.422E10
6.2846E11
100000 7 3
2.298E10
6.4967E11
100000 7 3
2.63E10
6.3572E11
100000 7 3
2.354E10
6.5664E11
100000 7 3
2.372E10
6.3259E11
