100 3 4
214843.75
214843.75
100 3 4
292968.75
214843.75
100 3 4
234375.0
214843.75
100 3 4
253906.25
214843.75
100 3 4
273437.5
234375.0
100 3 4
253906.25
234375.0
100 3 4
273437.5
234375.0
100 3 5
273437.5
214843.75
100 3 4
273437.5
214843.75
100 3 4
273437.5
253906.25
100 3 5
253906.25
234375.0
100 3 4
292968.75
234375.0
100 3 4
253906.25
214843.75
100 3 5
273437.5
234375.0
100 3 4
253906.25
214843.75
100 3 4
214843.75
214843.75
100 3 4
234375.0
234375.0
100 3 4
292968.75
234375.0
100 3 4
234375.0
253906.25
100 3 4
273437.5
234375.0
100 3 4
292968.75
234375.0
100 3 4
253906.25
253906.25
100 3 4
234375.0
234375.0
100 3 4
253906.25
234375.0
100 3 4
234375.0
234375.0
100 3 4
253906.25
253906.25
100 3 5
273437.5
234375.0
100 3 4
253906.25
214843.75
100 3 5
273437.5
234375.0
100 3 4
234375.0
214843.75
100 3 4
273437.5
224609.375
100 3 5
253906.25
224609.375
177 3 5
507812.5
546875.0
177 3 5
546875.0
507812.5
177 3 5
468750.0
507812.5
177 3 5
546875.0
546875.0
177 3 5
546875.0
585937.5
177 3 6
546875.0
546875.0
177 3 5
507812.5
664062.5
177 3 5
625000.0
507812.5
177 3 5
859375.0
625000.0
177 3 6
664062.5
546875.0
177 3 5
664062.5
625000.0
177 3 5
585937.5
507812.5
177 3 4
546875.0
546875.0
177 3 4
546875.0
585937.5
177 3 5
625000.0
585937.5
177 3 5
625000.0
625000.0
177 3 5
546875.0
625000.0
177 3 5
585937.5
585937.5
177 3 5
625000.0
625000.0
177 3 5
820312.5
703125.0
177 3 5
820312.5
703125.0
177 3 6
820312.5
507812.5
177 3 5
625000.0
585937.5
177 3 5
781250.0
546875.0
177 3 5
781250.0
585937.5
177 3 5
585937.5
703125.0
177 3 5
859375.0
585937.5
177 3 6
859375.0
664062.5
177 3 5
585937.5
625000.0
177 3 5
429687.5
585937.5
177 3 5
468750.0
625000.0
177 3 6
468750.0
625000.0
316 3 5
1718750.0
1718750.0
316 3 6
1718750.0
1718750.0
316 3 6
1250000.0
1406250.0
316 3 6
1171875.0
1328125.0
316 3 6
1328125.0
1406250.0
316 3 6
1328125.0
1562500.0
316 3 6
1406250.0
1406250.0
316 3 6
1171875.0
1328125.0
316 3 7
1093750.0
1328125.0
316 3 6
1250000.0
1250000.0
316 3 6
1250000.0
1406250.0
316 3 6
1015625.0
1484375.0
316 3 6
1171875.0
1328125.0
316 3 6
1093750.0
1250000.0
316 3 6
1718750.0
1328125.0
316 3 7
1250000.0
1484375.0
316 3 6
1171875.0
1406250.0
316 3 6
1093750.0
1562500.0
316 3 6
1015625.0
1328125.0
316 3 7
2031250.0
1406250.0
316 3 7
1093750.0
1406250.0
316 3 6
1250000.0
1328125.0
316 3 5
1171875.0
1328125.0
316 3 6
1875000.0
1406250.0
316 3 6
1171875.0
1406250.0
316 3 6
1250000.0
1562500.0
316 3 6
1171875.0
1406250.0
316 3 6
1562500.0
1484375.0
316 3 7
1171875.0
1328125.0
316 3 5
1640625.0
1562500.0
316 3 6
1171875.0
1562500.0
562 3 8
1.75E7
6875000.0
562 3 8
1.625E7
4062500.0
562 3 7
3.25E7
3750000.0
316 3 6
1015625.0
1640625.0
562 3 7
3.25E7
3750000.0
562 3 8
3437500.0
4375000.0
562 3 7
5000000.0
4375000.0
562 3 7
4062500.0
5000000.0
562 3 7
2187500.0
3750000.0
562 3 7
2500000.0
3437500.0
562 3 7
2343750.0
4062500.0
562 3 6
3750000.0
5312500.0
562 3 7
2343750.0
4062500.0
562 3 8
2187500.0
3750000.0
562 3 7
2343750.0
4375000.0
562 3 7
2500000.0
3750000.0
562 3 7
2500000.0
3750000.0
562 3 7
2343750.0
4062500.0
562 3 7
2500000.0
4062500.0
562 3 8
2656250.0
4062500.0
562 3 8
2812500.0
4687500.0
562 3 7
2968750.0
4375000.0
562 3 7
2812500.0
3750000.0
562 3 7
3125000.0
4375000.0
562 3 7
2500000.0
6875000.0
562 3 7
2812500.0
4062500.0
562 3 7
2656250.0
4687500.0
562 3 7
2812500.0
4062500.0
1000 3 8
4375000.0
1.375E7
562 3 7
3437500.0
6250000.0
562 3 7
2812500.0
5625000.0
562 3 8
2812500.0
4687500.0
1000 3 8
5625000.0
1.375E7
562 3 6
2968750.0
5312500.0
562 3 6
2656250.0
4375000.0
1000 3 8
5625000.0
1.0625E7
1000 3 8
5312500.0
1.125E7
1000 3 8
5312500.0
8125000.0
1000 3 8
6875000.0
1.5E7
1000 3 8
6875000.0
1.625E7
1000 3 8
5312500.0
1.375E7
1000 3 8
5625000.0
1.375E7
1000 3 8
5000000.0
1.0625E7
1000 3 7
5625000.0
2.25E7
1000 3 8
4687500.0
1.25E7
1000 3 8
5000000.0
1.1875E7
1000 3 8
5312500.0
1.25E7
1000 3 8
5000000.0
1.125E7
1000 3 8
4687500.0
1.0625E7
1000 3 8
5000000.0
1.5E7
1000 3 8
5312500.0
2.125E7
1000 3 8
5312500.0
1.1875E7
1000 3 8
5312500.0
1.1875E7
1000 3 8
6250000.0
1.25E7
1000 3 8
5000000.0
1.25E7
1000 3 8
5625000.0
1.875E7
1000 3 8
5937500.0
1.125E7
1000 3 8
4375000.0
1.3125E7
1778 3 8
1.0E7
4.0E7
1000 3 8
4375000.0
1.1875E7
1000 3 8
6250000.0
1.3125E7
1000 3 8
5937500.0
1.25E7
1778 3 8
1.5E7
3.25E7
1778 3 8
9375000.0
3.25E7
1000 3 8
9062500.0
1.5E7
1778 3 8
1.5E7
3.5E7
1000 3 8
9062500.0
1.5E7
1000 3 8
5000000.0
1.4375E7
1000 3 8
5312500.0
1.375E7
1778 3 8
9375000.0
3.75E7
1778 3 8
1.5E7
4.25E7
1778 3 8
1.3125E7
1.2E8
1778 3 8
1.125E7
3.5E7
1778 3 8
1.375E7
7.5E7
1778 3 8
1.1875E7
4.0E7
1778 3 8
1.1875E7
4.0E7
1778 3 8
9375000.0
3.5E7
1778 3 8
1.25E7
3.75E7
1778 3 8
9375000.0
3.5E7
1778 3 8
1.0625E7
3.25E7
1778 3 8
1.125E7
3.0E7
1778 3 8
1.125E7
3.25E7
1778 3 8
9375000.0
3.25E7
1778 3 8
8750000.0
3.25E7
3162 3 8
2.75E7
1.1E8
1778 3 8
1.0E7
3.25E7
1778 3 8
1.0E7
3.25E7
3162 3 8
4.0E7
1.4E8
1778 3 8
1.375E7
3.0E7
3162 3 8
4.0E7
1.6E8
1778 3 8
1.1875E7
3.0E7
1778 3 8
1.1875E7
3.0E7
1778 3 8
1.125E7
3.5E7
1778 3 8
1.0625E7
3.5E7
3162 3 8
2.0E7
1.4E8
1778 3 8
1.75E7
3.75E7
1778 3 8
1.6875E7
4.5E7
1778 3 8
1.0625E7
4.0E7
1778 3 8
2.0E7
3.75E7
3162 3 8
2.0E7
1.6E8
1778 3 8
1.0625E7
4.0E7
1778 3 8
1.1875E7
4.25E7
3162 3 8
2.75E7
2.0E8
3162 3 8
1.875E7
1.3E8
3162 3 8
2.75E7
1.4E8
3162 3 8
2.75E7
1.9E8
3162 3 8
2.5E7
1.3E8
3162 3 8
1.875E7
1.3E8
3162 3 8
2.125E7
1.3E8
3162 3 8
2.375E7
1.3E8
3162 3 8
2.75E7
1.6E8
3162 3 8
2.5E7
1.5E8
3162 3 8
2.5E7
1.5E8
3162 3 8
2.0E7
1.3E8
3162 3 8
2.5E7
1.2E8
3162 3 8
2.5E7
1.6E8
3162 3 8
2.375E7
1.7E8
3162 3 8
1.875E7
1.5E8
3162 3 8
2.75E7
2.4E8
3162 3 8
2.125E7
1.3E8
3162 3 8
2.625E7
2.6E8
3162 3 8
2.5E7
1.7E8
3162 3 8
2.125E7
1.3E8
3162 3 8
2.125E7
1.3E8
3162 3 8
1.875E7
1.4E8
3162 3 8
4.0E7
1.8E8
3162 3 8
2.0E7
1.4E8
3162 3 8
4.5E7
1.7E8
3162 3 8
2.0E7
1.4E8
5623 3 8
4.0E7
4.1E8
5623 3 8
9.5E7
4.5E8
5623 3 8
5.5E7
4.3E8
5623 3 8
4.0E7
4.2E8
5623 3 8
4.25E7
4.1E8
5623 3 8
3.75E7
4.1E8
5623 3 8
4.5E7
5.0E8
5623 3 8
4.5E7
4.0E8
5623 3 8
3.75E7
4.3E8
5623 3 8
8.5E7
6.4E8
5623 3 8
1.2E8
6.5E8
5623 3 8
3.75E7
4.1E8
5623 3 8
3.5E7
4.2E8
5623 3 8
3.75E7
3.9E8
5623 3 8
4.75E7
5.9E8
5623 3 8
4.0E7
4.1E8
5623 3 8
5.5E7
5.8E8
5623 3 8
4.0E7
5.4E8
5623 3 8
4.75E7
5.0E8
5623 3 8
4.75E7
4.8E8
5623 3 8
4.75E7
5.1E8
5623 3 8
4.25E7
3.8E8
5623 3 8
4.75E7
5.2E8
5623 3 8
4.75E7
5.0E8
5623 3 8
4.0E7
3.8E8
5623 3 8
4.75E7
5.0E8
5623 3 8
4.25E7
4.6E8
5623 3 8
5.5E7
4.7E8
5623 3 8
4.5E7
6.6E8
5623 3 8
7.5E7
6.6E8
5623 3 8
5.5E7
6.3E8
5623 3 8
8.5E7
6.4E8
10000 3 8
7.5E7
1.19E9
10000 3 8
6.5E7
1.24E9
10000 3 8
8.0E7
1.36E9
10000 3 8
7.5E7
1.31E9
10000 3 8
8.5E7
1.23E9
10000 3 8
7.0E7
1.35E9
10000 3 8
6.5E7
1.44E9
10000 3 8
9.5E7
1.3E9
10000 3 8
8.0E7
1.44E9
10000 3 8
1.2E8
1.33E9
10000 3 8
1.1E8
1.46E9
10000 3 8
6.5E7
1.31E9
10000 3 8
8.5E7
1.45E9
10000 3 8
1.25E8
1.31E9
10000 3 8
7.5E7
1.33E9
10000 3 8
8.0E7
1.41E9
10000 3 8
8.0E7
1.37E9
10000 3 8
7.5E7
1.42E9
10000 3 8
9.0E7
1.33E9
10000 3 8
8.5E7
1.36E9
10000 3 8
9.5E7
1.49E9
10000 3 8
1.4E8
1.51E9
10000 3 8
6.5E7
1.52E9
10000 3 8
8.0E7
1.36E9
10000 3 8
1.5E8
1.58E9
10000 3 8
9.5E7
1.7E9
10000 3 8
1.1E8
1.74E9
10000 3 8
1.25E8
1.9E9
10000 3 8
7.5E7
1.91E9
10000 3 8
1.45E8
1.35E9
10000 3 8
8.0E7
1.65E9
10000 3 8
1.2E8
1.88E9
17782 3 8
1.8E8
4.69E9
17782 3 8
1.7E8
4.59E9
17782 3 8
1.8E8
4.69E9
17782 3 8
1.5E8
4.45E9
17782 3 8
1.6E8
4.45E9
17782 3 8
1.4E8
4.64E9
17782 3 8
1.5E8
4.72E9
17782 3 8
1.9E8
4.68E9
17782 3 8
1.6E8
4.75E9
17782 3 8
1.8E8
4.85E9
17782 3 8
1.6E8
4.95E9
17782 3 8
1.7E8
4.78E9
17782 3 8
1.6E8
4.77E9
17782 3 8
1.6E8
4.81E9
17782 3 8
1.7E8
4.27E9
17782 3 8
1.8E8
4.71E9
17782 3 8
2.7E8
4.33E9
17782 3 8
1.6E8
5.24E9
17782 3 8
1.4E8
4.98E9
17782 3 8
1.8E8
4.9E9
17782 3 8
1.6E8
5.6E9
17782 3 8
2.1E8
6.09E9
17782 3 8
2.0E8
5.96E9
17782 3 8
2.0E8
5.92E9
17782 3 8
2.0E8
5.16E9
17782 3 8
1.7E8
5.58E9
17782 3 8
2.0E8
5.95E9
17782 3 8
1.8E8
6.41E9
17782 3 8
2.0E8
5.92E9
17782 3 8
2.3E8
5.7E9
17782 3 8
2.2E8
6.37E9
17782 3 8
1.9E8
7.04E9
31622 3 8
3.4E8
1.639E10
31622 3 8
3.1E8
1.757E10
31622 3 8
3.4E8
1.787E10
31622 3 8
4.3E8
1.791E10
31622 3 8
3.4E8
1.857E10
31622 3 8
3.2E8
1.681E10
31622 3 8
3.9E8
1.786E10
31622 3 8
3.8E8
1.759E10
31622 3 8
3.9E8
1.841E10
31622 3 8
3.7E8
1.856E10
31622 3 8
3.3E8
1.892E10
31622 3 8
3.4E8
1.891E10
31622 3 8
3.7E8
1.929E10
31622 3 8
3.5E8
1.822E10
31622 3 8
4.1E8
1.935E10
31622 3 8
3.7E8
1.977E10
31622 3 8
3.8E8
1.962E10
31622 3 8
2.9E8
1.901E10
31622 3 8
4.3E8
2.021E10
31622 3 8
3.4E8
2.019E10
31622 3 8
4.0E8
1.909E10
31622 3 8
3.7E8
2.016E10
31622 3 8
3.8E8
2.013E10
31622 3 8
4.0E8
1.896E10
31622 3 8
3.2E8
1.912E10
31622 3 8
4.3E8
2.095E10
31622 3 8
4.4E8
1.896E10
31622 3 8
4.1E8
2.14E10
31622 3 8
4.4E8
2.134E10
31622 3 8
3.5E8
2.024E10
31622 3 8
3.0E8
2.165E10
31622 3 8
4.4E8
2.296E10
56234 3 8
6.9E8
7.282E10
56234 3 8
9.2E8
7.503E10
56234 3 8
7.5E8
8.442E10
56234 3 8
8.8E8
8.36E10
56234 3 8
8.6E8
8.675E10
56234 3 8
6.9E8
8.74E10
56234 3 8
6.8E8
8.531E10
56234 3 8
6.6E8
8.954E10
56234 3 8
9.7E8
9.206E10
56234 3 8
6.6E8
9.267E10
56234 3 8
1.01E9
9.51E10
56234 3 8
7.5E8
9.86E10
56234 3 8
7.8E8
9.71E10
56234 3 8
8.2E8
9.896E10
56234 3 8
7.4E8
9.652E10
56234 3 8
1.08E9
9.658E10
56234 3 8
1.32E9
9.941E10
56234 3 8
7.2E8
1.0428E11
56234 3 8
1.05E9
1.0394E11
56234 3 8
8.4E8
1.0118E11
56234 3 8
8.3E8
1.0516E11
56234 3 8
6.4E8
1.0539E11
56234 3 8
8.0E8
1.0471E11
56234 3 8
1.08E9
1.107E11
56234 3 8
9.6E8
1.1404E11
56234 3 8
8.2E8
1.1528E11
56234 3 8
9.5E8
1.1514E11
56234 3 8
7.6E8
1.169E11
56234 3 8
8.3E8
1.1783E11
56234 3 8
8.7E8
1.2611E11
56234 3 8
8.5E8
1.294E11
56234 3 8
1.05E9
1.4034E11
100000 3 8
1.26E9
2.1414E11
100000 3 8
1.32E9
2.1747E11
100000 3 8
1.38E9
2.1737E11
100000 3 8
1.63E9
2.2434E11
100000 3 8
1.63E9
2.4342E11
100000 3 8
1.18E9
2.782E11
100000 3 8
1.47E9
2.5551E11
100000 3 8
1.53E9
2.6123E11
100000 3 8
2.04E9
2.483E11
100000 3 8
1.46E9
2.4656E11
100000 3 8
1.64E9
2.5828E11
100000 3 8
1.23E9
2.6685E11
100000 3 8
1.16E9
2.9272E11
100000 3 8
1.39E9
2.7156E11
100000 3 8
1.32E9
2.7494E11
100000 3 8
1.8E9
2.6211E11
100000 3 8
1.36E9
2.723E11
100000 3 8
1.31E9
2.6162E11
100000 3 8
1.27E9
2.8254E11
100000 3 8
1.4E9
2.6399E11
100000 3 8
1.48E9
2.5273E11
100000 3 8
1.35E9
2.3951E11
100000 3 8
1.68E9
3.002E11
100000 3 8
1.18E9
3.0647E11
100000 3 8
1.07E9
3.1047E11
100000 3 8
1.29E9
2.6207E11
100000 3 8
1.15E9
3.0506E11
100000 3 8
1.32E9
2.7615E11
100000 3 8
1.37E9
2.7897E11
100000 3 8
1.35E9
3.1079E11
100000 3 8
1.36E9
2.7803E11
100000 3 8
1.28E9
3.1292E11
