100 6 2
546875.0
429687.5
100 6 2
507812.5
429687.5
100 6 2
546875.0
429687.5
100 6 1
546875.0
429687.5
100 6 1
546875.0
429687.5
100 6 1
546875.0
429687.5
100 6 2
546875.0
429687.5
100 6 1
585937.5
429687.5
100 6 1
585937.5
429687.5
100 6 1
585937.5
429687.5
100 6 2
507812.5
468750.0
100 6 1
546875.0
429687.5
100 6 1
546875.0
429687.5
100 6 1
625000.0
429687.5
100 6 2
546875.0
410156.25
100 6 2
546875.0
390625.0
100 6 2
546875.0
371093.75
100 6 2
546875.0
410156.25
100 6 2
546875.0
410156.25
100 6 2
507812.5
410156.25
100 6 1
507812.5
410156.25
100 6 2
546875.0
371093.75
100 6 1
507812.5
429687.5
100 6 1
546875.0
410156.25
100 6 2
546875.0
371093.75
100 6 2
507812.5
390625.0
100 6 1
546875.0
390625.0
100 6 2
546875.0
390625.0
100 6 1
546875.0
410156.25
100 6 2
585937.5
371093.75
100 6 2
546875.0
429687.5
100 6 1
546875.0
390625.0
177 6 2
1250000.0
1093750.0
177 6 2
1406250.0
1015625.0
177 6 1
1406250.0
1015625.0
177 6 2
1406250.0
1093750.0
177 6 2
1328125.0
1015625.0
177 6 2
1328125.0
1093750.0
177 6 2
1250000.0
1093750.0
177 6 2
1406250.0
1093750.0
177 6 2
1328125.0
1093750.0
177 6 2
1328125.0
1093750.0
177 6 2
1406250.0
1171875.0
177 6 2
1406250.0
1093750.0
177 6 2
1406250.0
1093750.0
177 6 2
1328125.0
1015625.0
177 6 2
1406250.0
1093750.0
177 6 2
1328125.0
1093750.0
177 6 2
1406250.0
1093750.0
177 6 2
1406250.0
1015625.0
177 6 2
1406250.0
1015625.0
177 6 2
1406250.0
1093750.0
177 6 2
1484375.0
1093750.0
177 6 2
1406250.0
1093750.0
177 6 2
1484375.0
1093750.0
177 6 2
1484375.0
1093750.0
177 6 2
1406250.0
1093750.0
177 6 2
1406250.0
1093750.0
177 6 2
1328125.0
1093750.0
177 6 2
1406250.0
1015625.0
177 6 2
1406250.0
1093750.0
177 6 2
1406250.0
1015625.0
177 6 2
1484375.0
1093750.0
177 6 2
1406250.0
1093750.0
316 6 2
3437500.0
3437500.0
316 6 2
3750000.0
3750000.0
316 6 2
3437500.0
4687500.0
316 6 2
3750000.0
3437500.0
316 6 2
3437500.0
3593750.0
316 6 2
3437500.0
3750000.0
316 6 2
3437500.0
3437500.0
316 6 2
3437500.0
4062500.0
316 6 2
3437500.0
3125000.0
316 6 2
3437500.0
3281250.0
316 6 2
3750000.0
3281250.0
316 6 2
3437500.0
3906250.0
316 6 2
3437500.0
3437500.0
316 6 2
3437500.0
2968750.0
316 6 2
3437500.0
3437500.0
316 6 2
3437500.0
3593750.0
316 6 2
3437500.0
3437500.0
316 6 2
3437500.0
3281250.0
316 6 2
3437500.0
3437500.0
316 6 2
3750000.0
3437500.0
316 6 2
3750000.0
3750000.0
316 6 2
3437500.0
3281250.0
316 6 2
4062500.0
3437500.0
316 6 2
3437500.0
3125000.0
316 6 2
4062500.0
3437500.0
316 6 2
3437500.0
3281250.0
316 6 2
3437500.0
3437500.0
316 6 2
3437500.0
2812500.0
316 6 2
3750000.0
3125000.0
316 6 2
4062500.0
2812500.0
316 6 2
3750000.0
3125000.0
562 6 2
8750000.0
9375000.0
316 6 2
3750000.0
3281250.0
562 6 2
1.0625E7
9375000.0
562 6 2
8125000.0
8750000.0
562 6 2
8750000.0
9375000.0
562 6 2
8750000.0
9375000.0
562 6 2
8125000.0
8750000.0
562 6 2
8125000.0
9375000.0
562 6 2
8750000.0
1.0E7
562 6 2
8750000.0
9375000.0
562 6 2
8125000.0
1.0E7
562 6 2
7500000.0
9375000.0
562 6 2
8750000.0
1.0625E7
562 6 2
8750000.0
1.0E7
562 6 2
8750000.0
8750000.0
562 6 2
1.0E7
9375000.0
562 6 2
8125000.0
1.0625E7
562 6 2
8750000.0
8750000.0
562 6 2
8750000.0
1.0E7
562 6 2
8750000.0
1.125E7
562 6 2
8750000.0
1.125E7
562 6 2
8125000.0
1.0E7
562 6 2
8125000.0
9375000.0
562 6 2
8750000.0
9375000.0
562 6 2
8125000.0
8750000.0
562 6 2
7500000.0
8750000.0
562 6 2
7500000.0
8750000.0
562 6 2
8125000.0
8750000.0
562 6 2
8125000.0
8750000.0
562 6 2
8125000.0
8750000.0
562 6 2
8750000.0
8750000.0
562 6 2
9375000.0
1.0625E7
562 6 2
8125000.0
8125000.0
1000 6 2
2.125E7
3.0E7
1000 6 2
2.25E7
3.0E7
1000 6 2
2.125E7
2.75E7
1000 6 2
2.0E7
2.75E7
1000 6 2
2.125E7
3.25E7
1000 6 2
2.125E7
2.75E7
1000 6 2
2.125E7
2.75E7
1000 6 2
2.0E7
3.25E7
1000 6 2
2.125E7
3.0E7
1000 6 2
2.125E7
2.75E7
1000 6 2
2.75E7
3.0E7
1000 6 2
2.125E7
3.0E7
1000 6 2
2.0E7
2.75E7
1000 6 2
2.125E7
3.5E7
1000 6 2
2.0E7
2.625E7
1000 6 2
2.0E7
3.25E7
1000 6 2
2.375E7
2.75E7
1000 6 2
2.25E7
2.75E7
1000 6 2
2.0E7
3.125E7
1000 6 2
2.0E7
2.375E7
1000 6 2
3.0E7
2.5E7
1000 6 2
2.5E7
2.5E7
1000 6 2
2.125E7
2.5E7
1000 6 3
2.125E7
2.75E7
1000 6 2
2.25E7
2.5E7
1000 6 2
2.25E7
2.375E7
1000 6 2
2.25E7
2.25E7
1000 6 2
2.125E7
2.375E7
1000 6 2
2.25E7
2.375E7
1000 6 2
2.25E7
2.625E7
1000 6 2
2.25E7
2.5E7
1778 6 2
5.0E7
1.2E8
1778 6 2
4.75E7
1.1E8
1000 6 2
2.0E7
3.25E7
1778 6 2
4.75E7
1.0E8
1778 6 2
4.75E7
9.0E7
1778 6 3
4.75E7
8.5E7
1778 6 2
4.75E7
8.0E7
1778 6 3
4.75E7
8.5E7
1778 6 3
4.75E7
8.0E7
1778 6 2
5.25E7
8.0E7
1778 6 3
4.75E7
7.5E7
1778 6 2
4.75E7
8.0E7
1778 6 2
5.0E7
8.0E7
1778 6 2
5.5E7
7.5E7
1778 6 2
5.0E7
8.5E7
1778 6 2
5.25E7
7.5E7
1778 6 2
5.5E7
7.5E7
1778 6 3
5.0E7
7.5E7
1778 6 2
5.25E7
7.0E7
1778 6 2
7.0E7
7.0E7
1778 6 2
5.25E7
6.5E7
1778 6 3
5.5E7
7.0E7
1778 6 2
5.75E7
6.5E7
1778 6 2
5.5E7
7.0E7
1778 6 2
6.0E7
8.0E7
1778 6 2
5.75E7
8.0E7
1778 6 2
5.5E7
7.5E7
1778 6 2
5.25E7
7.0E7
1778 6 3
5.5E7
8.0E7
1778 6 3
5.5E7
8.0E7
3162 6 2
1.2E8
2.4E8
1778 6 3
5.25E7
9.5E7
3162 6 2
1.2E8
2.7E8
3162 6 3
1.2E8
2.7E8
3162 6 2
1.1E8
2.6E8
3162 6 2
1.1E8
2.5E8
1778 6 3
5.0E7
1.0E8
3162 6 3
1.2E8
2.8E8
3162 6 2
1.2E8
2.7E8
1778 6 2
5.25E7
1.2E8
3162 6 3
1.1E8
3.1E8
3162 6 3
1.2E8
2.8E8
3162 6 3
1.2E8
2.8E8
3162 6 3
1.2E8
2.8E8
3162 6 3
1.2E8
2.7E8
3162 6 2
1.2E8
3.1E8
3162 6 2
1.2E8
2.9E8
3162 6 3
1.2E8
3.3E8
3162 6 2
1.1E8
2.8E8
3162 6 3
1.2E8
2.7E8
3162 6 3
1.1E8
2.7E8
3162 6 3
1.2E8
2.8E8
3162 6 2
1.3E8
2.8E8
3162 6 3
1.3E8
2.9E8
3162 6 3
1.3E8
2.7E8
3162 6 3
1.3E8
2.6E8
3162 6 2
1.2E8
3.2E8
3162 6 3
1.4E8
2.6E8
3162 6 3
1.5E8
2.4E8
3162 6 2
1.4E8
2.6E8
3162 6 3
1.5E8
2.2E8
3162 6 3
1.1E8
2.3E8
3162 6 3
1.4E8
2.4E8
3162 6 3
1.1E8
2.2E8
3162 6 2
1.4E8
2.2E8
5623 6 3
2.7E8
9.7E8
5623 6 3
2.7E8
1.08E9
5623 6 3
2.6E8
1.02E9
5623 6 3
2.6E8
1.05E9
5623 6 3
2.5E8
1.07E9
5623 6 3
2.7E8
1.06E9
5623 6 3
2.6E8
1.02E9
5623 6 3
2.6E8
1.05E9
5623 6 3
2.7E8
1.03E9
5623 6 3
2.6E8
1.01E9
5623 6 3
2.6E8
1.1E9
5623 6 3
2.7E8
1.06E9
5623 6 3
2.8E8
1.14E9
5623 6 3
2.7E8
9.9E8
5623 6 3
2.6E8
1.1E9
5623 6 3
2.5E8
1.15E9
5623 6 3
2.8E8
9.6E8
5623 6 3
2.6E8
1.1E9
5623 6 3
2.7E8
1.06E9
5623 6 3
2.8E8
1.13E9
5623 6 3
2.7E8
1.15E9
5623 6 3
2.9E8
1.02E9
5623 6 3
2.7E8
1.08E9
5623 6 3
2.7E8
1.12E9
5623 6 3
3.1E8
9.5E8
5623 6 3
2.7E8
1.13E9
5623 6 3
3.0E8
9.6E8
5623 6 3
2.7E8
1.04E9
5623 6 3
2.8E8
1.02E9
5623 6 3
3.2E8
8.6E8
5623 6 3
2.8E8
1.06E9
5623 6 3
3.5E8
9.1E8
10000 6 3
6.3E8
2.77E9
10000 6 3
5.9E8
2.96E9
10000 6 3
6.2E8
2.94E9
10000 6 3
6.2E8
3.09E9
10000 6 3
5.9E8
3.11E9
10000 6 3
6.4E8
3.43E9
10000 6 4
6.2E8
3.11E9
10000 6 3
5.8E8
3.49E9
10000 6 3
5.9E8
3.45E9
10000 6 3
6.5E8
3.45E9
10000 6 3
6.1E8
3.1E9
10000 6 3
5.9E8
3.48E9
10000 6 3
6.1E8
3.33E9
10000 6 3
6.5E8
3.4E9
10000 6 3
6.3E8
3.5E9
10000 6 3
6.5E8
3.5E9
10000 6 3
6.0E8
3.43E9
10000 6 3
6.4E8
3.48E9
10000 6 3
6.1E8
3.53E9
10000 6 3
6.4E8
3.45E9
10000 6 3
6.4E8
3.49E9
10000 6 3
6.4E8
3.52E9
10000 6 3
6.9E8
3.62E9
10000 6 3
6.4E8
3.62E9
10000 6 3
6.6E8
3.47E9
10000 6 3
6.4E8
3.56E9
10000 6 3
6.3E8
3.41E9
10000 6 3
6.8E8
3.53E9
10000 6 3
7.2E8
3.49E9
10000 6 3
6.6E8
3.6E9
10000 6 3
6.3E8
3.26E9
10000 6 3
6.0E8
3.56E9
17782 6 3
1.38E9
9.88E9
17782 6 3
1.52E9
9.33E9
17782 6 4
1.35E9
9.22E9
17782 6 3
1.36E9
1.009E10
17782 6 3
1.44E9
1.039E10
17782 6 3
1.36E9
1.06E10
17782 6 3
1.37E9
9.95E9
17782 6 3
1.37E9
1.035E10
17782 6 3
1.39E9
1.076E10
17782 6 3
1.35E9
1.055E10
17782 6 3
1.35E9
1.118E10
17782 6 3
1.33E9
1.138E10
17782 6 3
1.34E9
1.135E10
17782 6 3
1.35E9
1.159E10
17782 6 4
1.34E9
1.15E10
17782 6 3
1.38E9
1.145E10
17782 6 3
1.35E9
1.101E10
17782 6 3
1.41E9
1.129E10
17782 6 3
1.38E9
1.108E10
17782 6 3
1.45E9
1.106E10
17782 6 3
1.34E9
1.155E10
17782 6 3
1.52E9
1.131E10
17782 6 3
1.38E9
1.173E10
17782 6 3
1.55E9
1.137E10
17782 6 3
1.44E9
1.147E10
17782 6 3
1.44E9
1.147E10
17782 6 3
1.39E9
1.146E10
17782 6 3
1.4E9
1.157E10
17782 6 3
1.52E9
1.182E10
17782 6 3
1.41E9
1.169E10
17782 6 3
1.37E9
1.169E10
17782 6 3
1.53E9
1.167E10
31622 6 4
3.33E9
3.476E10
31622 6 4
3.12E9
3.701E10
31622 6 4
2.98E9
3.732E10
31622 6 3
3.25E9
3.855E10
31622 6 4
3.39E9
3.648E10
31622 6 4
3.12E9
3.788E10
31622 6 4
3.94E9
3.68E10
31622 6 4
3.1E9
3.892E10
31622 6 4
3.17E9
3.878E10
31622 6 4
3.29E9
3.777E10
31622 6 4
3.19E9
4.012E10
31622 6 4
3.41E9
3.83E10
31622 6 4
3.28E9
3.816E10
31622 6 4
3.46E9
3.873E10
31622 6 4
3.19E9
3.892E10
31622 6 4
3.34E9
3.884E10
31622 6 3
3.16E9
4.03E10
31622 6 3
3.04E9
4.137E10
31622 6 4
3.2E9
3.983E10
31622 6 4
3.49E9
4.031E10
31622 6 4
3.2E9
4.034E10
31622 6 3
3.18E9
4.053E10
31622 6 4
3.04E9
4.409E10
31622 6 3
3.03E9
4.234E10
31622 6 3
3.11E9
4.208E10
31622 6 4
3.11E9
4.194E10
31622 6 4
3.32E9
4.107E10
31622 6 4
3.32E9
4.176E10
31622 6 3
3.19E9
4.243E10
31622 6 4
3.31E9
4.207E10
31622 6 4
3.05E9
4.365E10
31622 6 3
3.71E9
4.282E10
56234 6 4
7.42E9
1.3566E11
56234 6 4
7.05E9
1.3028E11
56234 6 4
6.97E9
1.3865E11
56234 6 4
7.71E9
1.355E11
56234 6 4
7.15E9
1.4328E11
56234 6 4
6.98E9
1.4203E11
56234 6 4
7.5E9
1.474E11
56234 6 4
7.52E9
1.4361E11
56234 6 4
8.16E9
1.4809E11
56234 6 4
7.46E9
1.4692E11
56234 6 4
7.4E9
1.4669E11
56234 6 4
7.29E9
1.5021E11
56234 6 4
7.37E9
1.47E11
56234 6 4
8.19E9
1.4942E11
56234 6 4
6.91E9
1.5413E11
56234 6 4
7.25E9
1.5336E11
56234 6 4
7.69E9
1.5343E11
56234 6 4
8.09E9
1.5613E11
56234 6 4
8.02E9
1.5138E11
56234 6 4
8.26E9
1.5419E11
56234 6 4
7.77E9
1.5408E11
56234 6 4
7.06E9
1.6137E11
56234 6 4
7.04E9
1.6005E11
56234 6 4
7.04E9
1.5986E11
56234 6 4
7.23E9
1.5904E11
56234 6 4
7.43E9
1.5626E11
56234 6 4
6.97E9
1.6352E11
56234 6 4
7.37E9
1.6249E11
56234 6 4
7.32E9
1.6294E11
56234 6 4
7.24E9
1.6465E11
56234 6 4
7.04E9
1.6509E11
56234 6 4
8.33E9
1.6301E11
100000 6 5
1.682E10
3.5714E11
100000 6 4
1.684E10
3.5737E11
100000 6 5
1.642E10
3.5874E11
100000 6 4
1.659E10
3.6855E11
100000 6 4
1.547E10
3.9038E11
100000 6 4
1.524E10
3.9482E11
100000 6 4
1.574E10
3.961E11
100000 6 4
1.671E10
4.1535E11
100000 6 4
1.536E10
4.1485E11
100000 6 4
1.461E10
4.3759E11
100000 6 4
1.618E10
4.0734E11
100000 6 4
1.649E10
4.1469E11
100000 6 4
1.595E10
4.2692E11
100000 6 4
1.574E10
4.1965E11
100000 6 4
1.697E10
4.5166E11
100000 6 4
1.61E10
4.3584E11
100000 6 4
1.638E10
4.3948E11
100000 6 4
1.727E10
4.2851E11
100000 6 4
1.647E10
4.4175E11
100000 6 4
1.663E10
4.4441E11
100000 6 5
1.795E10
4.3157E11
100000 6 4
1.603E10
4.476E11
100000 6 4
1.62E10
4.367E11
100000 6 4
1.526E10
4.5009E11
100000 6 4
1.62E10
4.5721E11
100000 6 4
1.55E10
4.6377E11
100000 6 4
1.609E10
4.6852E11
100000 6 4
1.748E10
4.674E11
100000 6 4
1.721E10
4.6846E11
100000 6 4
1.621E10
4.7506E11
100000 6 4
1.568E10
4.7546E11
100000 6 4
1.677E10
4.7899E11
