100 6 2
546875.0
429687.5
100 6 1
546875.0
429687.5
100 6 1
546875.0
429687.5
100 6 1
507812.5
429687.5
100 6 2
507812.5
429687.5
100 6 1
546875.0
429687.5
100 6 1
585937.5
429687.5
100 6 2
546875.0
429687.5
100 6 2
546875.0
429687.5
100 6 1
546875.0
429687.5
100 6 2
546875.0
429687.5
100 6 2
585937.5
429687.5
100 6 1
546875.0
429687.5
100 6 1
546875.0
429687.5
100 6 2
546875.0
468750.0
100 6 2
546875.0
429687.5
100 6 1
585937.5
468750.0
100 6 2
546875.0
429687.5
100 6 1
546875.0
429687.5
100 6 1
585937.5
429687.5
100 6 1
507812.5
410156.25
100 6 1
546875.0
371093.75
100 6 2
507812.5
390625.0
100 6 1
585937.5
410156.25
100 6 1
546875.0
390625.0
100 6 2
546875.0
390625.0
100 6 1
546875.0
429687.5
100 6 1
585937.5
410156.25
100 6 1
585937.5
371093.75
100 6 2
585937.5
371093.75
100 6 2
585937.5
371093.75
100 6 1
625000.0
390625.0
177 6 2
1328125.0
1171875.0
177 6 2
1328125.0
1093750.0
177 6 2
1406250.0
1015625.0
177 6 2
1406250.0
1171875.0
177 6 1
1406250.0
1093750.0
177 6 2
1406250.0
1171875.0
177 6 2
1328125.0
1093750.0
177 6 2
1406250.0
1093750.0
177 6 2
1328125.0
1093750.0
177 6 1
1406250.0
1171875.0
177 6 2
1328125.0
1171875.0
177 6 2
1250000.0
1171875.0
177 6 1
1406250.0
1093750.0
177 6 1
1328125.0
1171875.0
177 6 2
1328125.0
1093750.0
177 6 2
1328125.0
1171875.0
177 6 2
1328125.0
1171875.0
177 6 1
1328125.0
1093750.0
177 6 2
1484375.0
1015625.0
177 6 2
1406250.0
1093750.0
177 6 1
1406250.0
1015625.0
177 6 2
1328125.0
1171875.0
177 6 2
1328125.0
937500.0
177 6 2
1484375.0
1015625.0
177 6 2
1406250.0
1093750.0
177 6 1
1328125.0
1093750.0
177 6 2
1484375.0
1093750.0
177 6 2
1562500.0
1093750.0
177 6 2
1406250.0
1093750.0
177 6 2
1406250.0
1015625.0
177 6 1
1484375.0
1093750.0
177 6 2
1328125.0
1015625.0
316 6 2
3437500.0
3437500.0
316 6 2
3437500.0
3750000.0
316 6 2
3437500.0
3750000.0
316 6 2
3437500.0
3437500.0
316 6 2
3437500.0
3750000.0
316 6 2
3437500.0
4062500.0
316 6 2
3437500.0
3750000.0
316 6 2
3437500.0
3750000.0
316 6 2
3437500.0
3750000.0
316 6 2
3750000.0
3437500.0
316 6 2
3437500.0
3437500.0
316 6 2
3437500.0
2968750.0
316 6 2
3750000.0
3437500.0
316 6 2
3437500.0
3281250.0
316 6 2
3437500.0
3281250.0
316 6 2
3437500.0
3750000.0
316 6 2
3750000.0
3750000.0
316 6 2
3437500.0
3750000.0
316 6 2
3750000.0
3437500.0
316 6 2
3750000.0
3281250.0
316 6 2
3437500.0
3437500.0
316 6 2
4062500.0
3437500.0
316 6 2
3437500.0
3750000.0
316 6 2
3437500.0
3437500.0
316 6 2
3437500.0
3437500.0
316 6 2
3437500.0
3593750.0
316 6 2
3437500.0
3437500.0
316 6 2
3750000.0
3437500.0
316 6 2
3437500.0
3437500.0
316 6 2
3750000.0
2968750.0
316 6 2
3593750.0
3125000.0
316 6 2
3437500.0
2968750.0
562 6 2
8750000.0
9375000.0
562 6 2
8750000.0
9375000.0
562 6 2
8750000.0
1.0E7
562 6 2
8750000.0
1.1875E7
562 6 2
8125000.0
9375000.0
562 6 2
8125000.0
1.125E7
562 6 2
8125000.0
1.0E7
562 6 2
8750000.0
1.1875E7
562 6 2
8750000.0
1.375E7
562 6 2
8750000.0
1.0625E7
562 6 2
8125000.0
1.125E7
562 6 2
8750000.0
1.0E7
562 6 2
8750000.0
1.0625E7
562 6 2
8125000.0
1.0E7
562 6 2
8125000.0
1.0625E7
562 6 2
8750000.0
9375000.0
562 6 2
8125000.0
9375000.0
562 6 2
9375000.0
1.0625E7
562 6 2
8750000.0
1.0E7
562 6 2
8125000.0
8125000.0
562 6 2
8125000.0
9375000.0
562 6 2
8125000.0
1.0E7
562 6 2
8125000.0
9375000.0
562 6 2
7500000.0
8750000.0
562 6 2
9375000.0
1.0E7
562 6 2
8125000.0
1.0E7
562 6 2
9375000.0
1.0E7
562 6 2
8750000.0
1.0625E7
562 6 2
9375000.0
8750000.0
562 6 2
9375000.0
8750000.0
562 6 2
8125000.0
8750000.0
562 6 2
7500000.0
8125000.0
1000 6 2
2.0E7
2.75E7
1000 6 2
2.0E7
2.75E7
1000 6 2
2.0E7
2.75E7
1000 6 2
2.0E7
2.875E7
1000 6 2
2.0E7
2.875E7
1000 6 2
2.0E7
3.5E7
1000 6 2
2.0E7
3.5E7
1000 6 2
2.0E7
3.75E7
1000 6 2
2.0E7
3.25E7
1000 6 2
2.0E7
2.75E7
1000 6 2
2.125E7
3.0E7
1000 6 2
2.0E7
2.75E7
1000 6 2
2.0E7
3.0E7
1000 6 2
2.0E7
4.25E7
1000 6 2
2.125E7
3.0E7
1000 6 2
2.0E7
3.0E7
1000 6 2
2.0E7
3.0E7
1000 6 2
2.125E7
3.75E7
1000 6 2
2.0E7
3.0E7
1000 6 2
2.125E7
3.75E7
1000 6 2
2.0E7
3.5E7
1000 6 2
2.0E7
4.25E7
1000 6 2
2.0E7
3.5E7
1000 6 2
2.125E7
3.0E7
1000 6 2
2.0E7
3.5E7
1000 6 2
2.125E7
3.625E7
1000 6 2
1.875E7
3.625E7
1000 6 2
2.125E7
3.25E7
1000 6 2
2.125E7
3.25E7
1000 6 2
2.375E7
2.75E7
1778 6 2
6.5E7
7.5E7
1000 6 2
2.25E7
2.5E7
1000 6 2
2.125E7
2.5E7
1778 6 2
4.75E7
1.1E8
1778 6 2
4.75E7
1.1E8
1778 6 2
4.75E7
8.0E7
1778 6 2
4.5E7
1.2E8
1778 6 2
4.75E7
1.1E8
1778 6 2
5.0E7
1.1E8
1778 6 2
4.75E7
8.5E7
1778 6 2
4.75E7
1.1E8
1778 6 2
5.0E7
8.5E7
1778 6 2
5.0E7
8.5E7
1778 6 2
4.75E7
9.5E7
1778 6 2
5.0E7
1.1E8
1778 6 2
4.75E7
9.5E7
1778 6 2
4.75E7
9.0E7
1778 6 2
5.0E7
1.05E8
1778 6 2
4.75E7
8.0E7
1778 6 2
4.75E7
1.0E8
1778 6 2
4.75E7
9.5E7
1778 6 2
4.75E7
1.0E8
1778 6 2
5.0E7
8.0E7
1778 6 2
5.0E7
9.0E7
1778 6 2
4.75E7
8.0E7
1778 6 2
5.5E7
8.0E7
1778 6 2
5.25E7
9.0E7
1778 6 2
4.75E7
8.0E7
1778 6 2
5.0E7
9.0E7
1778 6 2
5.0E7
9.0E7
1778 6 2
4.75E7
8.0E7
1778 6 2
5.25E7
9.5E7
1778 6 2
5.0E7
7.5E7
1778 6 2
6.0E7
7.5E7
3162 6 2
1.2E8
2.5E8
3162 6 2
1.1E8
2.6E8
3162 6 2
1.1E8
2.7E8
3162 6 2
1.2E8
2.8E8
3162 6 2
1.2E8
2.8E8
3162 6 2
1.2E8
2.6E8
3162 6 2
1.1E8
2.8E8
3162 6 2
1.1E8
3.1E8
3162 6 2
1.2E8
2.7E8
3162 6 2
1.4E8
3.4E8
3162 6 2
1.3E8
3.2E8
3162 6 2
1.2E8
2.7E8
3162 6 2
1.1E8
3.3E8
3162 6 2
1.2E8
2.7E8
3162 6 2
1.2E8
2.8E8
3162 6 2
1.2E8
3.3E8
3162 6 2
1.2E8
2.8E8
3162 6 2
1.2E8
3.2E8
3162 6 2
1.2E8
3.2E8
3162 6 2
1.1E8
2.8E8
3162 6 2
1.2E8
3.4E8
3162 6 2
1.2E8
3.3E8
3162 6 2
1.2E8
3.4E8
3162 6 2
1.2E8
3.1E8
3162 6 2
1.3E8
3.1E8
3162 6 2
1.3E8
2.5E8
3162 6 2
1.2E8
2.7E8
3162 6 2
1.2E8
3.2E8
3162 6 2
1.2E8
3.3E8
3162 6 2
1.2E8
3.2E8
3162 6 2
1.4E8
2.9E8
3162 6 2
1.2E8
2.6E8
5623 6 2
2.8E8
8.3E8
5623 6 2
2.7E8
9.3E8
5623 6 2
2.7E8
9.9E8
5623 6 2
2.5E8
9.3E8
5623 6 2
2.9E8
9.9E8
5623 6 2
2.6E8
9.9E8
5623 6 2
2.7E8
9.2E8
5623 6 2
2.6E8
9.6E8
5623 6 2
2.5E8
1.07E9
5623 6 2
2.6E8
1.01E9
5623 6 2
2.6E8
9.7E8
5623 6 2
2.6E8
9.6E8
5623 6 2
2.7E8
9.5E8
5623 6 2
2.7E8
1.0E9
5623 6 2
2.6E8
9.5E8
5623 6 2
2.7E8
9.9E8
5623 6 2
2.6E8
1.12E9
5623 6 2
2.7E8
9.6E8
5623 6 2
2.8E8
9.5E8
5623 6 2
2.8E8
9.8E8
5623 6 2
2.7E8
1.04E9
5623 6 2
2.7E8
9.7E8
5623 6 2
2.6E8
1.02E9
5623 6 2
2.6E8
1.04E9
5623 6 2
2.8E8
1.01E9
5623 6 2
2.6E8
1.14E9
5623 6 2
2.7E8
1.06E9
5623 6 2
2.9E8
1.13E9
5623 6 2
2.7E8
1.17E9
5623 6 2
2.7E8
1.03E9
5623 6 2
3.0E8
1.11E9
5623 6 2
2.8E8
1.18E9
10000 6 2
5.9E8
2.83E9
10000 6 2
6.6E8
3.03E9
10000 6 2
6.1E8
2.76E9
10000 6 2
6.2E8
2.84E9
10000 6 2
6.1E8
2.85E9
10000 6 2
6.0E8
2.96E9
10000 6 2
5.9E8
3.2E9
10000 6 2
6.1E8
3.02E9
10000 6 2
6.0E8
3.1E9
10000 6 2
5.9E8
3.13E9
10000 6 2
5.9E8
3.17E9
10000 6 2
6.2E8
3.21E9
10000 6 2
6.0E8
3.26E9
10000 6 2
5.9E8
3.09E9
10000 6 2
6.0E8
3.25E9
10000 6 2
5.9E8
3.21E9
10000 6 2
6.5E8
3.24E9
10000 6 2
6.0E8
3.33E9
10000 6 2
6.0E8
3.18E9
10000 6 2
6.0E8
3.29E9
10000 6 2
5.9E8
3.29E9
10000 6 2
6.4E8
3.23E9
10000 6 2
6.0E8
3.39E9
10000 6 2
6.0E8
3.39E9
10000 6 2
6.0E8
3.3E9
10000 6 2
6.0E8
3.28E9
10000 6 2
6.8E8
3.34E9
10000 6 2
6.3E8
3.48E9
10000 6 2
5.9E8
3.24E9
10000 6 2
6.2E8
3.49E9
10000 6 2
6.0E8
3.38E9
10000 6 2
6.4E8
3.14E9
17782 6 2
1.32E9
9.34E9
17782 6 2
1.35E9
9.98E9
17782 6 2
1.38E9
9.81E9
17782 6 2
1.33E9
1.013E10
17782 6 2
1.36E9
1.027E10
17782 6 2
1.33E9
1.015E10
17782 6 2
1.33E9
1.079E10
17782 6 2
1.33E9
1.062E10
17782 6 2
1.34E9
1.08E10
17782 6 2
1.39E9
1.107E10
17782 6 2
1.37E9
1.047E10
17782 6 2
1.36E9
1.089E10
17782 6 2
1.33E9
1.094E10
17782 6 2
1.49E9
1.084E10
17782 6 2
1.35E9
1.087E10
17782 6 2
1.46E9
1.072E10
17782 6 2
1.33E9
1.105E10
17782 6 2
1.33E9
1.123E10
17782 6 2
1.36E9
1.163E10
17782 6 2
1.32E9
1.096E10
17782 6 2
1.41E9
1.061E10
17782 6 2
1.36E9
1.161E10
17782 6 2
1.46E9
1.083E10
17782 6 2
1.38E9
1.116E10
17782 6 2
1.46E9
1.121E10
17782 6 2
1.31E9
1.18E10
17782 6 2
1.54E9
1.065E10
17782 6 2
1.4E9
1.117E10
17782 6 2
1.32E9
1.132E10
17782 6 2
1.41E9
1.116E10
17782 6 2
1.38E9
1.161E10
17782 6 2
1.48E9
1.123E10
31622 6 2
3.08E9
3.013E10
31622 6 2
3.1E9
3.315E10
31622 6 2
3.01E9
3.424E10
31622 6 2
3.22E9
3.286E10
31622 6 2
3.21E9
3.46E10
31622 6 2
3.18E9
3.462E10
31622 6 2
3.02E9
3.606E10
31622 6 2
3.28E9
3.455E10
31622 6 2
3.31E9
3.55E10
31622 6 2
3.17E9
3.548E10
31622 6 2
3.43E9
3.568E10
31622 6 2
3.18E9
3.585E10
31622 6 2
3.28E9
3.613E10
31622 6 2
3.04E9
3.752E10
31622 6 2
2.98E9
3.795E10
31622 6 2
3.32E9
3.671E10
31622 6 2
3.18E9
3.605E10
31622 6 2
3.08E9
3.775E10
31622 6 2
3.19E9
3.712E10
31622 6 2
3.15E9
3.657E10
31622 6 2
3.06E9
3.839E10
31622 6 2
3.28E9
3.647E10
31622 6 2
3.32E9
3.805E10
31622 6 2
3.0E9
3.832E10
31622 6 2
3.01E9
3.918E10
31622 6 2
3.12E9
3.766E10
31622 6 2
2.99E9
3.853E10
31622 6 2
3.2E9
3.841E10
31622 6 2
3.15E9
3.932E10
31622 6 2
3.11E9
3.929E10
31622 6 2
3.49E9
3.917E10
31622 6 2
3.18E9
4.033E10
56234 6 2
7.02E9
1.1309E11
56234 6 2
6.76E9
1.1318E11
56234 6 2
6.96E9
1.2397E11
56234 6 2
7.03E9
1.316E11
56234 6 2
6.88E9
1.305E11
56234 6 2
6.98E9
1.33E11
56234 6 2
6.94E9
1.3709E11
56234 6 2
6.78E9
1.3602E11
56234 6 2
7.29E9
1.3342E11
56234 6 2
6.91E9
1.3521E11
56234 6 2
7.45E9
1.3093E11
56234 6 2
7.15E9
1.3407E11
56234 6 2
7.09E9
1.3695E11
56234 6 2
6.87E9
1.3592E11
56234 6 2
7.92E9
1.3443E11
56234 6 2
7.15E9
1.3896E11
56234 6 2
7.7E9
1.3685E11
56234 6 2
7.14E9
1.3705E11
56234 6 2
6.92E9
1.4088E11
56234 6 2
7.7E9
1.381E11
56234 6 2
7.15E9
1.3722E11
56234 6 2
6.87E9
1.4028E11
56234 6 2
6.83E9
1.4323E11
56234 6 2
7.14E9
1.4066E11
56234 6 2
7.75E9
1.4125E11
56234 6 2
7.24E9
1.4266E11
56234 6 2
7.74E9
1.4074E11
56234 6 2
7.46E9
1.4431E11
56234 6 2
8.08E9
1.4716E11
56234 6 2
7.08E9
1.4677E11
56234 6 2
8.34E9
1.477E11
56234 6 2
6.89E9
1.5479E11
100000 6 2
1.553E10
4.3375E11
100000 6 2
1.574E10
4.5669E11
100000 6 2
1.666E10
4.4958E11
100000 6 2
1.572E10
4.5972E11
100000 6 2
1.742E10
4.5528E11
100000 6 2
1.549E10
4.598E11
100000 6 2
1.622E10
4.6047E11
100000 6 2
1.65E10
4.6987E11
100000 6 2
1.705E10
4.696E11
100000 6 2
1.561E10
4.919E11
100000 6 2
1.536E10
5.1498E11
100000 6 2
1.586E10
4.8978E11
100000 6 2
1.622E10
4.957E11
100000 6 2
1.641E10
4.8615E11
100000 6 2
1.598E10
4.9596E11
100000 6 2
1.637E10
4.8655E11
100000 6 2
1.804E10
4.9039E11
100000 6 2
1.694E10
4.9672E11
100000 6 2
1.695E10
4.9051E11
100000 6 2
1.595E10
4.9215E11
100000 6 2
1.708E10
4.9794E11
100000 6 2
1.619E10
5.0192E11
100000 6 2
1.641E10
5.0691E11
100000 6 2
1.758E10
5.0622E11
100000 6 2
1.727E10
5.0147E11
100000 6 2
1.628E10
4.979E11
100000 6 2
1.69E10
5.0545E11
100000 6 2
1.615E10
5.2013E11
100000 6 2
1.571E10
5.35E11
100000 6 2
1.734E10
5.4073E11
100000 6 2
1.801E10
5.3747E11
100000 6 2
1.645E10
5.5281E11
