100 3 4
253906.25
214843.75
100 3 4
273437.5
234375.0
100 3 4
253906.25
214843.75
100 3 4
214843.75
234375.0
100 3 4
253906.25
234375.0
100 3 4
273437.5
234375.0
100 3 4
273437.5
234375.0
100 3 4
214843.75
214843.75
100 3 4
234375.0
214843.75
100 3 4
214843.75
214843.75
100 3 4
273437.5
214843.75
100 3 3
253906.25
253906.25
100 3 4
273437.5
214843.75
100 3 4
292968.75
234375.0
100 3 4
253906.25
234375.0
100 3 4
292968.75
253906.25
100 3 4
273437.5
214843.75
100 3 4
253906.25
253906.25
100 3 4
253906.25
234375.0
100 3 4
253906.25
214843.75
100 3 4
253906.25
234375.0
100 3 4
273437.5
234375.0
100 3 4
253906.25
214843.75
100 3 4
253906.25
234375.0
100 3 5
273437.5
214843.75
100 3 4
253906.25
253906.25
100 3 5
234375.0
214843.75
100 3 4
234375.0
214843.75
100 3 4
253906.25
234375.0
100 3 4
273437.5
214843.75
100 3 4
273437.5
224609.375
100 3 4
312500.0
195312.5
177 3 5
468750.0
546875.0
177 3 6
507812.5
546875.0
177 3 5
546875.0
546875.0
177 3 5
507812.5
507812.5
177 3 5
546875.0
507812.5
177 3 5
468750.0
585937.5
177 3 6
585937.5
507812.5
177 3 5
546875.0
546875.0
177 3 5
507812.5
507812.5
177 3 5
507812.5
585937.5
177 3 5
585937.5
507812.5
177 3 5
585937.5
546875.0
177 3 5
585937.5
625000.0
177 3 5
585937.5
546875.0
177 3 6
585937.5
546875.0
177 3 5
546875.0
585937.5
177 3 5
585937.5
546875.0
177 3 4
546875.0
585937.5
177 3 6
585937.5
546875.0
177 3 5
625000.0
546875.0
177 3 5
507812.5
546875.0
177 3 5
664062.5
546875.0
177 3 6
585937.5
585937.5
177 3 5
781250.0
546875.0
177 3 4
585937.5
585937.5
177 3 5
585937.5
585937.5
177 3 5
625000.0
625000.0
177 3 5
781250.0
664062.5
177 3 4
742187.5
585937.5
177 3 6
507812.5
625000.0
177 3 6
468750.0
625000.0
177 3 5
429687.5
546875.0
316 3 6
1171875.0
1718750.0
316 3 6
1328125.0
1718750.0
316 3 6
1171875.0
1718750.0
316 3 7
1093750.0
1406250.0
316 3 6
1328125.0
1406250.0
316 3 6
1093750.0
1562500.0
316 3 6
1171875.0
1406250.0
316 3 5
1171875.0
1406250.0
316 3 6
1093750.0
1406250.0
316 3 6
1406250.0
1484375.0
316 3 6
1093750.0
1484375.0
316 3 6
1171875.0
1796875.0
316 3 6
1171875.0
1562500.0
316 3 6
1171875.0
1953125.0
316 3 6
1171875.0
1484375.0
316 3 6
1250000.0
1562500.0
316 3 5
1406250.0
1640625.0
316 3 6
1562500.0
1796875.0
316 3 6
1484375.0
1875000.0
316 3 6
1171875.0
1562500.0
316 3 6
1171875.0
1484375.0
316 3 6
1250000.0
1953125.0
316 3 6
1328125.0
1484375.0
316 3 6
1250000.0
1406250.0
316 3 7
937500.0
1406250.0
316 3 6
1093750.0
1718750.0
316 3 6
1015625.0
1640625.0
316 3 6
1640625.0
2109375.0
316 3 6
1093750.0
1484375.0
316 3 6
1171875.0
1406250.0
316 3 7
937500.0
1640625.0
316 3 6
1328125.0
2187500.0
562 3 7
2500000.0
4687500.0
562 3 8
3437500.0
5000000.0
562 3 8
2187500.0
4062500.0
562 3 7
2656250.0
3437500.0
562 3 7
2343750.0
4062500.0
562 3 7
2656250.0
3750000.0
562 3 7
2656250.0
3750000.0
562 3 8
2187500.0
3437500.0
562 3 8
2187500.0
4062500.0
562 3 8
2031250.0
3750000.0
562 3 9
3125000.0
3750000.0
562 3 7
3437500.0
3750000.0
562 3 8
2343750.0
3750000.0
562 3 7
2812500.0
4062500.0
562 3 7
2500000.0
3750000.0
562 3 6
3125000.0
3750000.0
562 3 7
2187500.0
4375000.0
562 3 7
3437500.0
6875000.0
562 3 7
2500000.0
3437500.0
562 3 7
2968750.0
4687500.0
562 3 8
2968750.0
3437500.0
562 3 8
2812500.0
4062500.0
562 3 9
2187500.0
4062500.0
562 3 7
2656250.0
5312500.0
562 3 7
2187500.0
4375000.0
562 3 8
3125000.0
5000000.0
562 3 7
2656250.0
5000000.0
562 3 8
2187500.0
4062500.0
562 3 7
3281250.0
4687500.0
562 3 8
3125000.0
3750000.0
562 3 7
3281250.0
4687500.0
562 3 7
2500000.0
4062500.0
1000 3 9
4687500.0
1.375E7
1000 3 9
6875000.0
1.3125E7
1000 3 8
5625000.0
1.375E7
1000 3 9
4062500.0
1.125E7
1000 3 9
6875000.0
1.375E7
1000 3 9
5000000.0
1.1875E7
1000 3 8
6875000.0
1.625E7
1000 3 8
5000000.0
1.125E7
1000 3 9
4062500.0
1.0625E7
1000 3 9
6250000.0
1.5E7
1000 3 8
6875000.0
1.875E7
1000 3 9
4687500.0
1.0625E7
1000 3 8
4687500.0
1.3125E7
1000 3 9
5000000.0
1.0625E7
1000 3 9
5937500.0
1.125E7
1000 3 11
6250000.0
1.375E7
1000 3 9
5625000.0
1.1875E7
1000 3 10
6875000.0
1.0E7
1000 3 9
5625000.0
1.25E7
1000 3 8
5625000.0
1.125E7
1000 3 9
5312500.0
1.0E7
1000 3 10
5312500.0
9375000.0
1000 3 9
5000000.0
1.25E7
1000 3 8
5937500.0
1.3125E7
1000 3 9
5312500.0
1.1875E7
1000 3 9
5312500.0
1.0625E7
1000 3 9
5937500.0
1.0625E7
1000 3 9
5312500.0
1.25E7
1778 3 10
1.75E7
3.25E7
1778 3 11
1.75E7
3.25E7
1000 3 8
6875000.0
1.0625E7
1000 3 9
6875000.0
1.0E7
1000 3 9
8750000.0
1.25E7
1000 3 8
5000000.0
7500000.0
1778 3 11
1.0E7
3.25E7
1778 3 11
1.0E7
3.25E7
1778 3 11
1.0625E7
6.5E7
1778 3 11
8750000.0
3.0E7
1778 3 10
1.0625E7
3.25E7
1778 3 11
7500000.0
2.75E7
1778 3 11
9375000.0
3.0E7
1778 3 12
9375000.0
5.0E7
1778 3 10
8750000.0
3.0E7
1778 3 10
1.0E7
3.0E7
1778 3 11
1.0625E7
4.75E7
1778 3 10
8750000.0
2.875E7
1778 3 11
9375000.0
3.0E7
1778 3 11
1.0625E7
2.75E7
1778 3 11
1.0625E7
3.25E7
1778 3 11
7500000.0
3.0E7
3162 3 13
4.0E7
1.2E8
1778 3 11
8125000.0
3.25E7
3162 3 13
2.0E7
1.1E8
1778 3 12
2.125E7
3.5E7
1778 3 10
1.75E7
4.0E7
1778 3 10
2.0E7
3.5E7
1778 3 11
8125000.0
3.0E7
1778 3 11
1.0625E7
2.75E7
1778 3 11
1.1875E7
2.75E7
1778 3 10
1.0E7
3.0E7
1778 3 10
1.4375E7
3.0E7
1778 3 10
1.0E7
3.0E7
3162 3 12
2.25E7
1.1E8
1778 3 11
1.0625E7
2.875E7
1778 3 11
1.25E7
3.75E7
1778 3 11
1.0E7
3.0E7
1778 3 11
8750000.0
2.875E7
3162 3 12
2.75E7
1.2E8
3162 3 14
1.875E7
1.1E8
3162 3 12
1.75E7
5.5E7
3162 3 13
2.375E7
1.6E8
3162 3 13
1.875E7
8.0E7
3162 3 12
2.25E7
1.1E8
3162 3 13
2.0E7
5.5E7
3162 3 13
2.25E7
6.5E7
3162 3 13
1.875E7
6.5E7
3162 3 13
1.875E7
6.0E7
3162 3 13
1.875E7
1.2E8
3162 3 11
2.0E7
1.7E8
3162 3 13
1.875E7
7.5E7
3162 3 14
1.875E7
7.5E7
3162 3 13
2.125E7
9.5E7
3162 3 14
2.75E7
1.2E8
3162 3 12
3.0E7
1.4E8
3162 3 13
2.375E7
1.2E8
3162 3 13
2.375E7
1.3E8
3162 3 13
2.25E7
1.1E8
3162 3 13
2.25E7
1.3E8
3162 3 12
2.75E7
1.5E8
3162 3 12
2.375E7
1.1E8
3162 3 14
2.5E7
1.1E8
3162 3 13
1.75E7
1.1E8
3162 3 12
1.875E7
7.5E7
3162 3 12
2.125E7
1.5E8
3162 3 13
1.75E7
7.5E7
3162 3 12
1.75E7
1.2E8
5623 3 15
6.0E7
3.3E8
5623 3 16
3.5E7
3.0E8
5623 3 15
5.5E7
4.1E8
5623 3 14
3.25E7
3.0E8
5623 3 14
3.5E7
3.1E8
5623 3 14
3.25E7
2.9E8
5623 3 15
4.0E7
3.5E8
5623 3 15
4.0E7
2.8E8
5623 3 14
4.0E7
3.3E8
5623 3 14
4.5E7
3.4E8
5623 3 14
4.0E7
3.9E8
5623 3 14
4.25E7
3.5E8
5623 3 15
4.25E7
4.4E8
5623 3 14
4.0E7
3.3E8
5623 3 15
5.75E7
3.4E8
5623 3 14
4.5E7
2.8E8
5623 3 14
5.5E7
4.4E8
5623 3 15
4.5E7
3.3E8
5623 3 15
3.75E7
3.5E8
5623 3 14
3.75E7
3.4E8
5623 3 14
6.0E7
3.4E8
5623 3 15
4.25E7
3.5E8
5623 3 15
6.25E7
4.5E8
5623 3 15
7.0E7
4.7E8
5623 3 16
3.5E7
3.0E8
5623 3 15
6.25E7
4.3E8
5623 3 15
4.5E7
3.0E8
5623 3 15
3.5E7
3.3E8
5623 3 14
4.75E7
3.0E8
5623 3 15
4.75E7
2.9E8
5623 3 14
3.25E7
3.3E8
5623 3 16
4.75E7
3.5E8
10000 3 16
1.1E8
9.4E8
10000 3 16
1.1E8
8.4E8
10000 3 16
8.5E7
9.3E8
10000 3 16
8.5E7
8.8E8
10000 3 16
9.0E7
1.01E9
10000 3 16
8.0E7
9.4E8
10000 3 16
8.0E7
7.9E8
10000 3 16
8.5E7
1.06E9
10000 3 16
7.5E7
9.4E8
10000 3 16
1.3E8
9.8E8
10000 3 16
1.1E8
1.36E9
10000 3 16
1.1E8
1.27E9
10000 3 16
1.2E8
1.02E9
10000 3 16
8.0E7
9.4E8
10000 3 16
7.5E7
1.04E9
10000 3 16
8.0E7
9.8E8
10000 3 16
9.5E7
9.3E8
10000 3 16
9.5E7
1.08E9
10000 3 16
9.0E7
9.5E8
10000 3 16
9.0E7
1.03E9
10000 3 16
9.5E7
8.7E8
10000 3 16
1.3E8
1.46E9
10000 3 16
7.5E7
9.5E8
10000 3 16
7.0E7
9.7E8
10000 3 16
8.0E7
9.2E8
10000 3 16
8.5E7
9.3E8
10000 3 16
1.2E8
1.32E9
10000 3 16
1.1E8
1.29E9
10000 3 16
9.5E7
9.4E8
10000 3 16
1.2E8
1.29E9
10000 3 16
9.5E7
1.13E9
10000 3 16
9.0E7
1.13E9
17782 3 16
1.5E8
2.3E9
17782 3 16
1.6E8
3.02E9
17782 3 16
1.6E8
2.91E9
17782 3 16
1.6E8
2.96E9
17782 3 16
1.9E8
3.27E9
17782 3 16
1.9E8
2.99E9
17782 3 16
2.4E8
3.06E9
17782 3 16
1.7E8
3.26E9
17782 3 16
1.9E8
3.14E9
17782 3 16
2.0E8
3.16E9
17782 3 16
2.0E8
3.5E9
17782 3 16
1.9E8
3.19E9
17782 3 16
1.9E8
3.19E9
17782 3 16
1.8E8
3.23E9
17782 3 16
1.8E8
2.86E9
17782 3 16
1.7E8
3.48E9
17782 3 16
1.9E8
3.4E9
17782 3 16
2.0E8
3.42E9
17782 3 16
1.5E8
3.3E9
17782 3 16
1.8E8
3.54E9
17782 3 16
1.7E8
3.37E9
17782 3 16
2.0E8
3.53E9
17782 3 16
2.0E8
3.79E9
17782 3 16
1.7E8
3.54E9
17782 3 16
1.8E8
4.03E9
17782 3 16
2.2E8
3.95E9
17782 3 16
1.7E8
4.17E9
17782 3 16
2.2E8
4.52E9
17782 3 16
2.5E8
4.44E9
17782 3 16
2.9E8
4.23E9
17782 3 16
3.4E8
4.45E9
17782 3 16
2.8E8
4.49E9
31622 3 16
3.2E8
8.6E9
31622 3 16
3.7E8
1.088E10
31622 3 16
3.7E8
1.065E10
31622 3 16
5.3E8
9.97E9
31622 3 16
3.9E8
1.106E10
31622 3 16
3.4E8
1.113E10
31622 3 16
3.7E8
1.213E10
31622 3 16
3.3E8
1.155E10
31622 3 16
3.3E8
1.098E10
31622 3 16
4.0E8
1.144E10
31622 3 16
3.1E8
1.151E10
31622 3 16
4.2E8
1.162E10
31622 3 16
3.4E8
1.217E10
31622 3 16
3.7E8
1.192E10
31622 3 16
4.1E8
1.239E10
31622 3 16
3.8E8
1.274E10
31622 3 16
4.0E8
1.254E10
31622 3 16
4.6E8
1.213E10
31622 3 16
4.2E8
1.246E10
31622 3 16
3.8E8
1.363E10
31622 3 16
3.6E8
1.296E10
31622 3 16
3.9E8
1.442E10
31622 3 16
2.7E8
1.273E10
31622 3 16
3.8E8
1.315E10
31622 3 16
5.0E8
1.373E10
31622 3 16
3.7E8
1.524E10
31622 3 16
4.5E8
1.433E10
31622 3 16
3.4E8
1.631E10
31622 3 16
4.4E8
1.553E10
31622 3 16
3.3E8
1.636E10
31622 3 16
4.7E8
1.642E10
31622 3 16
6.0E8
1.527E10
56234 3 16
6.7E8
4.272E10
56234 3 16
6.6E8
4.853E10
56234 3 16
8.0E8
4.76E10
56234 3 16
6.3E8
5.218E10
56234 3 16
8.8E8
4.944E10
56234 3 16
6.4E8
5.286E10
56234 3 16
7.3E8
5.338E10
56234 3 16
8.8E8
5.161E10
56234 3 16
1.07E9
5.132E10
56234 3 16
7.8E8
5.225E10
56234 3 16
7.8E8
5.518E10
56234 3 16
6.3E8
5.651E10
56234 3 16
6.9E8
5.522E10
56234 3 16
8.0E8
5.509E10
56234 3 16
9.0E8
5.585E10
56234 3 16
7.0E8
5.423E10
56234 3 16
8.0E8
5.638E10
56234 3 16
5.3E8
5.734E10
56234 3 16
1.14E9
5.24E10
56234 3 16
7.2E8
5.345E10
56234 3 16
6.7E8
5.659E10
56234 3 16
8.6E8
5.643E10
56234 3 16
9.4E8
5.409E10
56234 3 16
8.5E8
5.804E10
56234 3 16
6.2E8
5.534E10
56234 3 16
8.5E8
5.589E10
56234 3 16
7.3E8
6.002E10
56234 3 16
8.5E8
5.566E10
56234 3 16
8.0E8
6.151E10
56234 3 16
7.8E8
6.268E10
56234 3 16
8.2E8
6.408E10
56234 3 16
1.22E9
6.314E10
100000 3 16
1.18E9
1.6164E11
100000 3 16
1.39E9
1.6391E11
100000 3 16
1.35E9
1.7199E11
100000 3 16
1.46E9
1.7703E11
100000 3 16
1.36E9
1.8045E11
100000 3 16
1.36E9
1.8627E11
100000 3 16
1.67E9
1.8525E11
100000 3 16
1.51E9
1.929E11
100000 3 16
1.26E9
1.953E11
100000 3 16
1.63E9
1.9631E11
100000 3 16
1.36E9
1.874E11
100000 3 16
1.31E9
1.9807E11
100000 3 16
1.66E9
1.9756E11
100000 3 16
1.72E9
1.976E11
100000 3 16
1.43E9
1.9031E11
100000 3 16
1.95E9
1.9421E11
100000 3 16
1.49E9
1.9247E11
100000 3 16
1.37E9
1.8878E11
100000 3 16
1.4E9
1.9733E11
100000 3 16
1.81E9
1.9475E11
100000 3 16
1.61E9
1.9721E11
100000 3 16
1.61E9
1.9684E11
100000 3 16
1.49E9
1.9805E11
100000 3 16
1.79E9
2.0079E11
100000 3 16
1.61E9
2.0119E11
100000 3 16
1.85E9
1.9954E11
100000 3 16
1.5E9
1.981E11
100000 3 16
1.52E9
2.0141E11
100000 3 16
1.48E9
2.0508E11
100000 3 16
1.7E9
1.9967E11
100000 3 16
1.64E9
1.9255E11
100000 3 16
1.56E9
2.0126E11
