100 6 2
507812.5
468750.0
100 6 2
507812.5
429687.5
100 6 2
546875.0
429687.5
100 6 2
546875.0
429687.5
100 6 2
546875.0
429687.5
100 6 2
546875.0
429687.5
100 6 1
546875.0
429687.5
100 6 1
507812.5
468750.0
100 6 2
546875.0
429687.5
100 6 1
585937.5
429687.5
100 6 2
546875.0
429687.5
100 6 2
507812.5
332031.25
100 6 2
468750.0
390625.0
100 6 2
546875.0
390625.0
100 6 2
546875.0
390625.0
100 6 1
546875.0
410156.25
100 6 1
546875.0
390625.0
100 6 1
546875.0
390625.0
100 6 2
546875.0
371093.75
100 6 1
546875.0
390625.0
100 6 1
546875.0
390625.0
100 6 2
546875.0
390625.0
100 6 2
546875.0
390625.0
100 6 2
546875.0
292968.75
100 6 2
585937.5
371093.75
100 6 1
546875.0
390625.0
100 6 2
546875.0
390625.0
100 6 1
546875.0
371093.75
100 6 2
546875.0
390625.0
100 6 2
585937.5
371093.75
100 6 2
585937.5
390625.0
177 6 2
1328125.0
1015625.0
177 6 2
1328125.0
1015625.0
100 6 2
546875.0
390625.0
177 6 2
1406250.0
1015625.0
177 6 2
1328125.0
1093750.0
177 6 2
1406250.0
1015625.0
177 6 2
1406250.0
1015625.0
177 6 2
1406250.0
1015625.0
177 6 2
1250000.0
1171875.0
177 6 2
1406250.0
1171875.0
177 6 2
1484375.0
1093750.0
177 6 2
1328125.0
1015625.0
177 6 2
1406250.0
1093750.0
177 6 2
1328125.0
1171875.0
177 6 1
1328125.0
1171875.0
177 6 1
1406250.0
1171875.0
177 6 2
1328125.0
1093750.0
177 6 2
1406250.0
1093750.0
177 6 2
1406250.0
1171875.0
177 6 2
1328125.0
1171875.0
177 6 2
1250000.0
1171875.0
177 6 2
1328125.0
1093750.0
177 6 2
1406250.0
1093750.0
177 6 2
1484375.0
1015625.0
177 6 2
1406250.0
1015625.0
177 6 2
1250000.0
1015625.0
177 6 2
1406250.0
1093750.0
177 6 2
1406250.0
1171875.0
177 6 2
1562500.0
1093750.0
177 6 2
1406250.0
1093750.0
177 6 2
1406250.0
1015625.0
316 6 2
3437500.0
3437500.0
177 6 2
1484375.0
1171875.0
177 6 2
1406250.0
1171875.0
316 6 2
3750000.0
3125000.0
316 6 2
3593750.0
3437500.0
316 6 2
3437500.0
3281250.0
316 6 2
3437500.0
3437500.0
316 6 2
3437500.0
3437500.0
316 6 2
3437500.0
3125000.0
316 6 2
3437500.0
3437500.0
316 6 2
3437500.0
3125000.0
316 6 2
3437500.0
3437500.0
316 6 2
3437500.0
3281250.0
316 6 2
3750000.0
3750000.0
316 6 2
3437500.0
3281250.0
316 6 2
3437500.0
3593750.0
316 6 2
3750000.0
3750000.0
316 6 2
3437500.0
3750000.0
316 6 2
3750000.0
3281250.0
316 6 2
3750000.0
2968750.0
316 6 2
3437500.0
3281250.0
316 6 2
3593750.0
3437500.0
316 6 2
3437500.0
3437500.0
316 6 2
4062500.0
3437500.0
316 6 2
3437500.0
2968750.0
316 6 2
3437500.0
2968750.0
316 6 2
3750000.0
2812500.0
316 6 2
3437500.0
2968750.0
316 6 2
3437500.0
3125000.0
316 6 2
3437500.0
2968750.0
316 6 2
3437500.0
3125000.0
316 6 2
3750000.0
3437500.0
316 6 2
3750000.0
3125000.0
562 6 2
8125000.0
1.375E7
562 6 2
8750000.0
1.375E7
316 6 2
3593750.0
3125000.0
562 6 2
8750000.0
1.375E7
562 6 2
8750000.0
1.375E7
562 6 2
8125000.0
1.0625E7
562 6 2
8125000.0
1.0E7
562 6 2
8750000.0
8750000.0
562 6 2
8750000.0
1.0E7
562 6 2
8750000.0
1.0E7
562 6 2
8750000.0
1.125E7
562 6 2
8750000.0
1.0625E7
562 6 2
8750000.0
9375000.0
562 6 2
8750000.0
9375000.0
562 6 2
8750000.0
9375000.0
562 6 2
9375000.0
8750000.0
562 6 2
1.0E7
1.0625E7
562 6 2
1.0E7
9375000.0
562 6 2
8750000.0
8125000.0
562 6 2
1.0625E7
8750000.0
562 6 2
8750000.0
8750000.0
562 6 2
8750000.0
8750000.0
562 6 2
9375000.0
9375000.0
562 6 2
8750000.0
8750000.0
562 6 2
8750000.0
8750000.0
562 6 2
9375000.0
8750000.0
562 6 2
8750000.0
8750000.0
562 6 2
8750000.0
8750000.0
562 6 2
9375000.0
9375000.0
562 6 2
8750000.0
8750000.0
562 6 2
9375000.0
8125000.0
562 6 2
9375000.0
8750000.0
1000 6 2
2.125E7
2.75E7
562 6 2
9375000.0
1.0E7
1000 6 2
2.0E7
2.75E7
1000 6 2
2.0E7
2.75E7
1000 6 2
2.125E7
3.0E7
1000 6 2
2.125E7
3.5E7
1000 6 2
2.25E7
3.0E7
1000 6 2
2.0E7
4.5E7
1000 6 3
2.125E7
2.5E7
1000 6 2
2.125E7
3.0E7
1000 6 2
2.0E7
2.75E7
1000 6 2
2.0E7
2.375E7
1000 6 2
2.0E7
2.75E7
1000 6 2
2.125E7
4.0E7
1000 6 2
2.0E7
2.875E7
1000 6 2
2.125E7
3.75E7
1000 6 2
2.125E7
3.75E7
1000 6 2
2.125E7
3.0E7
1000 6 2
2.625E7
3.0E7
1000 6 2
2.375E7
2.75E7
1000 6 2
2.75E7
2.75E7
1000 6 2
2.125E7
2.375E7
1000 6 3
2.0E7
2.75E7
1000 6 2
2.125E7
2.5E7
1000 6 2
2.75E7
3.0E7
1000 6 2
2.0E7
2.625E7
1000 6 2
2.25E7
3.25E7
1000 6 2
2.125E7
2.75E7
1778 6 2
6.5E7
8.5E7
1000 6 2
2.125E7
2.625E7
1778 6 2
7.0E7
8.0E7
1000 6 2
2.25E7
2.625E7
1778 6 2
5.5E7
1.2E8
1778 6 2
5.5E7
1.2E8
1778 6 2
5.5E7
1.2E8
1000 6 2
2.5E7
2.625E7
1778 6 2
6.0E7
9.5E7
1000 6 3
2.25E7
2.75E7
1778 6 2
5.5E7
9.0E7
1778 6 3
5.5E7
8.0E7
1778 6 2
5.25E7
8.5E7
1000 6 2
2.125E7
2.625E7
1778 6 3
5.5E7
7.5E7
1778 6 2
5.5E7
8.0E7
1778 6 3
5.0E7
7.5E7
1778 6 2
5.0E7
7.0E7
1778 6 3
5.0E7
7.5E7
1778 6 2
6.0E7
7.5E7
1778 6 3
5.5E7
7.0E7
1778 6 2
5.25E7
1.1E8
1778 6 2
5.0E7
9.5E7
1778 6 3
5.0E7
9.0E7
1778 6 2
5.0E7
9.0E7
1778 6 2
5.75E7
8.5E7
1778 6 2
5.5E7
2.1E8
1778 6 3
5.25E7
7.5E7
1778 6 2
5.25E7
1.1E8
1778 6 3
5.5E7
1.45E8
1778 6 3
5.5E7
1.1E8
1778 6 3
6.5E7
2.3E8
1778 6 2
5.0E7
7.5E7
1778 6 3
5.25E7
9.0E7
1778 6 2
5.5E7
1.2E8
1778 6 2
5.0E7
7.0E7
3162 6 3
1.2E8
3.1E8
3162 6 3
1.2E8
2.5E8
1778 6 2
5.0E7
7.5E7
3162 6 3
1.1E8
3.4E8
3162 6 2
1.2E8
3.1E8
3162 6 3
1.2E8
2.6E8
3162 6 3
1.3E8
3.5E8
3162 6 3
1.2E8
2.5E8
3162 6 3
1.3E8
2.9E8
3162 6 3
1.3E8
3.4E8
3162 6 3
1.1E8
4.8E8
3162 6 3
1.2E8
2.7E8
3162 6 3
1.3E8
3.1E8
3162 6 3
1.2E8
5.2E8
3162 6 3
1.3E8
5.1E8
3162 6 3
1.4E8
4.8E8
3162 6 3
1.2E8
3.1E8
3162 6 3
1.3E8
3.0E8
3162 6 3
1.3E8
2.6E8
3162 6 3
1.3E8
2.9E8
3162 6 3
1.9E8
4.4E8
3162 6 2
1.3E8
2.9E8
3162 6 3
1.3E8
2.5E8
3162 6 3
1.3E8
2.3E8
3162 6 2
1.6E8
2.7E8
3162 6 3
1.2E8
2.3E8
3162 6 3
1.2E8
2.6E8
3162 6 3
1.3E8
2.4E8
3162 6 2
1.6E8
2.7E8
3162 6 3
1.3E8
2.4E8
3162 6 2
1.5E8
2.4E8
3162 6 3
1.2E8
2.3E8
3162 6 3
1.1E8
2.5E8
5623 6 3
2.8E8
8.3E8
5623 6 3
2.6E8
8.4E8
5623 6 3
2.7E8
9.0E8
5623 6 3
2.7E8
8.6E8
5623 6 3
2.7E8
9.5E8
5623 6 3
2.7E8
1.05E9
5623 6 3
2.7E8
8.6E8
5623 6 3
2.6E8
1.06E9
5623 6 3
2.7E8
8.5E8
5623 6 3
2.8E8
1.0E9
5623 6 3
2.7E8
9.3E8
5623 6 3
2.7E8
1.04E9
5623 6 3
2.9E8
8.0E8
5623 6 3
2.6E8
1.06E9
5623 6 3
2.8E8
1.02E9
5623 6 3
2.9E8
8.3E8
5623 6 3
2.8E8
1.21E9
5623 6 3
2.8E8
1.02E9
5623 6 3
2.9E8
1.1E9
5623 6 3
2.7E8
1.07E9
5623 6 3
2.8E8
1.31E9
5623 6 3
2.8E8
1.39E9
5623 6 3
3.1E8
1.0E9
5623 6 3
2.8E8
1.08E9
5623 6 3
3.3E8
1.08E9
5623 6 3
3.6E8
1.17E9
5623 6 3
3.1E8
1.04E9
5623 6 3
3.0E8
1.41E9
5623 6 3
3.0E8
1.36E9
5623 6 3
3.0E8
1.22E9
5623 6 3
3.2E8
1.18E9
5623 6 3
3.1E8
1.41E9
10000 6 3
6.2E8
3.14E9
10000 6 3
6.3E8
2.9E9
10000 6 3
7.2E8
3.08E9
10000 6 3
6.3E8
2.99E9
10000 6 3
6.2E8
3.16E9
10000 6 3
6.0E8
2.97E9
10000 6 3
6.0E8
3.02E9
10000 6 3
6.1E8
3.07E9
10000 6 3
7.2E8
2.69E9
10000 6 3
6.4E8
3.06E9
10000 6 3
6.3E8
3.18E9
10000 6 3
6.2E8
3.5E9
10000 6 3
6.1E8
3.49E9
10000 6 3
6.4E8
3.07E9
10000 6 3
6.5E8
3.29E9
10000 6 3
6.1E8
3.32E9
10000 6 3
7.3E8
3.95E9
10000 6 3
6.7E8
3.33E9
10000 6 3
6.6E8
3.68E9
10000 6 3
6.2E8
3.93E9
10000 6 4
6.7E8
3.24E9
10000 6 3
6.5E8
4.08E9
10000 6 3
6.4E8
3.53E9
10000 6 3
6.3E8
3.89E9
10000 6 3
6.3E8
3.79E9
10000 6 3
6.1E8
3.93E9
10000 6 3
6.4E8
4.45E9
10000 6 3
7.0E8
4.11E9
10000 6 4
6.7E8
4.18E9
10000 6 3
6.6E8
4.29E9
10000 6 3
7.4E8
4.47E9
10000 6 3
9.5E8
4.23E9
17782 6 3
1.39E9
1.038E10
17782 6 4
1.39E9
9.54E9
17782 6 4
1.59E9
9.68E9
17782 6 4
1.51E9
1.004E10
17782 6 3
1.4E9
9.96E9
17782 6 4
1.49E9
1.085E10
17782 6 3
1.49E9
1.041E10
17782 6 3
1.46E9
1.129E10
17782 6 3
1.38E9
1.047E10
17782 6 3
1.37E9
1.154E10
17782 6 3
1.41E9
1.007E10
17782 6 4
1.48E9
1.123E10
17782 6 3
1.64E9
1.156E10
17782 6 4
1.41E9
1.2E10
17782 6 4
1.47E9
1.143E10
17782 6 3
1.67E9
1.147E10
17782 6 4
1.43E9
1.113E10
17782 6 3
1.42E9
1.157E10
17782 6 3
1.45E9
1.213E10
17782 6 3
1.56E9
1.315E10
17782 6 3
1.46E9
1.3E10
17782 6 4
1.52E9
1.294E10
17782 6 3
1.5E9
1.208E10
17782 6 3
1.59E9
1.296E10
17782 6 4
1.7E9
1.215E10
17782 6 3
1.8E9
1.253E10
17782 6 3
1.66E9
1.311E10
17782 6 3
2.1E9
1.309E10
17782 6 3
1.85E9
1.326E10
17782 6 3
1.74E9
1.345E10
17782 6 4
1.59E9
1.537E10
17782 6 4
1.81E9
1.564E10
31622 6 4
3.28E9
2.857E10
31622 6 4
3.46E9
2.948E10
31622 6 4
3.42E9
3.699E10
31622 6 4
3.42E9
3.493E10
31622 6 4
3.29E9
3.752E10
31622 6 4
3.19E9
3.491E10
31622 6 4
3.33E9
3.779E10
31622 6 4
3.31E9
3.682E10
31622 6 4
3.42E9
4.055E10
31622 6 4
3.58E9
4.034E10
31622 6 4
3.28E9
4.0E10
31622 6 4
3.74E9
4.021E10
31622 6 4
3.53E9
4.373E10
31622 6 4
3.54E9
4.404E10
31622 6 4
3.23E9
4.369E10
31622 6 4
3.76E9
4.22E10
31622 6 4
3.46E9
4.163E10
31622 6 4
3.32E9
4.492E10
31622 6 4
3.89E9
4.015E10
31622 6 4
3.18E9
4.481E10
31622 6 4
3.46E9
4.546E10
31622 6 3
3.5E9
4.692E10
31622 6 4
3.2E9
4.763E10
31622 6 4
3.61E9
4.476E10
31622 6 4
3.28E9
4.725E10
31622 6 4
3.65E9
4.741E10
31622 6 4
4.38E9
4.321E10
31622 6 4
3.35E9
4.589E10
31622 6 4
3.18E9
5.033E10
31622 6 3
3.95E9
4.49E10
31622 6 4
3.47E9
5.154E10
31622 6 4
3.77E9
5.358E10
56234 6 4
7.55E9
1.241E11
56234 6 4
7.38E9
1.3268E11
56234 6 4
7.08E9
1.2882E11
56234 6 4
7.66E9
1.3269E11
56234 6 4
8.11E9
1.3573E11
56234 6 4
7.41E9
1.3867E11
56234 6 4
7.47E9
1.3974E11
56234 6 4
7.13E9
1.3882E11
56234 6 4
7.51E9
1.4025E11
56234 6 4
7.29E9
1.4343E11
56234 6 4
7.58E9
1.433E11
56234 6 4
7.4E9
1.4578E11
56234 6 4
7.69E9
1.4386E11
56234 6 4
7.39E9
1.4327E11
56234 6 4
7.35E9
1.4609E11
56234 6 4
7.45E9
1.4531E11
56234 6 4
7.43E9
1.5486E11
56234 6 4
7.63E9
1.5159E11
56234 6 4
7.38E9
1.5275E11
56234 6 4
7.03E9
1.5567E11
56234 6 4
7.06E9
1.5466E11
56234 6 4
7.56E9
1.4793E11
56234 6 4
7.31E9
1.5839E11
56234 6 4
8.08E9
1.6401E11
56234 6 4
7.32E9
1.6258E11
56234 6 4
8.08E9
1.7091E11
56234 6 4
9.46E9
1.677E11
56234 6 4
8.14E9
1.7617E11
56234 6 4
9.94E9
1.68E11
56234 6 4
8.95E9
1.7679E11
56234 6 4
9.19E9
1.8189E11
56234 6 4
8.72E9
1.7777E11
100000 6 5
1.571E10
3.7744E11
100000 6 5
1.55E10
3.9189E11
100000 6 4
1.612E10
4.0531E11
100000 6 4
1.675E10
3.9855E11
100000 6 4
1.676E10
3.9864E11
100000 6 5
1.611E10
4.251E11
100000 6 4
1.512E10
4.2884E11
100000 6 4
1.658E10
4.1841E11
100000 6 4
1.647E10
4.3683E11
100000 6 4
1.626E10
4.2718E11
100000 6 4
1.616E10
4.2909E11
100000 6 4
1.66E10
4.5191E11
100000 6 4
1.559E10
4.7173E11
100000 6 4
1.521E10
4.2075E11
100000 6 4
1.697E10
4.5292E11
100000 6 5
1.641E10
4.5178E11
100000 6 4
1.517E10
4.2241E11
100000 6 5
1.6E10
4.4419E11
100000 6 4
1.633E10
4.4248E11
100000 6 4
1.704E10
4.4853E11
100000 6 4
1.622E10
4.5E11
100000 6 4
1.555E10
4.3178E11
100000 6 4
1.676E10
4.6836E11
100000 6 4
1.659E10
4.7777E11
100000 6 5
1.651E10
4.7093E11
100000 6 4
1.595E10
4.4515E11
100000 6 4
1.65E10
4.653E11
100000 6 4
1.637E10
4.3918E11
100000 6 4
1.589E10
4.3739E11
100000 6 4
1.784E10
4.5252E11
100000 6 5
1.638E10
4.6407E11
100000 6 4
1.69E10
4.8083E11
