100 3 3
292968.75
214843.75
100 3 3
234375.0
859375.0
100 3 3
273437.5
507812.5
100 3 3
292968.75
507812.5
100 3 3
292968.75
234375.0
100 3 3
234375.0
253906.25
100 3 3
273437.5
253906.25
100 3 3
273437.5
214843.75
100 3 3
312500.0
625000.0
100 3 3
273437.5
312500.0
100 3 3
253906.25
234375.0
100 3 3
292968.75
273437.5
100 3 3
351562.5
312500.0
100 3 3
273437.5
742187.5
100 3 3
253906.25
312500.0
100 3 3
273437.5
273437.5
100 3 3
273437.5
292968.75
100 3 3
253906.25
273437.5
100 3 3
214843.75
1328125.0
100 3 3
292968.75
214843.75
100 3 3
234375.0
781250.0
100 3 3
234375.0
332031.25
100 3 3
273437.5
214843.75
100 3 3
234375.0
273437.5
100 3 3
253906.25
273437.5
100 3 3
253906.25
859375.0
100 3 3
214843.75
253906.25
100 3 3
273437.5
292968.75
100 3 3
253906.25
292968.75
100 3 3
253906.25
292968.75
100 3 3
234375.0
292968.75
100 3 3
273437.5
449218.75
177 3 3
937500.0
859375.0
177 3 3
937500.0
703125.0
177 3 3
1093750.0
585937.5
177 3 3
546875.0
703125.0
177 3 3
859375.0
664062.5
177 3 3
507812.5
625000.0
177 3 3
546875.0
625000.0
177 3 3
1015625.0
742187.5
177 3 3
546875.0
625000.0
177 3 3
937500.0
625000.0
177 3 3
937500.0
742187.5
177 3 3
585937.5
625000.0
177 3 3
859375.0
781250.0
177 3 3
859375.0
820312.5
177 3 3
1015625.0
781250.0
177 3 3
546875.0
625000.0
177 3 3
937500.0
859375.0
177 3 3
937500.0
820312.5
177 3 3
546875.0
625000.0
177 3 3
546875.0
859375.0
177 3 3
2343750.0
1328125.0
177 3 3
4375000.0
1328125.0
177 3 3
703125.0
664062.5
177 3 3
781250.0
781250.0
177 3 3
3593750.0
1445312.5
177 3 3
742187.5
820312.5
177 3 3
5625000.0
1445312.5
177 3 3
703125.0
820312.5
177 3 3
5625000.0
1484375.0
177 3 3
3906250.0
1445312.5
177 3 3
3750000.0
1445312.5
177 3 3
4062500.0
1523437.5
316 3 3
1171875.0
1875000.0
316 3 3
1015625.0
4062500.0
316 3 3
1406250.0
1718750.0
316 3 3
937500.0
3750000.0
316 3 3
1250000.0
1718750.0
316 3 3
1406250.0
2031250.0
316 3 3
1328125.0
2031250.0
316 3 3
1250000.0
2187500.0
316 3 3
1015625.0
2031250.0
316 3 3
1015625.0
2500000.0
316 3 3
1171875.0
2500000.0
316 3 3
1093750.0
2031250.0
316 3 3
1406250.0
2187500.0
316 3 3
1484375.0
2187500.0
316 3 3
1328125.0
2812500.0
316 3 3
937500.0
2500000.0
316 3 3
1484375.0
1875000.0
316 3 3
1640625.0
2031250.0
316 3 3
1484375.0
3593750.0
316 3 3
1328125.0
2187500.0
316 3 3
1718750.0
2031250.0
316 3 3
1953125.0
3437500.0
562 3 3
4687500.0
5937500.0
316 3 3
1953125.0
3750000.0
316 3 3
1250000.0
5625000.0
316 3 3
1328125.0
3203125.0
316 3 3
1718750.0
7812500.0
316 3 3
1718750.0
8125000.0
562 3 3
2187500.0
6875000.0
562 3 3
3750000.0
5937500.0
562 3 3
2187500.0
6562500.0
562 3 3
2187500.0
6875000.0
562 3 3
2343750.0
5937500.0
316 3 3
4218750.0
2812500.0
562 3 3
2500000.0
1.0E7
562 3 3
2343750.0
1.625E7
562 3 3
2187500.0
8437500.0
562 3 3
2187500.0
1.6E8
562 3 3
3750000.0
8750000.0
562 3 3
2656250.0
5937500.0
562 3 3
2812500.0
5937500.0
562 3 3
2031250.0
8125000.0
562 3 3
2343750.0
8125000.0
562 3 3
2343750.0
9375000.0
316 3 3
4375000.0
6093750.0
562 3 3
2187500.0
1.03125E7
562 3 3
3750000.0
1.0625E7
562 3 3
2187500.0
5625000.0
562 3 3
4062500.0
1.4375E7
562 3 3
2031250.0
1.09375E7
562 3 3
2812500.0
1.1875E7
562 3 3
2187500.0
5625000.0
562 3 3
2187500.0
5312500.0
316 3 3
4218750.0
7656250.0
562 3 3
3593750.0
8750000.0
562 3 3
3750000.0
6875000.0
316 3 3
4218750.0
7968750.0
316 3 3
4062500.0
8437500.0
562 3 3
4218750.0
6875000.0
562 3 3
1.5E7
1.90625E7
562 3 3
3437500.0
9062500.0
1000 3 3
7500000.0
1.75E7
1000 3 3
6875000.0
2.0E7
1000 3 3
7500000.0
2.125E7
1000 3 3
4062500.0
2.625E7
562 3 3
4375000.0
5625000.0
562 3 3
2031250.0
1.09375E7
1000 3 3
1.25E7
2.0E7
1000 3 3
5625000.0
3.75E7
1000 3 3
1.5625E7
2.25E7
1000 3 3
4687500.0
2.75E7
1000 3 3
9375000.0
1.625E7
1000 3 3
4687500.0
2.5E7
1000 3 3
6250000.0
1.875E7
1000 3 3
3.0E7
4.0E7
1000 3 3
5312500.0
2.75E7
1000 3 3
6875000.0
2.25E7
1000 3 3
5625000.0
2.0E7
1000 3 3
5937500.0
1.625E7
562 3 3
3125000.0
7812500.0
1000 3 3
5000000.0
1.625E7
1000 3 3
6250000.0
3.0E7
1000 3 3
1.75E7
3.0E7
1000 3 3
6875000.0
3.0E7
1000 3 3
5312500.0
2.625E7
1778 3 3
1.5E7
7.0E7
1778 3 3
1.75E7
6.5E7
1000 3 3
5000000.0
2.5E7
1000 3 3
5937500.0
3.125E7
1778 3 3
1.75E7
6.5E7
1778 3 3
5.0E7
6.0E7
1778 3 3
5.5E7
6.0E7
1778 3 3
1.375E7
7.0E7
1778 3 3
1.375E7
6.5E7
1778 3 3
8750000.0
1.05E8
1000 3 3
7812500.0
2.125E7
1000 3 3
1.375E7
2.75E7
1778 3 3
1.375E7
8.0E7
1778 3 3
2.625E7
7.0E7
1000 3 3
7500000.0
2.25E7
1000 3 3
8125000.0
2.5E7
1778 3 3
1.375E7
6.5E7
1778 3 3
1.625E7
1.1E8
1000 3 3
1.5E7
3.75E7
1000 3 3
1.53125E7
3.5E7
1778 3 3
1.5625E7
6.0E7
1778 3 3
1.3125E7
7.0E7
1778 3 3
1.625E7
1.1E8
1000 3 3
4687500.0
1.75E7
1778 3 3
1.375E7
8.0E7
1778 3 3
1.5E7
7.5E7
1778 3 3
1.1875E7
5.5E7
1000 3 3
5937500.0
2.375E7
1000 3 3
1.4375E7
4.5E7
1778 3 3
1.75E7
1.2E8
1778 3 3
1.875E7
1.1E8
1778 3 3
4.0E7
1.6E8
1778 3 3
1.0625E7
6.0E7
1778 3 3
1.4375E7
1.7E8
1778 3 3
1.375E7
7.5E7
3162 3 3
3.25E7
2.1E8
1778 3 3
1.125E7
6.5E7
3162 3 3
7.5E7
3.1E8
1778 3 3
1.25E7
6.0E7
1778 3 3
1.0E7
1.5E8
1778 3 3
1.1875E7
6.0E7
1778 3 3
9375000.0
1.1E8
1778 3 3
8750000.0
1.1E8
3162 3 3
2.0E7
2.2E8
1778 3 3
1.0625E7
7.5E7
3162 3 3
2.0E7
3.0E8
3162 3 3
2.125E7
2.6E8
3162 3 3
3.0E7
2.6E8
3162 3 3
2.0E7
2.8E8
3162 3 3
2.0E7
3.0E8
3162 3 3
2.75E7
2.0E8
3162 3 3
3.125E7
2.0E8
1778 3 3
1.9375E7
1.4E8
3162 3 3
1.875E7
3.0E8
3162 3 3
2.75E7
2.0E8
3162 3 3
4.0E7
4.2E8
3162 3 3
3.0E7
2.2E8
3162 3 3
2.125E7
2.9E8
3162 3 3
3.25E7
3.2E8
3162 3 3
3.5E7
6.2E8
3162 3 3
2.875E7
3.1E8
3162 3 3
1.625E7
2.0E8
3162 3 3
3.75E7
3.2E8
3162 3 3
1.75E7
2.0E8
3162 3 3
4.0E7
3.0E8
3162 3 3
3.25E7
3.8E8
3162 3 3
2.875E7
3.3E8
3162 3 3
2.75E7
2.7E8
3162 3 3
3.75E7
3.5E8
3162 3 3
3.25E7
2.9E8
3162 3 3
4.25E7
3.1E8
3162 3 3
5.25E7
3.1E8
3162 3 3
6.75E7
2.3E8
3162 3 3
6.875E7
2.1E8
5623 3 3
3.5E7
7.1E8
3162 3 3
7.0E7
6.2E8
5623 3 3
7.5E7
9.5E8
5623 3 3
3.5E7
7.7E8
5623 3 3
5.5E7
8.2E8
5623 3 3
7.0E7
7.8E8
5623 3 3
3.5E7
7.8E8
5623 3 3
5.5E7
7.0E8
5623 3 3
8.5E7
9.7E8
5623 3 3
7.5E7
1.0E9
5623 3 3
3.25E7
1.03E9
5623 3 3
3.5E7
7.0E8
5623 3 3
7.5E7
1.03E9
5623 3 3
3.75E7
1.0E9
5623 3 3
4.0E7
7.4E8
5623 3 3
3.5E7
1.0E9
5623 3 3
5.75E7
7.5E8
5623 3 3
6.0E7
6.9E8
5623 3 3
3.5E7
7.2E8
5623 3 3
6.0E7
8.2E8
5623 3 3
6.0E7
8.9E8
5623 3 3
6.5E7
7.8E8
5623 3 3
5.5E7
1.0E9
5623 3 3
9.5E7
7.6E8
5623 3 3
3.5E7
1.19E9
5623 3 3
1.9E8
1.51E9
5623 3 3
6.5E7
7.7E8
5623 3 3
2.1E8
1.52E9
5623 3 3
1.2E8
1.44E9
5623 3 3
7.0E7
1.6E9
5623 3 3
1.275E8
1.4E9
5623 3 3
2.7E8
1.63E9
5623 3 3
1.375E8
1.42E9
10000 3 3
1.1E8
2.44E9
10000 3 3
6.5E7
2.37E9
10000 3 3
1.35E8
2.41E9
10000 3 3
8.0E7
2.56E9
10000 3 3
7.5E7
2.48E9
10000 3 3
1.6E8
2.37E9
10000 3 3
9.5E7
2.46E9
10000 3 3
8.0E7
2.76E9
10000 3 3
1.15E8
3.01E9
10000 3 3
9.0E7
2.83E9
10000 3 3
1.5E8
3.01E9
10000 3 3
7.5E7
3.02E9
10000 3 3
1.2E8
2.77E9
10000 3 3
7.5E7
2.93E9
10000 3 3
1.5E8
3.28E9
10000 3 3
1.2E8
3.31E9
10000 3 3
8.0E7
3.12E9
10000 3 3
8.0E7
3.06E9
10000 3 3
1.4E8
3.58E9
10000 3 3
1.55E8
3.06E9
10000 3 3
1.1E8
3.48E9
10000 3 3
1.25E8
3.28E9
10000 3 3
1.5E8
3.76E9
10000 3 3
1.5E8
4.21E9
10000 3 3
1.5E8
3.5E9
10000 3 3
2.1E8
3.88E9
10000 3 3
2.3E8
4.66E9
10000 3 3
2.35E8
4.49E9
10000 3 3
2.2E8
4.76E9
10000 3 3
2.75E8
4.73E9
10000 3 3
3.5E8
5.4E9
10000 3 3
3.9E8
5.1E9
17782 3 3
1.8E8
7.24E9
17782 3 3
2.0E8
7.81E9
17782 3 3
1.5E8
8.94E9
17782 3 3
1.4E8
9.12E9
17782 3 3
1.3E8
9.24E9
17782 3 3
1.2E8
8.94E9
17782 3 3
1.2E8
8.77E9
17782 3 3
1.9E8
9.03E9
17782 3 3
1.7E8
9.35E9
17782 3 3
2.2E8
1.067E10
17782 3 3
2.3E8
9.19E9
17782 3 3
1.7E8
9.24E9
17782 3 3
1.3E8
9.93E9
17782 3 3
1.9E8
9.43E9
17782 3 3
1.1E8
8.9E9
17782 3 3
2.9E8
9.55E9
17782 3 3
2.6E8
1.081E10
17782 3 3
2.4E8
9.26E9
17782 3 3
1.7E8
1.048E10
17782 3 3
2.7E8
1.104E10
17782 3 3
1.4E8
1.106E10
17782 3 3
1.8E8
1.028E10
17782 3 3
3.7E8
1.106E10
17782 3 3
2.0E8
1.121E10
17782 3 3
2.7E8
1.102E10
17782 3 3
1.4E8
9.86E9
17782 3 3
4.5E8
9.96E9
17782 3 3
1.3E8
1.008E10
17782 3 3
1.4E8
1.041E10
17782 3 3
2.6E8
1.023E10
17782 3 3
3.6E8
1.043E10
17782 3 3
4.1E8
1.137E10
31622 3 3
2.9E8
2.364E10
31622 3 3
4.0E8
2.833E10
31622 3 3
4.8E8
2.372E10
31622 3 3
4.7E8
3.411E10
31622 3 3
3.5E8
3.515E10
31622 3 3
3.3E8
3.586E10
31622 3 3
3.6E8
3.468E10
31622 3 3
3.9E8
3.67E10
31622 3 3
3.8E8
3.816E10
31622 3 3
3.0E8
3.557E10
31622 3 3
2.7E8
3.905E10
31622 3 3
4.5E8
3.907E10
31622 3 3
4.3E8
3.545E10
31622 3 3
5.0E8
3.571E10
31622 3 3
2.6E8
3.554E10
31622 3 3
3.7E8
3.977E10
31622 3 3
3.7E8
3.98E10
31622 3 3
5.0E8
4.011E10
31622 3 3
4.6E8
4.097E10
31622 3 3
4.3E8
4.269E10
31622 3 3
3.8E8
4.286E10
31622 3 3
4.6E8
4.181E10
31622 3 3
4.1E8
3.818E10
31622 3 3
3.7E8
4.518E10
31622 3 3
4.4E8
4.629E10
31622 3 3
4.0E8
4.67E10
31622 3 3
5.2E8
4.331E10
31622 3 3
4.5E8
4.902E10
31622 3 3
3.3E8
4.813E10
31622 3 3
4.2E8
5.04E10
31622 3 3
4.9E8
4.999E10
31622 3 3
4.8E8
5.259E10
56234 3 3
7.2E8
1.1954E11
56234 3 3
7.3E8
1.1571E11
56234 3 3
7.2E8
1.2276E11
56234 3 3
5.6E8
1.3371E11
56234 3 3
6.5E8
1.3396E11
56234 3 3
6.7E8
1.48E11
56234 3 3
6.5E8
1.4006E11
56234 3 3
6.1E8
1.3497E11
56234 3 3
7.3E8
1.4278E11
56234 3 3
7.7E8
1.3616E11
56234 3 3
6.1E8
1.4583E11
56234 3 3
7.1E8
1.4259E11
56234 3 3
1.01E9
1.3472E11
56234 3 3
6.3E8
1.4372E11
56234 3 3
6.9E8
1.5035E11
56234 3 3
9.1E8
1.4318E11
56234 3 3
6.5E8
1.6847E11
56234 3 3
7.2E8
1.5884E11
56234 3 3
1.01E9
1.4282E11
56234 3 3
6.8E8
1.589E11
56234 3 3
6.5E8
1.5424E11
56234 3 3
6.4E8
1.6199E11
56234 3 3
7.1E8
1.6373E11
56234 3 3
8.1E8
1.5175E11
56234 3 3
8.5E8
1.6105E11
56234 3 3
6.9E8
1.638E11
56234 3 3
6.8E8
1.5994E11
56234 3 3
1.02E9
1.6761E11
56234 3 3
6.2E8
1.6879E11
56234 3 3
6.9E8
1.8498E11
56234 3 3
6.9E8
2.1265E11
56234 3 3
7.5E8
1.9767E11
100000 3 3
1.4E9
4.1058E11
100000 3 3
1.12E9
5.0056E11
100000 3 3
1.37E9
4.3147E11
100000 3 3
1.23E9
5.0714E11
100000 3 3
1.28E9
4.8635E11
100000 3 3
1.73E9
4.9969E11
100000 3 3
1.36E9
4.8737E11
100000 3 3
1.35E9
5.1605E11
100000 3 3
1.44E9
4.935E11
100000 3 3
1.41E9
5.2827E11
100000 3 3
1.43E9
5.2679E11
100000 3 3
1.38E9
5.2489E11
100000 3 3
1.2E9
5.2675E11
100000 3 3
1.44E9
5.4529E11
100000 3 3
2.03E9
5.1289E11
100000 3 3
1.48E9
5.4192E11
100000 3 3
1.55E9
5.4223E11
100000 3 3
1.08E9
5.5181E11
100000 3 3
1.29E9
5.232E11
100000 3 3
1.14E9
5.3737E11
100000 3 3
1.17E9
5.1647E11
100000 3 3
1.79E9
5.2391E11
100000 3 3
1.85E9
5.3988E11
100000 3 3
1.08E9
5.3448E11
100000 3 3
1.27E9
5.7696E11
100000 3 3
1.94E9
5.4214E11
100000 3 3
1.78E9
5.11E11
100000 3 3
1.93E9
5.5249E11
100000 3 3
1.52E9
5.6317E11
100000 3 3
1.33E9
5.7851E11
100000 3 3
1.58E9
5.3495E11
100000 3 3
1.25E9
5.6669E11
