100 3 4
214843.75
214843.75
100 3 4
234375.0
214843.75
100 3 4
273437.5
214843.75
100 3 4
253906.25
234375.0
100 3 4
253906.25
234375.0
100 3 4
234375.0
234375.0
100 3 4
234375.0
253906.25
100 3 4
273437.5
214843.75
100 3 4
214843.75
234375.0
100 3 4
273437.5
214843.75
100 3 4
292968.75
214843.75
100 3 4
312500.0
214843.75
100 3 4
332031.25
214843.75
100 3 4
253906.25
214843.75
100 3 4
312500.0
214843.75
100 3 3
312500.0
214843.75
100 3 4
332031.25
234375.0
100 3 5
332031.25
234375.0
100 3 4
312500.0
214843.75
100 3 4
332031.25
234375.0
100 3 4
292968.75
214843.75
100 3 5
312500.0
234375.0
100 3 5
371093.75
214843.75
100 3 3
351562.5
234375.0
100 3 4
371093.75
253906.25
100 3 4
273437.5
214843.75
100 3 4
253906.25
253906.25
100 3 5
371093.75
214843.75
100 3 4
351562.5
214843.75
100 3 3
312500.0
253906.25
100 3 4
292968.75
205078.125
100 3 4
351562.5
205078.125
177 3 5
859375.0
546875.0
177 3 5
625000.0
546875.0
177 3 5
546875.0
546875.0
177 3 5
625000.0
546875.0
177 3 5
507812.5
546875.0
177 3 4
546875.0
585937.5
177 3 5
585937.5
585937.5
177 3 5
625000.0
585937.5
177 3 5
585937.5
585937.5
177 3 6
664062.5
546875.0
177 3 5
664062.5
546875.0
177 3 5
585937.5
625000.0
177 3 5
546875.0
546875.0
177 3 5
664062.5
507812.5
177 3 5
664062.5
546875.0
177 3 5
742187.5
546875.0
177 3 5
664062.5
546875.0
177 3 5
625000.0
625000.0
177 3 5
507812.5
546875.0
177 3 5
507812.5
546875.0
177 3 5
507812.5
585937.5
177 3 5
546875.0
585937.5
177 3 4
585937.5
546875.0
177 3 5
468750.0
507812.5
177 3 6
585937.5
625000.0
177 3 5
585937.5
546875.0
177 3 5
507812.5
625000.0
177 3 5
546875.0
703125.0
177 3 6
585937.5
585937.5
177 3 5
468750.0
664062.5
177 3 5
507812.5
585937.5
177 3 5
429687.5
585937.5
316 3 5
1171875.0
1718750.0
316 3 6
1171875.0
1875000.0
316 3 6
1250000.0
1718750.0
316 3 5
1093750.0
1875000.0
316 3 6
1093750.0
1718750.0
316 3 6
1406250.0
1875000.0
316 3 6
1250000.0
1718750.0
316 3 7
1328125.0
1484375.0
316 3 7
1484375.0
1718750.0
316 3 6
1015625.0
1640625.0
316 3 7
1171875.0
1484375.0
316 3 7
1015625.0
1875000.0
316 3 7
1328125.0
1562500.0
316 3 6
1328125.0
1718750.0
316 3 7
1093750.0
1484375.0
316 3 7
1171875.0
1640625.0
316 3 6
1093750.0
1640625.0
316 3 6
1250000.0
1640625.0
316 3 6
1015625.0
1718750.0
316 3 6
1406250.0
1562500.0
316 3 6
1406250.0
1562500.0
316 3 7
1250000.0
1875000.0
316 3 6
1093750.0
1562500.0
316 3 5
1406250.0
1953125.0
316 3 6
1015625.0
1562500.0
316 3 5
1093750.0
1796875.0
316 3 7
1328125.0
1718750.0
316 3 6
1015625.0
1875000.0
316 3 6
1015625.0
1640625.0
316 3 6
1093750.0
1796875.0
316 3 6
937500.0
1484375.0
316 3 5
937500.0
1562500.0
562 3 7
2187500.0
4062500.0
562 3 8
2968750.0
3437500.0
562 3 7
3437500.0
4062500.0
562 3 7
2187500.0
4375000.0
562 3 7
2031250.0
4062500.0
562 3 7
3593750.0
3437500.0
562 3 8
3281250.0
3750000.0
562 3 7
2031250.0
3750000.0
562 3 7
2500000.0
4062500.0
562 3 7
2031250.0
4062500.0
562 3 8
3593750.0
3750000.0
562 3 7
2968750.0
4062500.0
562 3 7
2500000.0
3750000.0
562 3 7
2968750.0
3750000.0
562 3 8
2968750.0
4375000.0
562 3 7
2500000.0
4062500.0
562 3 7
2187500.0
4062500.0
562 3 7
2187500.0
3750000.0
562 3 7
2343750.0
5312500.0
562 3 7
2656250.0
4375000.0
562 3 6
2187500.0
5000000.0
562 3 7
2031250.0
4062500.0
562 3 6
2343750.0
5312500.0
562 3 6
2031250.0
6875000.0
562 3 7
2187500.0
5000000.0
562 3 7
2500000.0
4062500.0
562 3 7
2187500.0
4375000.0
562 3 7
2343750.0
5312500.0
562 3 7
2343750.0
5000000.0
562 3 7
2343750.0
6875000.0
1000 3 8
8750000.0
1.375E7
562 3 8
2656250.0
3750000.0
562 3 6
2187500.0
5000000.0
1000 3 8
4062500.0
1.5E7
1000 3 9
4375000.0
1.5E7
1000 3 8
3750000.0
1.375E7
1000 3 8
4062500.0
1.1875E7
1000 3 8
4687500.0
1.0625E7
1000 3 8
4687500.0
1.125E7
1000 3 8
4687500.0
1.25E7
1000 3 8
6250000.0
1.5E7
1000 3 8
6250000.0
1.1875E7
1000 3 9
4687500.0
1.3125E7
1000 3 8
5312500.0
1.1875E7
1000 3 8
6875000.0
1.4375E7
1000 3 8
8750000.0
2.0E7
1000 3 8
6875000.0
1.375E7
1000 3 8
4687500.0
1.25E7
1000 3 8
5625000.0
1.5E7
1000 3 8
5000000.0
1.5E7
1000 3 8
5000000.0
1.0625E7
1000 3 9
6875000.0
2.0E7
1000 3 8
5937500.0
9375000.0
1000 3 8
8125000.0
2.3125E7
1000 3 8
5312500.0
1.875E7
1000 3 9
5000000.0
1.0625E7
1000 3 9
5000000.0
1.0625E7
1778 3 9
1.875E7
5.5E7
1000 3 8
5625000.0
2.3125E7
1000 3 8
5312500.0
1.125E7
1000 3 8
6875000.0
1.875E7
1000 3 8
6875000.0
1.5E7
1000 3 9
7812500.0
1.375E7
1778 3 9
8125000.0
3.5E7
1778 3 9
8750000.0
3.0E7
1000 3 8
5937500.0
1.0E7
1000 3 8
4687500.0
1.375E7
1778 3 9
2.0625E7
2.75E7
1778 3 9
8750000.0
3.0E7
1778 3 9
8750000.0
3.0E7
1778 3 9
9375000.0
3.25E7
1778 3 9
1.0E7
3.0E7
1778 3 9
1.1875E7
3.5E7
1778 3 9
1.0E7
3.0E7
1778 3 9
1.375E7
5.5E7
1778 3 9
1.0E7
3.25E7
1778 3 9
1.0E7
3.0E7
1778 3 9
1.1875E7
4.0E7
1778 3 9
1.25E7
3.0E7
1778 3 9
1.0625E7
2.75E7
1778 3 9
9375000.0
2.75E7
1778 3 9
1.0625E7
4.0E7
3162 3 9
1.75E7
1.1E8
1778 3 9
1.0E7
4.0E7
1778 3 9
1.3125E7
5.5E7
1778 3 9
1.0625E7
3.0E7
1778 3 9
1.0625E7
4.25E7
1778 3 9
1.3125E7
6.0E7
1778 3 9
1.125E7
3.0E7
1778 3 9
8125000.0
3.0E7
3162 3 9
1.875E7
1.2E8
3162 3 9
1.75E7
1.4E8
3162 3 9
2.75E7
1.5E8
1778 3 9
1.0625E7
3.5E7
3162 3 9
3.5E7
1.5E8
1778 3 9
8750000.0
4.25E7
1778 3 9
1.375E7
3.0E7
3162 3 9
1.75E7
1.8E8
3162 3 9
1.75E7
1.7E8
1778 3 9
1.3125E7
3.75E7
1778 3 9
1.6875E7
3.75E7
1778 3 9
1.8125E7
3.5E7
3162 3 9
2.75E7
1.5E8
3162 3 9
2.0E7
1.2E8
1778 3 9
1.9375E7
3.5E7
3162 3 9
2.0E7
1.4E8
3162 3 9
2.25E7
1.1E8
3162 3 9
2.75E7
1.5E8
3162 3 9
3.0E7
1.2E8
3162 3 9
2.75E7
1.4E8
3162 3 9
2.0E7
1.3E8
3162 3 9
2.5E7
1.1E8
3162 3 9
2.625E7
1.1E8
3162 3 9
1.875E7
1.1E8
3162 3 9
2.125E7
1.5E8
3162 3 9
1.875E7
1.1E8
3162 3 9
1.875E7
1.1E8
3162 3 9
2.25E7
1.3E8
3162 3 9
2.0E7
1.1E8
3162 3 9
1.5E7
1.1E8
3162 3 9
2.25E7
1.5E8
3162 3 9
1.625E7
1.1E8
3162 3 9
1.75E7
1.1E8
3162 3 9
2.375E7
2.0E8
3162 3 9
2.0E7
1.4E8
3162 3 9
2.375E7
1.05E8
3162 3 9
2.75E7
8.0E7
3162 3 9
3.0E7
1.2E8
5623 3 9
6.0E7
4.9E8
5623 3 9
3.25E7
4.2E8
5623 3 9
3.5E7
4.3E8
5623 3 9
6.0E7
4.6E8
5623 3 9
3.5E7
3.6E8
5623 3 9
3.75E7
3.8E8
5623 3 9
4.0E7
3.5E8
5623 3 9
4.75E7
4.5E8
5623 3 9
4.5E7
3.6E8
5623 3 9
5.5E7
5.4E8
5623 3 9
3.75E7
3.5E8
5623 3 9
3.75E7
4.6E8
5623 3 9
4.25E7
4.4E8
5623 3 9
4.0E7
3.6E8
5623 3 9
4.0E7
3.8E8
5623 3 9
5.5E7
4.1E8
5623 3 9
5.0E7
4.0E8
5623 3 9
3.75E7
3.7E8
5623 3 9
5.75E7
5.1E8
5623 3 9
5.5E7
3.6E8
5623 3 9
4.0E7
3.7E8
5623 3 9
5.0E7
3.7E8
5623 3 9
7.0E7
3.7E8
5623 3 9
4.25E7
3.5E8
5623 3 9
5.5E7
5.3E8
5623 3 9
5.25E7
4.7E8
5623 3 9
4.5E7
3.7E8
5623 3 9
4.75E7
3.9E8
5623 3 9
6.5E7
5.1E8
5623 3 9
5.75E7
5.1E8
5623 3 9
7.0E7
4.4E8
5623 3 9
3.25E7
4.1E8
10000 3 9
8.0E7
1.16E9
10000 3 9
8.5E7
1.25E9
10000 3 9
7.5E7
1.34E9
10000 3 9
1.5E8
1.53E9
10000 3 9
1.1E8
1.26E9
10000 3 9
8.5E7
1.19E9
10000 3 9
1.0E8
1.35E9
10000 3 9
7.5E7
1.23E9
10000 3 9
1.1E8
1.38E9
10000 3 9
7.5E7
1.18E9
10000 3 9
9.0E7
1.32E9
10000 3 9
8.5E7
1.41E9
10000 3 9
8.0E7
1.37E9
10000 3 9
8.5E7
1.46E9
10000 3 9
8.5E7
1.28E9
10000 3 9
1.3E8
1.24E9
10000 3 9
1.2E8
1.35E9
10000 3 9
7.0E7
1.39E9
10000 3 9
1.15E8
1.36E9
10000 3 9
7.0E7
1.44E9
10000 3 9
1.05E8
1.5E9
10000 3 9
1.1E8
1.44E9
10000 3 9
9.5E7
1.49E9
10000 3 9
1.2E8
1.38E9
10000 3 9
8.5E7
1.45E9
10000 3 9
1.25E8
1.49E9
10000 3 9
1.05E8
1.33E9
10000 3 9
1.05E8
1.23E9
10000 3 9
1.4E8
1.35E9
10000 3 9
1.05E8
1.71E9
10000 3 9
1.2E8
1.48E9
10000 3 9
1.35E8
1.47E9
17782 3 9
1.6E8
4.0E9
17782 3 9
1.6E8
4.26E9
17782 3 9
1.4E8
4.3E9
17782 3 9
1.9E8
4.17E9
17782 3 9
1.4E8
4.31E9
17782 3 9
1.6E8
4.24E9
17782 3 9
1.6E8
4.44E9
17782 3 9
1.6E8
4.37E9
17782 3 9
1.9E8
4.61E9
17782 3 9
1.7E8
4.71E9
17782 3 9
1.7E8
4.53E9
17782 3 9
1.5E8
4.48E9
17782 3 9
1.5E8
4.67E9
17782 3 9
1.8E8
4.74E9
17782 3 9
1.4E8
4.89E9
17782 3 9
1.9E8
4.82E9
17782 3 9
2.1E8
5.13E9
17782 3 9
1.3E8
4.84E9
17782 3 9
1.6E8
4.81E9
17782 3 9
1.8E8
5.08E9
17782 3 9
1.8E8
5.12E9
17782 3 9
2.0E8
5.23E9
17782 3 9
1.5E8
4.85E9
17782 3 9
1.8E8
5.61E9
17782 3 9
1.9E8
5.41E9
17782 3 9
2.6E8
5.23E9
17782 3 9
2.5E8
5.2E9
17782 3 9
1.8E8
5.13E9
17782 3 9
2.4E8
5.65E9
17782 3 9
2.6E8
5.19E9
17782 3 9
2.4E8
5.44E9
17782 3 9
2.8E8
5.49E9
31622 3 9
3.8E8
1.347E10
31622 3 9
4.1E8
1.405E10
31622 3 9
3.6E8
1.414E10
31622 3 9
3.6E8
1.464E10
31622 3 9
3.8E8
1.47E10
31622 3 9
4.3E8
1.487E10
31622 3 9
3.1E8
1.447E10
31622 3 9
3.1E8
1.485E10
31622 3 9
3.8E8
1.733E10
31622 3 9
4.2E8
1.609E10
31622 3 9
4.3E8
1.714E10
31622 3 9
3.5E8
1.702E10
31622 3 9
4.5E8
1.652E10
31622 3 9
3.7E8
1.67E10
31622 3 9
5.6E8
1.688E10
31622 3 9
3.1E8
1.634E10
31622 3 9
4.7E8
1.759E10
31622 3 9
4.6E8
1.707E10
31622 3 9
5.9E8
1.661E10
31622 3 9
4.2E8
1.745E10
31622 3 9
3.6E8
1.836E10
31622 3 9
3.8E8
1.8E10
31622 3 9
5.2E8
1.776E10
31622 3 9
4.0E8
1.679E10
31622 3 9
6.0E8
1.842E10
31622 3 9
4.3E8
1.756E10
31622 3 9
4.6E8
1.729E10
31622 3 9
3.2E8
1.968E10
31622 3 9
4.0E8
1.841E10
31622 3 9
4.3E8
1.926E10
31622 3 9
2.8E8
1.905E10
31622 3 9
4.5E8
2.054E10
56234 3 9
7.9E8
4.982E10
56234 3 9
6.1E8
5.187E10
56234 3 9
6.8E8
5.325E10
56234 3 9
7.1E8
5.576E10
56234 3 9
7.4E8
5.733E10
56234 3 9
7.4E8
5.858E10
56234 3 9
5.7E8
6.525E10
56234 3 9
6.8E8
6.86E10
56234 3 9
6.1E8
6.965E10
56234 3 9
6.1E8
6.983E10
56234 3 9
6.2E8
7.105E10
56234 3 9
7.6E8
6.852E10
56234 3 9
7.6E8
7.171E10
56234 3 9
6.6E8
7.47E10
56234 3 9
8.1E8
7.021E10
56234 3 9
7.3E8
7.257E10
56234 3 9
6.0E8
7.829E10
56234 3 9
7.9E8
7.464E10
56234 3 9
6.4E8
7.8E10
56234 3 9
7.5E8
7.473E10
56234 3 9
7.9E8
7.68E10
56234 3 9
9.6E8
7.507E10
56234 3 9
7.3E8
7.761E10
56234 3 9
7.0E8
8.079E10
56234 3 9
8.3E8
8.421E10
56234 3 9
9.6E8
8.097E10
56234 3 9
8.2E8
8.51E10
56234 3 9
7.4E8
8.559E10
56234 3 9
9.3E8
8.912E10
56234 3 9
7.4E8
8.835E10
56234 3 9
7.0E8
8.777E10
56234 3 9
8.0E8
9.152E10
100000 3 9
1.16E9
1.8901E11
100000 3 9
1.02E9
1.9027E11
100000 3 9
1.29E9
1.9543E11
100000 3 9
1.24E9
1.9558E11
100000 3 9
1.14E9
2.2931E11
100000 3 9
1.18E9
2.6453E11
100000 3 9
1.68E9
2.6361E11
100000 3 9
1.62E9
2.7784E11
100000 3 9
1.47E9
2.8301E11
100000 3 9
1.74E9
2.7329E11
100000 3 9
1.36E9
2.845E11
100000 3 9
1.42E9
2.7087E11
100000 3 9
1.38E9
2.7078E11
100000 3 9
1.88E9
2.9214E11
100000 3 9
1.86E9
2.5354E11
100000 3 9
1.29E9
2.7044E11
100000 3 9
1.42E9
2.8273E11
100000 3 9
1.61E9
2.7677E11
100000 3 9
1.31E9
2.7658E11
100000 3 9
1.19E9
2.7869E11
100000 3 9
1.35E9
2.7269E11
100000 3 9
1.92E9
2.8865E11
100000 3 9
1.65E9
2.6731E11
100000 3 9
1.62E9
2.8086E11
100000 3 9
1.59E9
2.7737E11
100000 3 9
1.22E9
2.8855E11
100000 3 9
1.21E9
2.8332E11
100000 3 9
1.24E9
2.7436E11
100000 3 9
1.21E9
2.9293E11
100000 3 9
1.7E9
3.118E11
100000 3 9
1.36E9
2.8672E11
100000 3 9
1.6E9
2.9038E11
