100 8 1
585937.5
429687.5
100 8 1
585937.5
429687.5
100 8 1
546875.0
429687.5
100 8 1
546875.0
429687.5
100 8 1
546875.0
429687.5
100 8 1
585937.5
429687.5
100 8 1
585937.5
429687.5
100 8 1
546875.0
429687.5
100 8 1
546875.0
429687.5
100 8 1
585937.5
429687.5
100 8 1
585937.5
507812.5
100 8 1
585937.5
429687.5
100 8 1
546875.0
429687.5
100 8 1
585937.5
429687.5
100 8 1
507812.5
390625.0
100 8 1
585937.5
390625.0
100 8 1
546875.0
410156.25
100 8 1
585937.5
390625.0
100 8 1
546875.0
371093.75
100 8 1
507812.5
390625.0
100 8 1
585937.5
390625.0
100 8 1
585937.5
390625.0
100 8 1
585937.5
390625.0
100 8 1
585937.5
390625.0
100 8 2
546875.0
390625.0
100 8 1
625000.0
410156.25
100 8 1
546875.0
351562.5
100 8 1
585937.5
390625.0
100 8 1
585937.5
390625.0
100 8 1
585937.5
390625.0
100 8 1
585937.5
390625.0
100 8 1
585937.5
410156.25
177 8 1
1484375.0
1015625.0
177 8 1
1406250.0
1015625.0
177 8 1
1484375.0
1015625.0
177 8 1
1406250.0
1093750.0
177 8 1
1406250.0
1015625.0
177 8 1
1328125.0
1875000.0
177 8 1
1484375.0
1875000.0
177 8 1
1484375.0
1406250.0
177 8 1
1484375.0
1171875.0
177 8 1
1562500.0
1171875.0
177 8 2
1406250.0
1406250.0
177 8 1
1406250.0
1015625.0
177 8 1
1484375.0
1406250.0
177 8 1
1484375.0
1328125.0
177 8 1
1484375.0
1015625.0
177 8 1
1406250.0
1015625.0
177 8 1
1406250.0
937500.0
177 8 1
1484375.0
1015625.0
177 8 1
1406250.0
1015625.0
177 8 1
1406250.0
937500.0
177 8 1
1484375.0
1015625.0
177 8 1
1562500.0
1015625.0
177 8 1
1484375.0
1015625.0
177 8 1
1484375.0
1015625.0
177 8 1
1406250.0
1015625.0
177 8 1
1484375.0
937500.0
177 8 1
1406250.0
937500.0
177 8 1
1406250.0
1093750.0
177 8 2
1484375.0
1171875.0
177 8 1
1484375.0
937500.0
177 8 1
1484375.0
1015625.0
177 8 1
1406250.0
1015625.0
316 8 1
3750000.0
3750000.0
316 8 1
4062500.0
4062500.0
316 8 1
3750000.0
3593750.0
316 8 2
4062500.0
2968750.0
316 8 1
3750000.0
3437500.0
316 8 1
4062500.0
3437500.0
316 8 1
4062500.0
3750000.0
316 8 1
3750000.0
3281250.0
316 8 1
3750000.0
3437500.0
316 8 1
3750000.0
3437500.0
316 8 1
3750000.0
3437500.0
316 8 1
3750000.0
3281250.0
316 8 1
3750000.0
3593750.0
316 8 1
4062500.0
4062500.0
316 8 1
4062500.0
3281250.0
316 8 1
3750000.0
3125000.0
316 8 1
4062500.0
3750000.0
316 8 1
4062500.0
3437500.0
316 8 1
4062500.0
3281250.0
316 8 1
3750000.0
2968750.0
316 8 1
3437500.0
3750000.0
316 8 1
4062500.0
3125000.0
316 8 1
3750000.0
3125000.0
316 8 1
4062500.0
2812500.0
316 8 1
3750000.0
2968750.0
316 8 2
3437500.0
2968750.0
316 8 1
3750000.0
2968750.0
316 8 1
4062500.0
3125000.0
316 8 1
3750000.0
2812500.0
316 8 1
4062500.0
2812500.0
316 8 1
3750000.0
3125000.0
316 8 1
4062500.0
2968750.0
562 8 1
1.125E7
8750000.0
562 8 2
1.0E7
8125000.0
562 8 1
9375000.0
8750000.0
562 8 1
1.0E7
9375000.0
562 8 1
1.0E7
8750000.0
562 8 2
1.0E7
1.0E7
562 8 1
8750000.0
1.0625E7
562 8 2
1.0625E7
1.125E7
562 8 1
1.0E7
1.125E7
562 8 1
9375000.0
8750000.0
562 8 1
9375000.0
9375000.0
562 8 1
9375000.0
9375000.0
562 8 1
1.0E7
9375000.0
562 8 2
1.0E7
8125000.0
562 8 2
9375000.0
8750000.0
562 8 2
9375000.0
1.0625E7
562 8 2
1.0E7
8750000.0
562 8 1
1.0625E7
1.375E7
562 8 2
1.0E7
1.4375E7
562 8 1
1.125E7
1.5E7
562 8 1
1.0E7
1.375E7
562 8 2
1.0E7
8750000.0
562 8 2
9375000.0
8750000.0
562 8 1
1.0E7
8750000.0
562 8 1
1.0625E7
8125000.0
562 8 2
1.0E7
8750000.0
562 8 1
1.0E7
8750000.0
562 8 1
1.0E7
8125000.0
562 8 1
1.125E7
7500000.0
562 8 2
1.125E7
8750000.0
562 8 1
1.0625E7
8125000.0
562 8 2
1.0625E7
7500000.0
1000 8 1
3.0E7
2.375E7
1000 8 2
2.5E7
2.75E7
1000 8 1
2.5E7
2.75E7
1000 8 1
2.5E7
3.0E7
1000 8 1
2.5E7
2.75E7
1000 8 2
2.5E7
2.75E7
1000 8 1
2.625E7
3.0E7
1000 8 2
2.5E7
3.5E7
1000 8 2
2.5E7
3.5E7
1000 8 1
2.5E7
3.25E7
1000 8 2
2.375E7
2.75E7
1000 8 2
2.5E7
3.0E7
1000 8 2
2.5E7
3.0E7
1000 8 2
2.5E7
2.75E7
1000 8 1
2.375E7
2.75E7
1000 8 1
2.5E7
3.0E7
1000 8 1
2.375E7
3.0E7
1000 8 2
2.5E7
3.0E7
1000 8 1
2.625E7
3.0E7
1000 8 2
2.75E7
2.75E7
1000 8 1
2.5E7
3.0E7
1000 8 2
2.625E7
2.75E7
1000 8 2
2.5E7
2.75E7
1000 8 2
2.5E7
3.0E7
1000 8 2
2.75E7
2.75E7
1000 8 2
2.625E7
2.75E7
1000 8 1
2.5E7
2.75E7
1000 8 2
2.5E7
2.875E7
1778 8 2
6.5E7
8.0E7
1778 8 2
5.5E7
7.5E7
1000 8 2
2.5E7
2.625E7
1778 8 2
6.5E7
7.5E7
1778 8 2
5.5E7
8.5E7
1000 8 1
2.5E7
3.0E7
1000 8 1
2.625E7
2.625E7
1778 8 2
6.5E7
8.5E7
1778 8 2
6.5E7
1.1E8
1778 8 2
6.5E7
1.1E8
1778 8 2
6.5E7
1.0E8
1778 8 2
6.5E7
1.4E8
1778 8 2
7.0E7
1.05E8
1778 8 2
6.25E7
9.0E7
1778 8 2
6.0E7
8.5E7
1000 8 2
2.5E7
4.0E7
1778 8 2
6.0E7
8.5E7
1778 8 2
6.5E7
8.5E7
1778 8 2
6.5E7
1.7E8
1778 8 2
6.0E7
1.2E8
1778 8 2
7.0E7
1.25E8
1778 8 2
6.0E7
1.0E8
1778 8 1
6.5E7
8.5E7
1778 8 2
6.0E7
1.2E8
1778 8 2
6.5E7
8.5E7
1778 8 2
7.0E7
7.5E7
1778 8 2
6.5E7
8.5E7
1778 8 2
6.5E7
8.5E7
1778 8 2
7.5E7
7.5E7
1778 8 2
7.0E7
7.5E7
1778 8 2
6.5E7
1.15E8
1778 8 2
6.0E7
8.0E7
1778 8 2
6.5E7
8.0E7
1778 8 2
7.0E7
7.5E7
1778 8 1
8.5E7
7.5E7
1778 8 2
7.0E7
7.5E7
3162 8 2
1.7E8
2.8E8
3162 8 2
1.7E8
2.9E8
3162 8 2
1.6E8
2.7E8
3162 8 2
1.8E8
2.6E8
3162 8 2
1.6E8
2.7E8
3162 8 2
1.7E8
3.5E8
3162 8 2
1.5E8
2.9E8
3162 8 2
1.6E8
3.6E8
3162 8 2
1.5E8
2.7E8
3162 8 2
1.5E8
3.9E8
3162 8 2
1.6E8
3.2E8
3162 8 2
1.6E8
3.4E8
3162 8 2
1.7E8
2.8E8
3162 8 2
1.6E8
3.2E8
3162 8 2
1.5E8
2.8E8
3162 8 2
1.6E8
3.0E8
3162 8 2
1.6E8
3.8E8
3162 8 2
1.5E8
2.9E8
3162 8 2
1.6E8
3.5E8
3162 8 2
1.6E8
3.3E8
3162 8 2
1.6E8
2.7E8
3162 8 2
1.5E8
3.5E8
3162 8 2
1.9E8
3.1E8
3162 8 2
2.0E8
3.1E8
3162 8 2
2.0E8
3.1E8
3162 8 2
1.5E8
2.5E8
3162 8 2
1.6E8
2.5E8
3162 8 2
1.7E8
3.0E8
3162 8 2
1.5E8
2.6E8
3162 8 2
1.8E8
2.6E8
3162 8 2
1.6E8
2.5E8
3162 8 2
1.8E8
2.4E8
5623 8 2
3.7E8
1.01E9
5623 8 2
4.0E8
9.8E8
5623 8 2
3.8E8
1.12E9
5623 8 2
3.8E8
1.02E9
5623 8 2
3.8E8
1.11E9
5623 8 2
3.7E8
1.2E9
5623 8 2
3.7E8
1.02E9
5623 8 2
3.9E8
1.07E9
5623 8 2
3.6E8
1.2E9
5623 8 2
3.9E8
1.1E9
5623 8 2
3.8E8
1.3E9
5623 8 2
3.8E8
1.19E9
5623 8 2
4.0E8
1.11E9
5623 8 2
3.9E8
1.13E9
5623 8 2
3.7E8
1.3E9
5623 8 2
3.9E8
1.12E9
5623 8 2
3.8E8
1.16E9
5623 8 2
4.0E8
1.12E9
5623 8 2
3.9E8
1.28E9
5623 8 2
3.8E8
1.24E9
5623 8 2
4.2E8
1.07E9
5623 8 2
3.8E8
1.23E9
5623 8 2
3.8E8
1.33E9
5623 8 2
4.0E8
1.26E9
5623 8 2
3.8E8
1.27E9
5623 8 2
3.8E8
1.13E9
5623 8 2
4.3E8
1.21E9
5623 8 2
3.8E8
1.32E9
5623 8 2
3.9E8
1.3E9
5623 8 2
4.1E8
1.28E9
5623 8 2
4.0E8
1.21E9
5623 8 2
4.0E8
1.22E9
10000 8 2
9.0E8
3.01E9
10000 8 2
8.7E8
3.57E9
10000 8 2
9.6E8
3.86E9
10000 8 2
9.0E8
3.04E9
10000 8 2
9.3E8
3.45E9
10000 8 2
9.4E8
3.06E9
10000 8 2
9.2E8
3.87E9
10000 8 2
9.2E8
3.74E9
10000 8 2
9.2E8
3.74E9
10000 8 2
9.2E8
3.87E9
10000 8 2
9.3E8
3.42E9
10000 8 2
9.2E8
3.58E9
10000 8 2
9.2E8
3.48E9
10000 8 2
9.2E8
3.99E9
10000 8 2
9.4E8
3.91E9
10000 8 2
9.2E8
3.9E9
10000 8 2
9.0E8
4.01E9
10000 8 2
9.3E8
4.19E9
10000 8 2
9.4E8
4.04E9
10000 8 2
9.5E8
3.9E9
10000 8 2
9.7E8
4.14E9
10000 8 2
9.3E8
3.83E9
10000 8 2
9.2E8
3.81E9
10000 8 2
9.3E8
4.16E9
10000 8 2
8.9E8
3.76E9
10000 8 2
9.2E8
3.84E9
10000 8 2
9.2E8
4.14E9
10000 8 2
9.3E8
3.47E9
10000 8 2
9.4E8
3.45E9
10000 8 2
9.2E8
3.92E9
10000 8 2
9.3E8
4.04E9
10000 8 2
9.3E8
3.77E9
17782 8 2
2.34E9
1.305E10
17782 8 2
2.2E9
1.293E10
17782 8 2
2.18E9
1.321E10
17782 8 2
2.41E9
1.298E10
17782 8 2
2.16E9
1.338E10
17782 8 2
2.25E9
1.382E10
17782 8 2
1.87E9
1.338E10
17782 8 2
2.61E9
1.313E10
17782 8 2
2.43E9
1.32E10
17782 8 2
2.44E9
1.408E10
17782 8 2
2.23E9
1.395E10
17782 8 2
2.36E9
1.31E10
17782 8 2
2.44E9
1.324E10
17782 8 2
2.45E9
1.44E10
17782 8 2
2.73E9
1.384E10
17782 8 2
2.37E9
1.399E10
17782 8 2
1.86E9
1.426E10
17782 8 2
2.81E9
1.437E10
17782 8 2
2.41E9
1.431E10
17782 8 2
2.3E9
1.298E10
17782 8 2
2.24E9
1.47E10
17782 8 2
2.3E9
1.364E10
17782 8 2
2.48E9
1.412E10
17782 8 2
2.6E9
1.371E10
17782 8 2
2.2E9
1.437E10
17782 8 2
1.87E9
1.457E10
17782 8 2
2.33E9
1.441E10
17782 8 2
2.2E9
1.532E10
17782 8 2
2.37E9
1.461E10
17782 8 2
2.46E9
1.422E10
17782 8 2
2.38E9
1.507E10
17782 8 2
2.3E9
1.492E10
31622 8 2
5.3E9
4.371E10
31622 8 2
5.72E9
4.301E10
31622 8 2
5.78E9
4.673E10
31622 8 2
5.2E9
5.017E10
31622 8 2
5.25E9
5.032E10
31622 8 2
5.24E9
4.759E10
31622 8 2
5.38E9
4.835E10
31622 8 2
5.44E9
4.754E10
31622 8 2
5.33E9
4.72E10
31622 8 2
5.75E9
4.781E10
31622 8 2
5.26E9
4.847E10
31622 8 2
5.3E9
4.808E10
31622 8 2
5.14E9
5.099E10
31622 8 2
5.43E9
4.75E10
31622 8 2
5.67E9
5.012E10
31622 8 2
5.41E9
4.99E10
31622 8 2
5.37E9
4.957E10
31622 8 2
5.29E9
5.002E10
31622 8 2
5.32E9
5.128E10
31622 8 2
5.28E9
4.995E10
31622 8 2
6.08E9
4.96E10
31622 8 2
5.3E9
5.149E10
31622 8 2
5.51E9
5.211E10
31622 8 2
5.35E9
5.427E10
31622 8 2
5.36E9
5.22E10
31622 8 2
5.37E9
5.368E10
31622 8 2
5.48E9
5.263E10
31622 8 3
5.64E9
5.295E10
31622 8 2
7.52E9
5.01E10
31622 8 2
5.74E9
5.361E10
31622 8 2
5.63E9
5.339E10
31622 8 2
5.16E9
5.559E10
56234 8 2
1.291E10
1.3624E11
56234 8 2
1.221E10
1.5481E11
56234 8 2
1.255E10
1.619E11
56234 8 2
1.397E10
1.6143E11
56234 8 2
1.237E10
1.7206E11
56234 8 3
1.266E10
1.687E11
56234 8 2
1.238E10
1.7728E11
56234 8 2
1.258E10
1.7502E11
56234 8 2
1.419E10
1.7332E11
56234 8 2
1.288E10
1.7524E11
56234 8 2
1.279E10
1.7252E11
56234 8 2
1.258E10
1.8073E11
56234 8 2
1.236E10
1.8164E11
56234 8 2
1.252E10
1.7653E11
56234 8 2
1.346E10
1.8453E11
56234 8 3
1.286E10
1.7982E11
56234 8 2
1.262E10
1.9148E11
56234 8 2
1.321E10
1.7888E11
56234 8 2
1.391E10
1.7799E11
56234 8 2
1.258E10
1.8647E11
56234 8 2
1.335E10
1.8224E11
56234 8 2
1.484E10
1.9497E11
56234 8 2
1.289E10
1.9004E11
56234 8 2
1.268E10
2.0298E11
56234 8 2
1.274E10
2.0468E11
56234 8 2
1.274E10
2.0231E11
56234 8 2
1.323E10
1.9729E11
56234 8 2
1.285E10
2.0321E11
56234 8 2
1.256E10
2.0736E11
56234 8 2
1.364E10
2.022E11
56234 8 3
1.312E10
2.1996E11
56234 8 2
1.27E10
2.2446E11
100000 8 2
2.767E10
3.2698E11
100000 8 2
3.419E10
3.3274E11
100000 8 2
3.433E10
5.7568E11
100000 8 3
3.293E10
5.7498E11
100000 8 2
3.008E10
6.3757E11
100000 8 3
3.464E10
6.1103E11
100000 8 2
2.861E10
6.561E11
100000 8 3
3.017E10
6.0138E11
100000 8 3
2.909E10
6.7463E11
100000 8 2
3.067E10
6.4951E11
100000 8 2
3.271E10
6.4984E11
100000 8 3
2.927E10
6.2404E11
100000 8 2
3.067E10
6.14E11
100000 8 3
3.025E10
6.4639E11
100000 8 3
3.026E10
6.2963E11
100000 8 3
3.277E10
6.5829E11
100000 8 3
2.997E10
6.4609E11
100000 8 2
3.238E10
6.2771E11
100000 8 2
3.027E10
6.6197E11
100000 8 3
3.103E10
6.779E11
100000 8 3
3.056E10
6.6879E11
100000 8 2
2.85E10
6.7856E11
100000 8 2
3.091E10
6.8066E11
100000 8 3
2.968E10
6.9484E11
100000 8 2
2.968E10
6.8477E11
100000 8 2
4.836E10
6.3907E11
100000 8 2
3.042E10
6.8529E11
100000 8 2
2.977E10
7.2308E11
100000 8 3
2.976E10
7.0995E11
100000 8 3
2.987E10
7.2314E11
100000 8 3
3.023E10
7.3002E11
100000 8 2
2.989E10
7.7356E11
