100 4 2
429687.5
332031.25
100 4 3
429687.5
292968.75
100 4 3
429687.5
312500.0
100 4 3
390625.0
253906.25
100 4 3
371093.75
234375.0
100 4 2
351562.5
292968.75
100 4 3
390625.0
292968.75
100 4 2
371093.75
312500.0
100 4 3
351562.5
332031.25
100 4 3
390625.0
292968.75
100 4 2
371093.75
312500.0
100 4 3
390625.0
253906.25
100 4 2
390625.0
292968.75
100 4 3
371093.75
292968.75
100 4 3
371093.75
332031.25
100 4 3
390625.0
273437.5
100 4 2
390625.0
292968.75
100 4 2
371093.75
273437.5
100 4 2
390625.0
312500.0
100 4 3
390625.0
292968.75
100 4 2
371093.75
292968.75
100 4 3
371093.75
312500.0
100 4 2
390625.0
312500.0
100 4 2
390625.0
273437.5
100 4 3
410156.25
312500.0
100 4 3
371093.75
312500.0
100 4 3
371093.75
292968.75
100 4 3
390625.0
292968.75
100 4 2
390625.0
292968.75
100 4 3
429687.5
273437.5
100 4 2
410156.25
312500.0
100 4 3
351562.5
332031.25
177 4 3
859375.0
937500.0
177 4 3
937500.0
859375.0
177 4 3
859375.0
859375.0
177 4 3
937500.0
859375.0
177 4 3
937500.0
1015625.0
177 4 3
937500.0
781250.0
177 4 3
937500.0
859375.0
177 4 3
859375.0
859375.0
177 4 3
859375.0
859375.0
177 4 3
859375.0
937500.0
177 4 3
859375.0
859375.0
177 4 3
859375.0
859375.0
177 4 3
937500.0
859375.0
177 4 3
937500.0
937500.0
177 4 3
937500.0
859375.0
177 4 3
1015625.0
742187.5
177 4 3
937500.0
937500.0
177 4 3
859375.0
781250.0
177 4 3
859375.0
742187.5
177 4 3
937500.0
742187.5
177 4 3
859375.0
781250.0
177 4 3
859375.0
781250.0
177 4 3
1015625.0
820312.5
177 4 3
859375.0
820312.5
177 4 3
937500.0
781250.0
177 4 3
937500.0
820312.5
177 4 3
859375.0
820312.5
177 4 3
937500.0
742187.5
177 4 3
937500.0
742187.5
177 4 3
937500.0
742187.5
177 4 3
859375.0
820312.5
177 4 3
1054687.5
937500.0
316 4 3
2187500.0
2031250.0
316 4 3
2031250.0
2187500.0
316 4 4
2031250.0
2343750.0
316 4 3
1875000.0
2343750.0
316 4 3
2031250.0
2343750.0
316 4 4
1875000.0
2343750.0
316 4 4
2031250.0
2187500.0
316 4 4
2031250.0
2343750.0
316 4 4
2031250.0
2343750.0
316 4 4
2031250.0
1875000.0
316 4 3
2031250.0
2968750.0
316 4 3
2187500.0
2187500.0
316 4 3
2031250.0
2500000.0
316 4 4
2031250.0
2031250.0
316 4 4
2031250.0
2031250.0
316 4 3
2187500.0
2812500.0
316 4 3
1875000.0
2031250.0
316 4 3
2187500.0
2187500.0
316 4 4
2500000.0
2812500.0
316 4 4
2343750.0
2187500.0
316 4 3
2187500.0
2343750.0
316 4 3
2343750.0
2187500.0
316 4 3
2343750.0
2812500.0
316 4 3
2343750.0
2343750.0
316 4 3
2343750.0
2343750.0
316 4 3
2187500.0
2187500.0
316 4 3
2187500.0
2031250.0
316 4 3
2031250.0
2656250.0
316 4 3
2812500.0
2343750.0
316 4 3
2343750.0
2187500.0
316 4 4
2812500.0
2656250.0
562 4 4
4687500.0
5312500.0
562 4 4
6562500.0
1.5E7
562 4 4
4687500.0
6875000.0
316 4 3
2500000.0
4218750.0
562 4 4
5000000.0
6875000.0
562 4 4
5000000.0
6875000.0
562 4 4
5000000.0
6875000.0
562 4 4
5000000.0
6875000.0
562 4 4
4375000.0
5937500.0
562 4 4
5625000.0
6875000.0
562 4 4
4687500.0
6250000.0
562 4 4
5312500.0
6875000.0
562 4 4
4375000.0
6250000.0
562 4 4
5625000.0
6875000.0
562 4 4
4687500.0
5937500.0
562 4 4
8750000.0
7500000.0
562 4 4
5625000.0
6875000.0
562 4 3
8750000.0
7500000.0
562 4 4
5000000.0
5937500.0
562 4 3
4375000.0
6250000.0
562 4 4
9375000.0
6875000.0
562 4 4
8437500.0
6250000.0
562 4 4
4687500.0
5937500.0
562 4 4
5625000.0
6250000.0
562 4 4
4687500.0
6250000.0
562 4 4
5312500.0
6562500.0
562 4 4
5625000.0
6562500.0
562 4 4
5312500.0
6250000.0
562 4 3
8750000.0
5937500.0
562 4 4
7500000.0
5625000.0
562 4 4
5625000.0
6562500.0
562 4 4
5000000.0
8125000.0
562 4 4
5625000.0
5937500.0
1000 4 4
1.375E7
2.5E7
1000 4 4
1.25E7
3.25E7
1000 4 4
1.125E7
1.75E7
1000 4 5
1.0625E7
3.25E7
1000 4 4
1.125E7
2.0E7
1000 4 4
1.0625E7
1.75E7
1000 4 4
1.0625E7
1.75E7
1000 4 4
1.0E7
1.5E7
1000 4 5
1.1875E7
1.5E7
1000 4 4
1.0625E7
1.75E7
1000 4 4
1.125E7
1.75E7
1000 4 4
1.0E7
1.75E7
1000 4 4
1.0625E7
1.625E7
1000 4 5
9375000.0
1.625E7
1000 4 4
1.375E7
1.75E7
1000 4 4
1.625E7
2.75E7
1000 4 4
1.0E7
1.5E7
1000 4 4
1.0E7
1.625E7
1000 4 4
1.1875E7
1.875E7
1000 4 4
1.75E7
3.0E7
1000 4 4
1.625E7
3.25E7
1000 4 4
1.5E7
2.125E7
1000 4 4
1.1875E7
1.875E7
1000 4 4
1.75E7
3.75E7
1000 4 4
9375000.0
1.5E7
1778 4 5
3.75E7
1.2E8
1778 4 5
3.75E7
1.2E8
1000 4 4
1.0625E7
2.125E7
1000 4 4
1.75E7
4.25E7
1778 4 5
3.0E7
5.5E7
1000 4 4
1.375E7
1.875E7
1000 4 5
1.1875E7
1.75E7
1778 4 5
2.75E7
5.5E7
1000 4 4
1.1875E7
2.0E7
1000 4 4
1.125E7
1.5E7
1778 4 5
4.0E7
8.0E7
1000 4 4
1.1875E7
2.125E7
1778 4 5
6.0E7
5.5E7
1778 4 5
2.75E7
4.0E7
1778 4 5
2.75E7
4.5E7
1778 4 5
2.75E7
4.5E7
1778 4 5
4.0E7
7.0E7
1778 4 5
2.625E7
4.5E7
1778 4 5
3.0E7
4.75E7
1778 4 5
2.375E7
5.5E7
1778 4 5
2.25E7
4.75E7
1778 4 5
2.25E7
4.5E7
1778 4 5
2.75E7
5.0E7
1778 4 5
2.125E7
4.5E7
3162 4 5
5.5E7
1.7E8
1778 4 5
2.5E7
5.25E7
3162 4 5
5.5E7
1.8E8
1778 4 5
3.125E7
6.5E7
3162 4 5
6.0E7
1.7E8
1778 4 5
2.125E7
4.5E7
1778 4 5
3.5E7
1.1E8
3162 4 5
5.5E7
1.6E8
1778 4 5
2.875E7
5.5E7
1778 4 5
3.0E7
5.5E7
1778 4 5
2.5E7
4.25E7
1778 4 5
3.5E7
5.0E7
1778 4 5
3.625E7
1.4E8
3162 4 5
6.0E7
2.8E8
1778 4 5
2.625E7
5.0E7
1778 4 5
2.125E7
4.5E7
3162 4 5
5.5E7
1.8E8
1778 4 5
2.5E7
4.25E7
1778 4 5
2.375E7
4.5E7
3162 4 5
5.5E7
1.8E8
3162 4 5
5.5E7
2.1E8
3162 4 5
5.5E7
1.8E8
1778 4 5
3.25E7
5.25E7
3162 4 5
5.5E7
2.1E8
3162 4 5
7.0E7
3.4E8
3162 4 5
6.0E7
2.1E8
3162 4 5
5.5E7
1.9E8
1778 4 5
3.125E7
4.75E7
3162 4 5
7.5E7
3.6E8
3162 4 5
4.75E7
1.6E8
3162 4 5
1.1E8
2.2E8
3162 4 5
9.0E7
2.7E8
3162 4 5
7.0E7
1.8E8
3162 4 5
6.5E7
1.8E8
3162 4 5
9.0E7
1.7E8
3162 4 5
5.5E7
1.5E8
3162 4 5
1.1E8
1.7E8
3162 4 5
5.5E7
1.7E8
3162 4 5
7.0E7
1.7E8
3162 4 5
6.0E7
1.8E8
3162 4 5
5.5E7
1.8E8
3162 4 5
5.5E7
1.8E8
3162 4 5
1.1E8
2.6E8
3162 4 5
5.5E7
1.7E8
3162 4 5
5.0E7
1.5E8
3162 4 5
6.0E7
1.7E8
3162 4 5
5.75E7
3.7E8
5623 4 5
1.1E8
4.5E8
5623 4 5
1.1E8
4.4E8
5623 4 5
1.1E8
4.9E8
5623 4 5
1.1E8
4.4E8
5623 4 5
1.2E8
5.0E8
5623 4 5
1.1E8
4.5E8
5623 4 5
1.2E8
5.0E8
5623 4 5
1.2E8
5.5E8
5623 4 5
1.1E8
4.9E8
5623 4 5
1.3E8
5.6E8
5623 4 5
1.1E8
4.5E8
5623 4 5
1.25E8
5.4E8
5623 4 5
1.4E8
5.0E8
5623 4 5
1.2E8
5.7E8
5623 4 5
1.2E8
5.2E8
5623 4 5
1.3E8
5.4E8
5623 4 5
1.4E8
5.3E8
5623 4 5
1.2E8
5.2E8
5623 4 5
1.3E8
5.5E8
5623 4 5
1.2E8
8.3E8
5623 4 5
1.3E8
5.3E8
5623 4 5
1.4E8
4.8E8
5623 4 5
2.0E8
7.7E8
5623 4 5
1.3E8
8.5E8
5623 4 5
1.1E8
5.1E8
5623 4 5
1.4E8
4.4E8
5623 4 5
1.3E8
5.2E8
5623 4 5
1.3E8
9.5E8
5623 4 5
1.1E8
9.8E8
5623 4 5
2.4E8
8.4E8
5623 4 5
2.3E8
7.8E8
5623 4 5
1.4E8
7.7E8
10000 4 5
2.2E8
1.48E9
10000 4 5
2.3E8
1.58E9
10000 4 5
2.3E8
1.51E9
10000 4 5
2.1E8
1.55E9
10000 4 5
2.3E8
1.5E9
10000 4 5
3.0E8
1.78E9
10000 4 5
2.2E8
1.51E9
10000 4 5
2.6E8
1.58E9
10000 4 5
2.5E8
1.53E9
10000 4 5
2.7E8
1.95E9
10000 4 5
2.8E8
1.83E9
10000 4 5
2.4E8
1.51E9
10000 4 5
2.5E8
1.59E9
10000 4 5
2.6E8
1.77E9
10000 4 5
2.6E8
2.02E9
10000 4 5
2.6E8
1.68E9
10000 4 5
2.9E8
1.47E9
10000 4 5
2.3E8
1.59E9
10000 4 5
3.0E8
1.78E9
10000 4 5
2.5E8
1.7E9
10000 4 5
2.3E8
1.74E9
10000 4 5
2.7E8
1.84E9
10000 4 5
3.0E8
1.6E9
10000 4 5
2.8E8
1.99E9
10000 4 5
2.4E8
1.86E9
10000 4 5
3.6E8
2.07E9
10000 4 5
3.7E8
2.2E9
10000 4 5
3.3E8
2.33E9
10000 4 5
2.8E8
2.25E9
10000 4 5
4.0E8
2.19E9
10000 4 5
4.8E8
2.09E9
10000 4 5
4.4E8
2.45E9
17782 4 5
5.5E8
4.94E9
17782 4 5
5.3E8
5.7E9
17782 4 5
4.9E8
5.29E9
17782 4 5
6.7E8
5.21E9
17782 4 5
5.1E8
5.3E9
17782 4 5
7.0E8
5.69E9
17782 4 5
7.7E8
5.3E9
17782 4 5
7.5E8
5.54E9
17782 4 5
5.7E8
5.52E9
17782 4 5
4.9E8
6.22E9
17782 4 5
5.0E8
5.67E9
17782 4 5
4.8E8
5.72E9
17782 4 5
5.3E8
5.49E9
17782 4 5
6.8E8
5.98E9
17782 4 5
5.2E8
5.97E9
17782 4 5
5.3E8
5.99E9
17782 4 5
4.9E8
6.1E9
17782 4 5
5.2E8
6.02E9
17782 4 5
5.2E8
6.35E9
17782 4 5
5.3E8
6.04E9
17782 4 5
6.7E8
5.38E9
17782 4 5
5.0E8
5.82E9
17782 4 5
5.8E8
5.7E9
17782 4 5
5.3E8
5.49E9
17782 4 5
6.4E8
7.31E9
17782 4 5
7.9E8
6.99E9
17782 4 5
7.0E8
8.03E9
17782 4 5
7.9E8
7.72E9
17782 4 5
7.9E8
7.61E9
17782 4 5
7.3E8
8.27E9
17782 4 5
7.8E8
7.65E9
17782 4 5
7.8E8
8.45E9
31622 4 5
1.12E9
1.762E10
31622 4 5
1.12E9
1.933E10
31622 4 5
1.14E9
2.111E10
31622 4 5
1.01E9
2.226E10
31622 4 5
1.23E9
2.023E10
31622 4 5
1.11E9
2.108E10
31622 4 5
1.13E9
2.149E10
31622 4 5
1.18E9
2.213E10
31622 4 5
1.19E9
2.334E10
31622 4 5
1.04E9
2.358E10
31622 4 5
1.15E9
2.326E10
31622 4 5
1.11E9
2.417E10
31622 4 5
1.25E9
2.305E10
31622 4 5
1.19E9
2.347E10
31622 4 5
1.15E9
2.451E10
31622 4 5
1.22E9
2.411E10
31622 4 5
1.07E9
2.64E10
31622 4 5
1.09E9
2.538E10
31622 4 5
1.54E9
2.317E10
31622 4 5
1.2E9
2.702E10
31622 4 5
1.1E9
2.699E10
31622 4 5
1.22E9
2.676E10
31622 4 5
1.27E9
2.744E10
31622 4 5
1.29E9
2.335E10
31622 4 5
1.3E9
2.721E10
31622 4 5
1.27E9
2.833E10
31622 4 5
1.53E9
2.738E10
31622 4 5
1.46E9
2.581E10
31622 4 5
1.46E9
2.679E10
31622 4 5
1.42E9
2.781E10
31622 4 5
1.42E9
3.099E10
31622 4 5
1.22E9
3.468E10
56234 4 5
2.64E9
6.839E10
56234 4 5
1.99E9
7.355E10
56234 4 5
2.62E9
7.808E10
56234 4 5
2.34E9
8.503E10
56234 4 5
2.45E9
8.772E10
56234 4 5
2.46E9
8.064E10
56234 4 5
2.34E9
8.672E10
56234 4 5
2.28E9
9.449E10
56234 4 5
2.83E9
8.444E10
56234 4 5
2.05E9
9.386E10
56234 4 5
2.28E9
9.517E10
56234 4 5
2.27E9
9.045E10
56234 4 5
2.28E9
9.764E10
56234 4 5
2.45E9
9.074E10
56234 4 5
2.37E9
9.172E10
56234 4 5
2.71E9
8.437E10
56234 4 5
2.1E9
1.042E11
56234 4 5
2.76E9
9.217E10
56234 4 5
2.47E9
9.754E10
56234 4 5
2.81E9
9.622E10
56234 4 5
2.47E9
9.474E10
56234 4 5
2.58E9
9.643E10
56234 4 5
2.41E9
9.638E10
56234 4 5
2.34E9
1.0014E11
56234 4 5
2.62E9
1.0088E11
56234 4 5
2.72E9
9.581E10
56234 4 5
3.11E9
1.0036E11
56234 4 5
2.35E9
1.0388E11
56234 4 5
2.42E9
9.78E10
56234 4 5
2.07E9
9.588E10
56234 4 5
2.3E9
1.0546E11
56234 4 5
2.4E9
1.0739E11
100000 4 5
4.86E9
2.8765E11
100000 4 5
5.65E9
3.006E11
100000 4 5
5.68E9
3.2662E11
100000 4 5
4.89E9
3.1674E11
100000 4 5
4.77E9
3.2216E11
100000 4 5
5.82E9
3.0932E11
100000 4 5
5.11E9
3.239E11
100000 4 5
5.12E9
3.2786E11
100000 4 5
4.79E9
3.118E11
100000 4 5
6.62E9
3.2228E11
100000 4 5
5.7E9
3.2268E11
100000 4 5
5.41E9
3.281E11
100000 4 5
4.54E9
3.2686E11
100000 4 5
6.49E9
3.2751E11
100000 4 5
5.73E9
3.2877E11
100000 4 5
4.66E9
3.1946E11
100000 4 5
5.19E9
3.3627E11
100000 4 5
5.13E9
3.4519E11
100000 4 5
7.22E9
3.3302E11
100000 4 5
5.26E9
3.4644E11
100000 4 5
6.06E9
3.381E11
100000 4 5
4.8E9
3.3018E11
100000 4 5
6.16E9
3.3548E11
100000 4 5
4.72E9
3.4458E11
100000 4 5
4.57E9
3.4785E11
100000 4 5
5.9E9
3.4703E11
100000 4 5
5.8E9
3.5581E11
100000 4 5
4.62E9
3.4625E11
100000 4 5
7.21E9
3.5183E11
100000 4 5
5.64E9
3.5707E11
100000 4 5
5.78E9
3.6552E11
100000 4 5
7.02E9
3.587E11
