100 3 5
625000.0
234375.0
100 3 4
429687.5
234375.0
100 3 4
234375.0
273437.5
100 3 4
429687.5
214843.75
100 3 5
234375.0
234375.0
100 3 5
234375.0
214843.75
100 3 4
429687.5
292968.75
100 3 4
253906.25
234375.0
100 3 5
234375.0
214843.75
100 3 5
234375.0
234375.0
100 3 4
273437.5
234375.0
100 3 5
273437.5
234375.0
100 3 4
292968.75
253906.25
100 3 3
273437.5
312500.0
100 3 4
292968.75
253906.25
100 3 5
273437.5
234375.0
100 3 4
292968.75
214843.75
100 3 4
234375.0
234375.0
100 3 4
253906.25
332031.25
100 3 5
273437.5
234375.0
100 3 4
253906.25
234375.0
100 3 5
273437.5
234375.0
100 3 4
332031.25
253906.25
100 3 4
292968.75
292968.75
100 3 4
351562.5
273437.5
100 3 4
273437.5
214843.75
100 3 5
312500.0
253906.25
100 3 4
292968.75
332031.25
100 3 4
273437.5
273437.5
100 3 4
292968.75
332031.25
100 3 4
371093.75
234375.0
100 3 4
292968.75
214843.75
177 3 4
1875000.0
1875000.0
177 3 5
429687.5
507812.5
177 3 5
507812.5
546875.0
177 3 5
1250000.0
1718750.0
177 3 5
507812.5
507812.5
177 3 5
937500.0
585937.5
177 3 5
507812.5
546875.0
177 3 4
546875.0
546875.0
177 3 5
585937.5
625000.0
177 3 5
468750.0
546875.0
177 3 5
507812.5
546875.0
177 3 5
468750.0
546875.0
177 3 5
664062.5
625000.0
177 3 5
625000.0
585937.5
177 3 5
625000.0
703125.0
177 3 5
664062.5
625000.0
177 3 5
664062.5
703125.0
177 3 5
664062.5
664062.5
177 3 4
703125.0
742187.5
177 3 5
742187.5
703125.0
177 3 5
742187.5
703125.0
177 3 5
703125.0
742187.5
177 3 5
1406250.0
1171875.0
177 3 5
703125.0
703125.0
177 3 5
664062.5
585937.5
177 3 5
1679687.5
859375.0
177 3 5
703125.0
820312.5
177 3 5
703125.0
625000.0
177 3 5
1835937.5
546875.0
177 3 5
1562500.0
585937.5
177 3 6
2031250.0
585937.5
177 3 6
1875000.0
820312.5
316 3 6
937500.0
1250000.0
316 3 6
1718750.0
4687500.0
316 3 6
1093750.0
1875000.0
316 3 6
1171875.0
1718750.0
316 3 6
1093750.0
2031250.0
316 3 6
1015625.0
1406250.0
316 3 6
1093750.0
1796875.0
316 3 6
1015625.0
2031250.0
316 3 6
3750000.0
1796875.0
316 3 6
937500.0
1328125.0
316 3 6
937500.0
1875000.0
316 3 7
1171875.0
2031250.0
316 3 6
1250000.0
1875000.0
316 3 6
1250000.0
2031250.0
316 3 6
937500.0
1484375.0
316 3 6
937500.0
1328125.0
316 3 6
1015625.0
1328125.0
316 3 6
1328125.0
2031250.0
316 3 6
1015625.0
1328125.0
316 3 6
1093750.0
2578125.0
316 3 6
1171875.0
2343750.0
316 3 6
1328125.0
2031250.0
316 3 6
1796875.0
1562500.0
316 3 7
1484375.0
1718750.0
316 3 7
2187500.0
4687500.0
316 3 7
1562500.0
1718750.0
562 3 8
1875000.0
4062500.0
316 3 6
1640625.0
1875000.0
316 3 6
5000000.0
3437500.0
562 3 7
3750000.0
4375000.0
562 3 8
2031250.0
4062500.0
316 3 6
3671875.0
1718750.0
562 3 8
3437500.0
4687500.0
562 3 8
3437500.0
4687500.0
316 3 6
5312500.0
2500000.0
316 3 6
5312500.0
2343750.0
562 3 7
2187500.0
3750000.0
562 3 7
1.125E7
5937500.0
316 3 6
4453125.0
2968750.0
562 3 7
2500000.0
3750000.0
562 3 8
2187500.0
3750000.0
562 3 8
3281250.0
4687500.0
562 3 7
2812500.0
4687500.0
562 3 7
2343750.0
7500000.0
562 3 6
2343750.0
3750000.0
562 3 7
2343750.0
4375000.0
562 3 8
2500000.0
5000000.0
562 3 8
8125000.0
9375000.0
562 3 7
2812500.0
5312500.0
562 3 7
2187500.0
3750000.0
562 3 8
2656250.0
4375000.0
562 3 8
2031250.0
3437500.0
562 3 7
2031250.0
3750000.0
562 3 8
2500000.0
4687500.0
562 3 7
2187500.0
5625000.0
562 3 7
2500000.0
3750000.0
562 3 7
2500000.0
4375000.0
562 3 7
3750000.0
8750000.0
562 3 7
3437500.0
4375000.0
562 3 7
3750000.0
5000000.0
562 3 7
7187500.0
7500000.0
562 3 8
6406250.0
1.375E7
1000 3 9
4687500.0
9375000.0
1000 3 9
6875000.0
1.375E7
1000 3 8
4375000.0
1.0E7
562 3 7
3281250.0
5625000.0
1000 3 9
4062500.0
1.0E7
1000 3 9
4375000.0
8750000.0
1000 3 9
2.0E7
3.125E7
1000 3 9
1.4375E7
5.0E7
1000 3 9
5625000.0
1.75E7
562 3 8
7187500.0
2.625E7
1000 3 9
4375000.0
1.625E7
1000 3 9
1.6875E7
1.2E8
1000 3 9
6250000.0
1.75E7
1000 3 9
5937500.0
1.75E7
1000 3 9
4062500.0
1.0E7
1000 3 9
5000000.0
1.3125E7
1000 3 10
4375000.0
1.0E7
1000 3 9
5625000.0
1.375E7
1000 3 8
7500000.0
1.5E7
1000 3 8
5000000.0
1.5E7
1000 3 9
4062500.0
1.0E7
1000 3 9
1.375E7
5.25E7
1000 3 10
7500000.0
1.375E7
1000 3 9
5937500.0
1.375E7
1000 3 8
4687500.0
1.4375E7
1000 3 9
4375000.0
1.5E7
1000 3 9
6562500.0
1.5E7
1000 3 8
6250000.0
1.375E7
1000 3 8
2.375E7
2.75E7
1000 3 9
8125000.0
1.375E7
1778 3 11
1.2E8
6.5E7
1778 3 10
8750000.0
2.75E7
1778 3 10
8125000.0
3.0E7
1000 3 9
5312500.0
1.1875E7
1778 3 10
1.5E7
3.5E7
1778 3 10
8125000.0
2.75E7
1000 3 8
4375000.0
1.0E7
1000 3 9
2.875E7
2.75E7
1778 3 10
1.375E7
4.0E7
1778 3 10
2.75E7
1.15E8
1778 3 10
1.375E7
4.0E7
1778 3 11
3.0E7
2.1E8
1778 3 11
1.25E7
4.75E7
1000 3 9
4.5E7
5.375E7
3162 3 13
3.0E7
1.6E8
1778 3 10
9375000.0
2.875E7
1778 3 10
4.0E7
2.5E8
1778 3 10
8125000.0
3.0E7
1778 3 11
1.375E7
4.5E7
1778 3 10
9375000.0
2.625E7
1778 3 10
5.0E7
1.8E8
1778 3 10
1.3125E7
3.75E7
1778 3 10
1.375E7
4.25E7
1778 3 10
8750000.0
2.5E7
1778 3 10
1.3125E7
4.0E7
1778 3 10
2.75E7
2.25E8
1778 3 10
8750000.0
2.625E7
3162 3 12
1.625E7
7.0E7
1778 3 10
1.375E7
3.75E7
1778 3 11
1.4375E7
3.75E7
1778 3 11
1.5E7
3.5E7
1778 3 10
1.3125E7
4.0E7
1778 3 10
1.4375E7
4.25E7
1778 3 10
1.375E7
3.25E7
1778 3 11
1.3125E7
3.5E7
1778 3 10
5.25E7
1.4E8
3162 3 12
1.875E7
7.5E7
1778 3 11
1.4375E7
3.5E7
1778 3 10
7500000.0
2.75E7
3162 3 12
1.75E7
1.2E8
3162 3 12
1.1E8
3.4E8
3162 3 12
1.2E8
2.9E8
3162 3 12
2.75E7
1.6E8
3162 3 12
5.5E7
2.8E8
3162 3 12
2.75E7
1.3E8
3162 3 12
2.75E7
1.3E8
3162 3 13
3.0E7
1.3E8
3162 3 12
2.75E7
1.7E8
3162 3 12
2.375E7
1.6E8
3162 3 12
1.625E7
1.3E8
3162 3 12
2.5E7
1.4E8
3162 3 13
2.75E7
1.4E8
3162 3 13
2.875E7
1.2E8
3162 3 12
6.0E7
3.5E8
3162 3 12
1.875E7
8.5E7
3162 3 12
2.875E7
1.1E8
3162 3 12
1.75E7
7.5E7
3162 3 12
1.75E7
8.5E7
3162 3 13
2.625E7
1.4E8
3162 3 12
2.375E7
1.4E8
3162 3 12
2.75E7
1.7E8
3162 3 12
2.5E7
1.6E8
3162 3 12
6.5E7
2.5E8
3162 3 12
8.0E7
3.5E8
3162 3 12
1.625E7
1.1E8
3162 3 12
5.75E7
7.0E7
3162 3 12
7.5E7
2.1E8
5623 3 13
3.25E7
3.5E8
3162 3 12
3.125E7
3.6E8
5623 3 13
3.5E7
2.7E8
5623 3 13
3.0E7
3.6E8
5623 3 13
1.1E8
4.4E8
5623 3 13
5.5E7
2.8E8
5623 3 13
3.0E7
2.7E8
5623 3 13
3.25E7
2.7E8
5623 3 13
1.5E8
5.7E8
5623 3 13
3.0E7
2.7E8
5623 3 13
3.5E7
2.4E8
5623 3 13
5.5E7
3.8E8
5623 3 13
1.4E8
4.4E8
5623 3 13
5.75E7
4.5E8
5623 3 13
1.2E8
3.5E8
5623 3 13
4.25E7
3.9E8
5623 3 13
5.5E7
5.7E8
5623 3 13
6.5E7
3.9E8
5623 3 13
3.0E7
2.6E8
5623 3 13
1.05E8
5.7E8
5623 3 13
4.5E7
4.2E8
5623 3 13
5.0E7
3.8E8
5623 3 13
3.0E7
3.0E8
5623 3 13
6.0E7
3.9E8
5623 3 13
5.5E7
7.3E8
5623 3 13
4.75E7
4.1E8
5623 3 13
1.45E8
3.0E8
5623 3 13
4.75E7
3.2E8
5623 3 13
1.2E8
2.7E8
5623 3 13
5.5E7
3.5E8
5623 3 13
5.0E7
6.4E8
5623 3 13
4.5E7
9.7E8
5623 3 13
1.7E8
8.7E8
10000 3 13
7.0E7
8.3E8
10000 3 13
7.0E7
8.0E8
10000 3 13
3.4E8
1.11E9
10000 3 13
7.5E7
8.1E8
10000 3 13
8.0E7
1.04E9
10000 3 13
9.5E7
9.6E8
10000 3 13
1.1E8
9.6E8
10000 3 13
6.0E7
8.4E8
10000 3 13
8.0E7
9.7E8
10000 3 13
6.0E7
8.2E8
10000 3 13
7.5E7
1.06E9
10000 3 13
1.1E8
9.4E8
10000 3 13
1.4E8
1.41E9
10000 3 13
1.0E8
1.11E9
10000 3 13
9.0E7
1.36E9
10000 3 13
1.1E8
1.2E9
10000 3 13
1.75E8
1.46E9
10000 3 13
7.0E7
1.53E9
10000 3 13
9.0E7
1.21E9
10000 3 13
1.1E8
9.9E8
10000 3 13
1.1E8
1.16E9
10000 3 13
1.1E8
1.18E9
10000 3 13
1.1E8
1.31E9
10000 3 13
9.5E7
1.12E9
10000 3 13
1.95E8
2.2E9
10000 3 13
4.7E8
1.7E9
10000 3 13
1.3E8
2.36E9
10000 3 13
2.2E8
2.78E9
10000 3 13
1.0E8
2.42E9
10000 3 13
4.6E8
2.27E9
17782 3 13
1.3E8
2.8E9
10000 3 13
1.8E8
3.19E9
17782 3 13
1.4E8
2.89E9
17782 3 13
1.7E8
2.71E9
17782 3 13
1.6E8
2.78E9
17782 3 13
1.5E8
2.91E9
10000 3 13
4.8E8
2.95E9
17782 3 13
1.3E8
3.37E9
17782 3 13
1.9E8
2.93E9
17782 3 13
2.2E8
3.32E9
17782 3 13
1.6E8
3.4E9
17782 3 13
1.9E8
3.22E9
17782 3 13
2.2E8
3.22E9
17782 3 13
1.5E8
3.87E9
17782 3 13
1.7E8
3.26E9
17782 3 13
1.8E8
3.31E9
17782 3 13
1.9E8
3.63E9
17782 3 13
2.0E8
3.33E9
17782 3 13
1.9E8
3.71E9
17782 3 13
2.2E8
4.01E9
17782 3 13
1.9E8
4.25E9
17782 3 13
2.2E8
4.35E9
17782 3 13
2.3E8
3.4E9
17782 3 13
2.1E8
3.99E9
17782 3 13
2.0E8
4.34E9
17782 3 13
2.4E8
3.13E9
17782 3 13
1.4E8
2.61E9
17782 3 13
5.0E8
3.41E9
17782 3 13
3.5E8
5.72E9
17782 3 13
5.2E8
6.03E9
17782 3 13
4.5E8
6.39E9
17782 3 13
2.4E8
7.77E9
17782 3 13
3.4E8
6.39E9
17782 3 13
4.3E8
7.13E9
31622 3 13
2.8E8
1.226E10
31622 3 13
2.7E8
9.04E9
31622 3 13
3.0E8
1.257E10
31622 3 13
3.5E8
1.172E10
31622 3 13
3.1E8
1.253E10
31622 3 13
2.8E8
1.211E10
31622 3 13
3.1E8
1.303E10
31622 3 13
2.4E8
1.145E10
31622 3 13
2.6E8
1.408E10
31622 3 13
2.9E8
1.365E10
31622 3 13
5.0E8
1.423E10
31622 3 13
5.6E8
1.506E10
31622 3 13
2.8E8
1.544E10
31622 3 13
2.6E8
1.598E10
31622 3 13
4.6E8
1.527E10
31622 3 13
2.7E8
1.722E10
31622 3 13
4.2E8
1.484E10
31622 3 13
3.7E8
1.6E10
31622 3 13
4.3E8
1.645E10
31622 3 13
5.0E8
1.588E10
31622 3 13
4.2E8
1.698E10
31622 3 13
4.2E8
1.647E10
31622 3 13
4.4E8
1.717E10
31622 3 13
4.6E8
1.804E10
31622 3 13
2.9E8
1.654E10
31622 3 13
4.2E8
2.036E10
31622 3 13
7.2E8
1.666E10
31622 3 13
5.5E8
1.717E10
31622 3 13
7.2E8
1.68E10
31622 3 13
8.1E8
1.673E10
31622 3 13
2.4E8
1.845E10
31622 3 13
8.2E8
2.475E10
56234 3 13
5.9E8
4.318E10
56234 3 13
5.5E8
4.562E10
56234 3 13
6.6E8
3.952E10
56234 3 13
6.7E8
4.521E10
56234 3 13
5.7E8
4.797E10
56234 3 13
7.1E8
5.315E10
56234 3 13
6.2E8
5.762E10
56234 3 13
6.9E8
5.758E10
56234 3 13
6.7E8
5.558E10
56234 3 13
8.5E8
4.966E10
56234 3 13
7.2E8
5.641E10
56234 3 13
6.6E8
5.546E10
56234 3 13
8.5E8
5.954E10
56234 3 13
8.0E8
5.326E10
56234 3 13
6.6E8
6.099E10
56234 3 13
8.3E8
5.338E10
56234 3 13
7.3E8
5.952E10
56234 3 13
8.1E8
5.54E10
56234 3 13
6.1E8
6.099E10
56234 3 13
6.5E8
6.404E10
56234 3 13
6.8E8
6.66E10
56234 3 13
7.3E8
6.609E10
56234 3 13
5.9E8
6.915E10
56234 3 13
7.8E8
5.896E10
56234 3 13
6.3E8
6.197E10
56234 3 13
7.8E8
6.226E10
56234 3 13
7.1E8
6.788E10
56234 3 13
7.5E8
6.331E10
56234 3 13
8.5E8
7.368E10
56234 3 13
7.3E8
7.302E10
56234 3 13
6.9E8
7.642E10
56234 3 13
7.2E8
7.396E10
100000 3 13
1.11E9
1.8569E11
100000 3 13
1.64E9
1.9941E11
100000 3 13
1.51E9
1.9983E11
100000 3 13
1.52E9
2.1348E11
100000 3 13
1.2E9
2.1389E11
100000 3 13
1.47E9
1.8814E11
100000 3 13
1.47E9
2.0319E11
100000 3 13
1.23E9
1.903E11
100000 3 13
1.18E9
2.053E11
100000 3 13
1.89E9
2.0803E11
100000 3 13
1.39E9
2.1029E11
100000 3 13
1.34E9
2.0107E11
100000 3 13
2.22E9
2.0688E11
100000 3 13
1.38E9
1.9705E11
100000 3 13
1.41E9
1.9934E11
100000 3 13
1.3E9
2.0539E11
100000 3 13
1.56E9
2.0594E11
100000 3 13
2.05E9
2.063E11
100000 3 13
1.35E9
1.9384E11
100000 3 13
1.31E9
2.1702E11
100000 3 13
1.3E9
2.0837E11
100000 3 13
1.7E9
2.3454E11
100000 3 13
2.05E9
2.11E11
100000 3 13
1.4E9
2.0284E11
100000 3 13
1.33E9
2.183E11
100000 3 13
1.33E9
2.1744E11
100000 3 13
1.77E9
2.2621E11
100000 3 13
1.33E9
2.2317E11
100000 3 13
1.85E9
2.1538E11
100000 3 13
1.41E9
2.0878E11
100000 3 13
1.25E9
2.1891E11
100000 3 13
1.11E9
2.3881E11
