100 7 1
546875.0
429687.5
100 7 1
507812.5
468750.0
100 7 1
585937.5
429687.5
100 7 1
585937.5
429687.5
100 7 1
585937.5
429687.5
100 7 1
625000.0
429687.5
100 7 1
546875.0
468750.0
100 7 1
585937.5
468750.0
100 7 1
546875.0
429687.5
100 7 1
585937.5
429687.5
100 7 1
585937.5
429687.5
100 7 1
625000.0
429687.5
100 7 1
546875.0
429687.5
100 7 1
546875.0
429687.5
100 7 1
585937.5
468750.0
100 7 1
546875.0
429687.5
100 7 2
585937.5
429687.5
100 7 1
546875.0
429687.5
100 7 1
546875.0
429687.5
100 7 1
625000.0
429687.5
100 7 1
585937.5
371093.75
100 7 1
585937.5
410156.25
100 7 1
585937.5
410156.25
100 7 1
625000.0
371093.75
100 7 1
585937.5
429687.5
100 7 2
585937.5
390625.0
100 7 1
585937.5
390625.0
100 7 1
546875.0
410156.25
100 7 2
585937.5
371093.75
100 7 2
546875.0
410156.25
100 7 1
625000.0
390625.0
100 7 1
625000.0
410156.25
177 7 1
1406250.0
1093750.0
177 7 2
1406250.0
1093750.0
177 7 1
1484375.0
1093750.0
177 7 1
1406250.0
1328125.0
177 7 2
1484375.0
1640625.0
177 7 2
1640625.0
1171875.0
177 7 2
1406250.0
1093750.0
177 7 1
1562500.0
1640625.0
177 7 2
1562500.0
1406250.0
177 7 2
1484375.0
1250000.0
177 7 2
1484375.0
2187500.0
177 7 1
1406250.0
1328125.0
177 7 1
1562500.0
1484375.0
177 7 1
1796875.0
1328125.0
177 7 1
1562500.0
1718750.0
177 7 1
1484375.0
1562500.0
177 7 1
1562500.0
1171875.0
177 7 2
1562500.0
1015625.0
177 7 2
1406250.0
1093750.0
177 7 1
1406250.0
937500.0
177 7 1
1406250.0
1015625.0
177 7 2
1406250.0
1015625.0
177 7 1
1562500.0
1015625.0
177 7 2
1484375.0
1015625.0
177 7 2
1484375.0
1015625.0
177 7 1
1484375.0
1015625.0
177 7 1
1484375.0
1093750.0
177 7 1
1640625.0
1093750.0
177 7 1
1562500.0
1015625.0
177 7 2
1484375.0
1093750.0
177 7 1
1640625.0
1015625.0
177 7 2
1562500.0
1015625.0
316 7 2
3750000.0
3437500.0
316 7 2
3437500.0
3750000.0
316 7 2
3437500.0
3437500.0
316 7 1
3750000.0
3437500.0
316 7 1
3437500.0
2968750.0
316 7 2
3437500.0
2968750.0
316 7 2
3437500.0
2968750.0
316 7 1
3750000.0
3437500.0
316 7 2
3750000.0
3125000.0
316 7 2
3750000.0
3125000.0
316 7 1
3437500.0
3281250.0
316 7 2
3750000.0
3281250.0
316 7 1
3750000.0
3125000.0
316 7 2
3750000.0
3125000.0
316 7 2
4062500.0
3437500.0
316 7 1
3750000.0
3281250.0
316 7 1
4062500.0
2968750.0
316 7 2
3750000.0
3281250.0
316 7 2
3750000.0
3125000.0
316 7 2
3750000.0
3437500.0
316 7 1
3750000.0
3281250.0
316 7 2
4062500.0
3750000.0
316 7 2
4062500.0
3125000.0
316 7 2
3750000.0
3125000.0
316 7 2
3750000.0
2968750.0
316 7 2
3750000.0
2968750.0
316 7 2
4062500.0
2968750.0
316 7 1
3750000.0
3125000.0
316 7 2
4062500.0
3437500.0
562 7 2
8750000.0
8750000.0
562 7 2
8750000.0
1.0E7
316 7 2
3750000.0
4062500.0
562 7 2
8750000.0
1.0E7
316 7 2
4062500.0
4218750.0
562 7 2
1.0625E7
1.375E7
562 7 2
8750000.0
1.375E7
562 7 2
8750000.0
1.3125E7
316 7 2
4687500.0
2968750.0
562 7 2
9375000.0
8125000.0
562 7 2
9375000.0
1.1875E7
562 7 2
9375000.0
9375000.0
562 7 2
1.0E7
9375000.0
562 7 2
1.0E7
8750000.0
562 7 1
8750000.0
9375000.0
562 7 2
1.0E7
8750000.0
562 7 2
9375000.0
1.0E7
562 7 2
1.0625E7
8750000.0
562 7 2
1.0E7
8125000.0
562 7 2
1.0625E7
1.0E7
562 7 2
1.0E7
1.0E7
562 7 2
1.0E7
9375000.0
562 7 2
1.125E7
9375000.0
562 7 2
1.0E7
8750000.0
562 7 2
1.125E7
9375000.0
562 7 2
1.0E7
9375000.0
562 7 2
8750000.0
9375000.0
562 7 2
1.0E7
8125000.0
562 7 2
1.0625E7
8125000.0
562 7 2
1.0E7
8750000.0
562 7 2
9375000.0
1.0625E7
562 7 2
1.0E7
8750000.0
562 7 1
1.0E7
9375000.0
562 7 2
1.0625E7
9375000.0
1000 7 2
2.5E7
2.75E7
1000 7 2
2.375E7
3.25E7
562 7 2
1.0E7
1.0E7
1000 7 2
2.5E7
3.5E7
1000 7 2
2.75E7
2.875E7
1000 7 2
2.375E7
3.0E7
1000 7 2
2.5E7
2.75E7
1000 7 2
2.375E7
3.0E7
1000 7 2
2.25E7
3.0E7
1000 7 2
2.75E7
2.75E7
1000 7 2
2.5E7
3.0E7
1000 7 2
2.5E7
2.75E7
1000 7 2
2.75E7
2.75E7
1000 7 2
2.5E7
3.0E7
1000 7 2
2.75E7
2.75E7
1000 7 2
2.5E7
3.25E7
1000 7 2
2.875E7
2.625E7
1000 7 2
2.375E7
2.75E7
1000 7 2
2.5E7
2.75E7
1000 7 2
2.5E7
2.75E7
1000 7 2
2.375E7
2.75E7
1000 7 2
2.5E7
2.625E7
1000 7 2
2.375E7
3.0E7
1000 7 2
2.5E7
3.25E7
1000 7 2
2.375E7
2.875E7
1000 7 2
2.5E7
3.0E7
1000 7 2
2.5E7
3.25E7
1778 7 2
6.0E7
9.0E7
1000 7 2
2.375E7
3.25E7
1778 7 2
6.5E7
1.3E8
1000 7 2
2.375E7
3.25E7
1000 7 2
2.625E7
3.5E7
1778 7 2
6.0E7
1.0E8
1000 7 2
2.5E7
3.0E7
1000 7 2
2.625E7
2.75E7
1778 7 2
6.0E7
9.5E7
1778 7 2
6.5E7
1.05E8
1778 7 2
6.5E7
9.0E7
1000 7 2
2.625E7
3.125E7
1778 7 2
6.0E7
8.5E7
1778 7 2
6.5E7
1.4E8
1778 7 2
5.5E7
9.0E7
1778 7 2
7.0E7
1.3E8
1778 7 2
6.5E7
1.25E8
1778 7 2
7.5E7
1.4E8
1778 7 2
6.0E7
8.5E7
1778 7 2
6.0E7
9.5E7
1778 7 2
6.0E7
8.5E7
1778 7 2
6.5E7
9.0E7
1778 7 2
6.5E7
8.5E7
1778 7 2
6.0E7
1.1E8
1778 7 2
7.0E7
1.15E8
1778 7 2
5.5E7
1.2E8
1778 7 2
7.5E7
1.0E8
1778 7 2
5.5E7
8.5E7
1778 7 2
6.5E7
1.2E8
1778 7 2
6.5E7
8.5E7
1778 7 2
6.5E7
1.3E8
1778 7 2
6.5E7
1.3E8
1778 7 2
6.0E7
1.3E8
1778 7 2
6.0E7
8.0E7
1778 7 2
6.5E7
1.05E8
1778 7 2
6.5E7
8.0E7
1778 7 2
7.0E7
1.8E8
1778 7 2
6.5E7
7.5E7
3162 7 2
1.5E8
2.4E8
3162 7 2
1.4E8
3.1E8
3162 7 2
1.6E8
3.0E8
3162 7 2
1.5E8
2.5E8
3162 7 2
1.4E8
2.7E8
3162 7 2
1.7E8
2.8E8
3162 7 2
1.9E8
2.9E8
3162 7 2
1.8E8
3.1E8
3162 7 2
1.6E8
4.0E8
3162 7 2
1.6E8
3.8E8
3162 7 2
1.8E8
3.6E8
3162 7 2
1.7E8
3.1E8
3162 7 2
1.9E8
3.5E8
3162 7 2
1.5E8
2.8E8
3162 7 2
1.7E8
3.1E8
3162 7 2
1.5E8
2.9E8
3162 7 2
1.5E8
2.9E8
3162 7 2
1.4E8
3.0E8
3162 7 2
1.4E8
3.6E8
3162 7 2
1.4E8
3.1E8
3162 7 2
1.7E8
3.1E8
3162 7 2
1.4E8
3.2E8
3162 7 2
1.4E8
3.1E8
3162 7 2
1.5E8
3.0E8
3162 7 2
1.5E8
3.1E8
3162 7 2
1.4E8
3.7E8
3162 7 2
1.5E8
3.5E8
3162 7 2
1.6E8
3.0E8
3162 7 2
1.4E8
3.6E8
3162 7 2
1.5E8
3.6E8
3162 7 2
1.5E8
3.6E8
3162 7 2
1.5E8
2.8E8
5623 7 2
3.8E8
9.1E8
5623 7 3
3.7E8
1.02E9
5623 7 2
3.9E8
1.05E9
5623 7 2
3.3E8
1.0E9
5623 7 2
3.5E8
1.05E9
5623 7 2
3.5E8
1.04E9
5623 7 2
3.7E8
1.14E9
5623 7 2
3.6E8
1.17E9
5623 7 2
3.3E8
1.16E9
5623 7 2
3.4E8
9.4E8
5623 7 2
3.6E8
9.4E8
5623 7 2
3.5E8
1.06E9
5623 7 3
3.6E8
1.0E9
5623 7 2
3.7E8
9.6E8
5623 7 2
3.4E8
1.07E9
5623 7 2
3.5E8
1.04E9
5623 7 2
3.5E8
1.29E9
5623 7 2
3.5E8
1.33E9
5623 7 2
3.7E8
1.14E9
5623 7 3
3.6E8
1.39E9
5623 7 2
3.3E8
1.33E9
5623 7 2
3.4E8
1.26E9
5623 7 2
3.4E8
1.26E9
5623 7 2
3.4E8
1.52E9
5623 7 2
3.4E8
1.33E9
5623 7 2
3.5E8
1.58E9
5623 7 2
3.5E8
1.29E9
5623 7 2
3.4E8
1.25E9
5623 7 2
3.6E8
1.46E9
5623 7 2
3.4E8
1.47E9
5623 7 2
3.7E8
1.4E9
5623 7 2
3.4E8
1.45E9
10000 7 2
9.2E8
3.72E9
10000 7 3
7.8E8
3.46E9
10000 7 3
8.0E8
3.49E9
10000 7 2
7.5E8
4.01E9
10000 7 3
7.8E8
3.83E9
10000 7 2
7.9E8
3.83E9
10000 7 2
7.5E8
4.02E9
10000 7 3
8.1E8
3.91E9
10000 7 2
7.9E8
3.96E9
10000 7 2
7.8E8
3.87E9
10000 7 2
8.1E8
3.77E9
10000 7 2
8.2E8
3.73E9
10000 7 3
7.9E8
3.8E9
10000 7 2
7.9E8
3.76E9
10000 7 2
7.8E8
3.66E9
10000 7 2
8.0E8
3.49E9
10000 7 3
8.1E8
3.97E9
10000 7 2
7.9E8
3.58E9
10000 7 2
8.5E8
4.1E9
10000 7 3
7.9E8
3.82E9
10000 7 2
7.9E8
4.14E9
10000 7 2
8.0E8
4.3E9
10000 7 2
7.9E8
4.39E9
10000 7 3
7.8E8
4.25E9
10000 7 2
7.9E8
4.45E9
10000 7 2
7.8E8
3.93E9
10000 7 2
7.9E8
4.37E9
10000 7 2
7.9E8
4.28E9
10000 7 2
7.8E8
4.59E9
10000 7 2
9.1E8
4.09E9
10000 7 3
1.04E9
3.99E9
10000 7 3
8.2E8
4.52E9
17782 7 2
1.82E9
9.58E9
17782 7 3
1.81E9
9.62E9
17782 7 3
1.81E9
1.096E10
17782 7 3
1.87E9
1.078E10
17782 7 2
1.72E9
1.255E10
17782 7 3
1.83E9
1.134E10
17782 7 2
1.83E9
1.13E10
17782 7 2
1.86E9
1.105E10
17782 7 3
1.82E9
1.242E10
17782 7 3
2.02E9
1.264E10
17782 7 2
1.89E9
1.316E10
17782 7 3
1.83E9
1.269E10
17782 7 3
1.83E9
1.363E10
17782 7 2
1.81E9
1.386E10
17782 7 3
1.89E9
1.317E10
17782 7 3
1.81E9
1.448E10
17782 7 3
1.88E9
1.395E10
17782 7 2
2.01E9
1.371E10
17782 7 3
1.74E9
1.378E10
17782 7 3
1.88E9
1.347E10
17782 7 3
1.87E9
1.429E10
17782 7 3
1.71E9
1.458E10
17782 7 3
1.82E9
1.441E10
17782 7 3
1.64E9
1.439E10
17782 7 3
1.89E9
1.318E10
17782 7 3
2.0E9
1.43E10
17782 7 3
1.66E9
1.52E10
17782 7 3
2.06E9
1.372E10
17782 7 3
1.88E9
1.475E10
17782 7 3
1.84E9
1.497E10
17782 7 3
1.92E9
1.516E10
17782 7 3
1.91E9
1.487E10
31622 7 3
4.34E9
3.505E10
31622 7 3
4.3E9
3.786E10
31622 7 3
4.39E9
3.854E10
31622 7 3
4.48E9
4.451E10
31622 7 3
4.63E9
4.271E10
31622 7 3
4.39E9
4.801E10
31622 7 3
4.61E9
4.55E10
31622 7 3
4.82E9
4.619E10
31622 7 3
4.28E9
4.798E10
31622 7 3
4.5E9
5.281E10
31622 7 3
4.56E9
4.877E10
31622 7 3
4.41E9
4.87E10
31622 7 3
4.41E9
4.929E10
31622 7 3
4.27E9
4.801E10
31622 7 3
4.35E9
5.144E10
31622 7 3
4.31E9
4.971E10
31622 7 3
4.31E9
4.952E10
31622 7 3
4.36E9
4.924E10
31622 7 3
4.76E9
5.228E10
31622 7 3
4.54E9
4.917E10
31622 7 3
4.67E9
5.207E10
31622 7 3
4.27E9
4.881E10
31622 7 3
4.68E9
4.876E10
31622 7 3
4.89E9
4.987E10
31622 7 3
4.88E9
4.98E10
31622 7 3
6.23E9
4.615E10
31622 7 3
4.56E9
5.101E10
31622 7 3
4.29E9
5.286E10
31622 7 3
4.58E9
5.04E10
31622 7 3
4.56E9
5.045E10
31622 7 3
4.88E9
5.66E10
31622 7 3
4.65E9
6.079E10
56234 7 3
9.77E9
1.3583E11
56234 7 3
1.055E10
1.4562E11
56234 7 3
9.76E9
1.3466E11
56234 7 3
1.274E10
1.3035E11
56234 7 3
1.068E10
1.4149E11
56234 7 3
1.02E10
1.6873E11
56234 7 3
9.9E9
1.6226E11
56234 7 3
9.81E9
1.6263E11
56234 7 3
1.111E10
1.656E11
56234 7 3
1.045E10
1.5707E11
56234 7 3
1.029E10
1.7957E11
56234 7 3
1.072E10
1.6303E11
56234 7 3
9.7E9
1.7393E11
56234 7 3
1.036E10
1.7306E11
56234 7 3
1.063E10
1.6719E11
56234 7 3
1.0E10
1.792E11
56234 7 3
1.077E10
1.6997E11
56234 7 3
9.57E9
1.8114E11
56234 7 3
1.037E10
1.803E11
56234 7 3
1.28E10
1.782E11
56234 7 3
1.011E10
1.7893E11
56234 7 3
1.043E10
1.7993E11
56234 7 3
1.217E10
1.814E11
56234 7 3
1.15E10
1.8254E11
56234 7 3
9.9E9
1.8725E11
56234 7 3
1.026E10
1.8897E11
56234 7 3
1.085E10
1.8889E11
56234 7 3
1.189E10
1.8819E11
56234 7 3
1.087E10
1.9573E11
56234 7 3
1.043E10
2.056E11
56234 7 3
1.073E10
2.1535E11
56234 7 3
1.129E10
2.2086E11
100000 7 3
2.337E10
5.3739E11
100000 7 3
2.482E10
5.724E11
100000 7 4
2.337E10
5.8936E11
100000 7 3
2.361E10
5.2672E11
100000 7 3
2.398E10
5.805E11
100000 7 3
2.374E10
5.9115E11
100000 7 3
2.37E10
5.7401E11
100000 7 3
2.378E10
5.8736E11
100000 7 3
2.353E10
5.8527E11
100000 7 3
2.549E10
5.6336E11
100000 7 3
2.314E10
6.2274E11
100000 7 3
2.416E10
5.7915E11
100000 7 3
2.362E10
6.1782E11
100000 7 3
2.364E10
6.2709E11
100000 7 3
2.353E10
6.3882E11
100000 7 3
2.348E10
6.1781E11
100000 7 3
2.488E10
6.1465E11
100000 7 3
2.281E10
6.6433E11
100000 7 3
2.762E10
6.1559E11
100000 7 3
2.28E10
6.1147E11
100000 7 3
2.335E10
6.2264E11
100000 7 3
2.469E10
6.3387E11
100000 7 3
2.39E10
6.2217E11
100000 7 3
2.376E10
6.2003E11
100000 7 3
2.342E10
5.9963E11
100000 7 3
2.355E10
6.2717E11
100000 7 3
2.337E10
6.4762E11
100000 7 3
2.328E10
6.4978E11
100000 7 3
2.362E10
6.0213E11
100000 7 3
2.782E10
6.438E11
100000 7 3
2.448E10
6.5704E11
100000 7 3
2.346E10
6.6121E11
