100 7 1
507812.5
507812.5
100 7 1
585937.5
429687.5
100 7 1
585937.5
429687.5
100 7 1
625000.0
429687.5
100 7 1
585937.5
429687.5
100 7 1
625000.0
429687.5
100 7 1
546875.0
429687.5
100 7 2
585937.5
429687.5
100 7 1
585937.5
429687.5
100 7 1
585937.5
429687.5
100 7 1
585937.5
468750.0
100 7 1
585937.5
468750.0
100 7 1
507812.5
507812.5
100 7 1
585937.5
507812.5
100 7 1
507812.5
468750.0
100 7 1
585937.5
429687.5
100 7 1
585937.5
429687.5
100 7 1
546875.0
390625.0
100 7 1
546875.0
410156.25
100 7 1
625000.0
390625.0
100 7 1
546875.0
371093.75
100 7 1
507812.5
429687.5
100 7 1
546875.0
371093.75
100 7 1
546875.0
390625.0
100 7 2
546875.0
390625.0
100 7 1
625000.0
390625.0
100 7 1
625000.0
390625.0
100 7 1
625000.0
390625.0
100 7 1
625000.0
410156.25
100 7 1
585937.5
390625.0
100 7 1
585937.5
429687.5
100 7 1
546875.0
390625.0
177 7 1
1562500.0
1250000.0
177 7 1
1328125.0
1015625.0
177 7 2
1406250.0
1093750.0
177 7 1
1328125.0
1015625.0
177 7 1
1328125.0
1093750.0
177 7 1
1328125.0
1093750.0
177 7 1
1484375.0
1093750.0
177 7 2
1406250.0
1093750.0
177 7 1
1406250.0
1093750.0
177 7 2
1484375.0
1093750.0
177 7 1
1484375.0
1093750.0
177 7 2
1484375.0
1093750.0
177 7 1
1484375.0
1093750.0
177 7 1
1562500.0
1093750.0
177 7 1
1406250.0
1171875.0
177 7 1
1406250.0
1093750.0
177 7 2
1562500.0
1093750.0
177 7 1
1562500.0
1171875.0
177 7 1
1562500.0
1015625.0
177 7 2
1562500.0
937500.0
177 7 1
1640625.0
1093750.0
177 7 1
1484375.0
1171875.0
177 7 1
1562500.0
1015625.0
177 7 1
1484375.0
1171875.0
177 7 2
1640625.0
1171875.0
177 7 1
1406250.0
1015625.0
177 7 2
1562500.0
1171875.0
177 7 1
1640625.0
1093750.0
177 7 2
1562500.0
1093750.0
177 7 1
1562500.0
1171875.0
177 7 1
1640625.0
1171875.0
177 7 1
1640625.0
1171875.0
316 7 2
3437500.0
3437500.0
316 7 2
3750000.0
3437500.0
316 7 2
3750000.0
3437500.0
316 7 2
3750000.0
3437500.0
316 7 2
3437500.0
3437500.0
316 7 2
4062500.0
3750000.0
316 7 2
3750000.0
3281250.0
316 7 2
3750000.0
4062500.0
316 7 2
3437500.0
3125000.0
316 7 1
3437500.0
3750000.0
316 7 1
4062500.0
3437500.0
316 7 2
3750000.0
2968750.0
316 7 2
3750000.0
4062500.0
316 7 1
3437500.0
3125000.0
316 7 1
3750000.0
3750000.0
316 7 1
3437500.0
4062500.0
316 7 2
3750000.0
3593750.0
316 7 1
3750000.0
3281250.0
316 7 2
3750000.0
3125000.0
316 7 2
4062500.0
1.0E7
316 7 2
3750000.0
3281250.0
316 7 2
3437500.0
3281250.0
316 7 2
3750000.0
3437500.0
316 7 2
3750000.0
5937500.0
316 7 1
3750000.0
3437500.0
316 7 1
3750000.0
2656250.0
316 7 1
4062500.0
2656250.0
316 7 1
4062500.0
3281250.0
316 7 2
4062500.0
2968750.0
316 7 1
4687500.0
3437500.0
562 7 2
1.0E7
8750000.0
316 7 2
3750000.0
3125000.0
562 7 2
9375000.0
1.0E7
316 7 2
3750000.0
3437500.0
562 7 2
1.0625E7
1.0E7
562 7 1
1.0E7
9375000.0
562 7 2
1.0E7
1.0625E7
562 7 2
8750000.0
9375000.0
562 7 2
9375000.0
8750000.0
562 7 2
8750000.0
8125000.0
562 7 2
1.0625E7
1.375E7
562 7 2
9375000.0
8125000.0
562 7 2
9375000.0
1.125E7
562 7 2
9375000.0
1.1875E7
562 7 2
1.25E7
1.3125E7
562 7 2
1.0E7
1.1875E7
562 7 2
9375000.0
1.0E7
562 7 2
9375000.0
9375000.0
562 7 2
1.0625E7
1.5E7
562 7 2
9375000.0
1.25E7
562 7 2
1.0625E7
8750000.0
562 7 2
1.0E7
8750000.0
562 7 2
1.0E7
1.0625E7
562 7 2
1.0E7
1.125E7
562 7 2
9375000.0
1.0E7
562 7 2
1.0E7
9375000.0
1000 7 2
3.0E7
3.0E7
562 7 2
1.0625E7
9375000.0
562 7 2
1.0625E7
8750000.0
562 7 2
1.0E7
9375000.0
562 7 2
8750000.0
1.0E7
562 7 2
1.375E7
1.0E7
562 7 2
1.0E7
9375000.0
562 7 2
9375000.0
9375000.0
1000 7 2
2.375E7
3.0E7
562 7 2
1.0E7
1.125E7
1000 7 2
2.375E7
3.5E7
1000 7 2
2.5E7
2.75E7
1000 7 2
2.5E7
3.0E7
1000 7 2
2.75E7
3.0E7
1000 7 2
2.25E7
3.5E7
1000 7 2
2.25E7
3.5E7
1000 7 2
2.375E7
3.0E7
1000 7 2
2.25E7
2.75E7
1000 7 2
2.5E7
2.75E7
1000 7 2
2.5E7
2.75E7
1000 7 2
2.25E7
2.75E7
1000 7 2
2.5E7
2.75E7
1000 7 2
2.375E7
2.5E7
1778 7 2
5.5E7
1.1E8
1000 7 2
2.375E7
3.5E7
1000 7 2
2.5E7
2.625E7
1000 7 2
2.375E7
3.125E7
1778 7 2
6.0E7
1.3E8
1000 7 2
2.75E7
3.375E7
1000 7 2
2.5E7
3.375E7
1000 7 2
2.5E7
3.375E7
1000 7 2
2.375E7
3.5E7
1000 7 2
2.5E7
3.5E7
1778 7 2
6.5E7
1.4E8
1000 7 2
2.375E7
8.0E7
1778 7 2
6.5E7
2.4E8
1778 7 2
6.0E7
8.5E7
1778 7 2
6.5E7
1.4E8
1778 7 2
5.5E7
1.1E8
1000 7 2
2.375E7
5.75E7
1000 7 2
2.5E7
2.75E7
1000 7 2
3.0E7
6.0E7
1778 7 2
6.0E7
8.0E7
1778 7 2
6.5E7
2.3E8
1778 7 2
6.0E7
1.1E8
1000 7 2
2.5E7
3.25E7
1778 7 2
6.0E7
1.1E8
1000 7 2
2.375E7
3.0E7
1778 7 2
6.0E7
7.5E7
1000 7 2
3.75E7
2.75E7
1778 7 2
7.0E7
8.0E7
1000 7 2
2.375E7
3.0E7
1778 7 2
6.0E7
1.2E8
1778 7 2
6.0E7
1.1E8
1778 7 2
6.0E7
1.2E8
1778 7 2
6.0E7
9.5E7
1778 7 2
6.0E7
1.2E8
1778 7 2
5.5E7
1.0E8
1778 7 2
5.5E7
1.05E8
1778 7 2
6.0E7
9.0E7
1778 7 2
5.5E7
9.5E7
1778 7 2
5.5E7
1.05E8
1778 7 2
6.5E7
9.5E7
1778 7 2
5.5E7
8.5E7
1778 7 2
5.5E7
7.5E7
1778 7 2
6.0E7
1.8E8
1778 7 2
5.5E7
1.45E8
1778 7 2
5.5E7
9.0E7
1778 7 2
7.0E7
9.0E7
1000 7 2
3.25E7
6.5E7
3162 7 2
1.5E8
2.8E8
1778 7 2
6.0E7
2.0E8
1778 7 2
1.05E8
1.35E8
3162 7 2
1.9E8
2.3E8
3162 7 2
1.4E8
3.1E8
3162 7 2
1.4E8
3.0E8
3162 7 2
1.5E8
2.5E8
3162 7 2
1.5E8
3.1E8
3162 7 2
1.5E8
3.2E8
3162 7 2
1.5E8
2.5E8
3162 7 2
1.6E8
3.1E8
3162 7 2
1.3E8
3.2E8
3162 7 2
1.6E8
5.4E8
3162 7 2
1.4E8
2.5E8
3162 7 2
1.5E8
2.4E8
3162 7 2
1.5E8
2.4E8
3162 7 2
1.6E8
3.5E8
3162 7 2
1.5E8
5.5E8
3162 7 2
1.5E8
3.2E8
3162 7 2
1.6E8
3.0E8
3162 7 2
1.4E8
3.1E8
3162 7 2
1.5E8
2.6E8
3162 7 2
2.0E8
5.0E8
3162 7 2
1.5E8
2.8E8
3162 7 2
1.8E8
5.2E8
3162 7 2
1.8E8
2.8E8
3162 7 2
1.5E8
3.2E8
3162 7 2
1.5E8
2.8E8
3162 7 2
1.6E8
2.6E8
3162 7 2
1.4E8
2.3E8
3162 7 2
1.8E8
3.1E8
3162 7 2
2.4E8
2.7E8
3162 7 2
1.7E8
2.6E8
3162 7 2
1.7E8
2.9E8
5623 7 2
3.9E8
1.01E9
5623 7 2
3.4E8
1.03E9
5623 7 2
3.5E8
1.05E9
5623 7 2
3.3E8
1.03E9
5623 7 2
3.4E8
1.08E9
5623 7 2
3.8E8
1.27E9
5623 7 2
3.3E8
1.12E9
5623 7 2
3.4E8
1.17E9
5623 7 3
3.4E8
1.23E9
5623 7 2
3.3E8
1.09E9
5623 7 2
3.4E8
1.21E9
5623 7 2
3.6E8
1.22E9
5623 7 2
3.4E8
1.38E9
5623 7 2
3.5E8
1.15E9
5623 7 2
3.3E8
1.22E9
5623 7 3
3.3E8
1.23E9
5623 7 2
3.8E8
1.19E9
5623 7 2
3.3E8
1.38E9
5623 7 2
4.0E8
1.09E9
5623 7 2
3.8E8
1.26E9
5623 7 2
3.6E8
1.37E9
5623 7 3
4.2E8
1.27E9
5623 7 2
3.5E8
1.27E9
5623 7 2
3.8E8
1.35E9
5623 7 2
3.4E8
1.07E9
5623 7 2
4.3E8
1.11E9
5623 7 2
4.0E8
1.15E9
5623 7 2
3.5E8
1.45E9
5623 7 3
3.4E8
1.58E9
5623 7 2
4.7E8
1.26E9
5623 7 2
3.7E8
1.38E9
5623 7 2
4.5E8
1.36E9
10000 7 2
8.0E8
3.86E9
10000 7 2
8.1E8
3.95E9
10000 7 2
7.9E8
3.8E9
10000 7 2
8.8E8
3.95E9
10000 7 2
8.3E8
4.05E9
10000 7 3
8.4E8
3.95E9
10000 7 2
8.1E8
3.85E9
10000 7 2
8.2E8
3.82E9
10000 7 2
8.5E8
3.94E9
10000 7 2
8.8E8
3.96E9
10000 7 3
8.2E8
3.83E9
10000 7 2
8.6E8
3.93E9
10000 7 2
8.7E8
3.82E9
10000 7 2
8.7E8
4.13E9
10000 7 2
8.7E8
4.05E9
10000 7 2
8.0E8
4.1E9
10000 7 2
8.7E8
3.87E9
10000 7 2
7.9E8
4.32E9
10000 7 3
7.9E8
4.53E9
10000 7 2
8.2E8
4.34E9
10000 7 3
8.0E8
4.38E9
10000 7 2
1.03E9
4.37E9
10000 7 2
8.4E8
4.24E9
10000 7 2
8.7E8
4.16E9
10000 7 2
9.4E8
4.65E9
10000 7 2
7.8E8
4.63E9
10000 7 2
9.2E8
4.98E9
10000 7 2
8.8E8
5.25E9
10000 7 2
7.9E8
4.82E9
10000 7 2
8.6E8
4.9E9
10000 7 2
1.03E9
4.68E9
10000 7 2
8.2E8
4.82E9
17782 7 2
2.02E9
1.287E10
17782 7 3
1.95E9
1.303E10
17782 7 3
1.87E9
1.344E10
17782 7 3
1.84E9
1.381E10
17782 7 3
1.84E9
1.338E10
17782 7 3
2.15E9
1.307E10
17782 7 3
1.93E9
1.392E10
17782 7 3
1.92E9
1.364E10
17782 7 3
1.91E9
1.353E10
17782 7 3
1.8E9
1.424E10
17782 7 3
1.85E9
1.379E10
17782 7 3
1.83E9
1.365E10
17782 7 2
1.85E9
1.419E10
17782 7 2
1.84E9
1.425E10
17782 7 3
1.99E9
1.432E10
17782 7 3
2.24E9
1.445E10
17782 7 3
1.98E9
1.409E10
17782 7 3
1.86E9
1.495E10
17782 7 3
2.07E9
1.497E10
17782 7 3
1.95E9
1.487E10
17782 7 2
1.89E9
1.452E10
17782 7 2
2.04E9
1.411E10
17782 7 3
1.89E9
1.472E10
17782 7 3
2.0E9
1.501E10
17782 7 3
1.9E9
1.487E10
17782 7 3
1.85E9
1.512E10
17782 7 3
1.81E9
1.566E10
17782 7 3
1.92E9
1.48E10
17782 7 3
1.92E9
1.441E10
17782 7 3
1.91E9
1.498E10
17782 7 3
2.15E9
1.476E10
17782 7 3
1.92E9
1.56E10
31622 7 3
4.41E9
4.031E10
31622 7 3
4.55E9
4.15E10
31622 7 3
4.83E9
4.116E10
31622 7 3
4.19E9
4.546E10
31622 7 3
4.17E9
4.749E10
31622 7 3
4.24E9
4.752E10
31622 7 3
4.47E9
4.727E10
31622 7 3
4.81E9
4.618E10
31622 7 3
4.61E9
4.717E10
31622 7 3
5.05E9
4.519E10
31622 7 3
4.3E9
5.106E10
31622 7 3
4.49E9
4.691E10
31622 7 3
4.27E9
5.02E10
31622 7 3
4.34E9
5.158E10
31622 7 3
5.22E9
4.795E10
31622 7 3
4.36E9
5.17E10
31622 7 3
4.79E9
4.943E10
31622 7 3
4.51E9
5.22E10
31622 7 3
4.72E9
5.303E10
31622 7 3
4.23E9
5.332E10
31622 7 3
4.94E9
5.587E10
31622 7 3
4.38E9
5.697E10
31622 7 3
4.26E9
5.843E10
31622 7 3
5.01E9
5.499E10
31622 7 3
4.51E9
5.554E10
31622 7 3
4.23E9
5.865E10
31622 7 3
4.53E9
5.905E10
31622 7 3
4.24E9
6.121E10
31622 7 3
4.51E9
6.322E10
31622 7 3
4.94E9
6.561E10
31622 7 3
4.73E9
6.638E10
31622 7 3
4.5E9
6.849E10
56234 7 3
1.012E10
1.5177E11
56234 7 3
9.96E9
1.5444E11
56234 7 3
1.055E10
1.544E11
56234 7 3
1.021E10
1.5437E11
56234 7 3
1.003E10
1.5541E11
56234 7 3
9.93E9
1.5469E11
56234 7 3
1.006E10
1.5946E11
56234 7 3
1.21E10
1.6068E11
56234 7 3
1.117E10
1.6344E11
56234 7 3
1.1E10
1.5549E11
56234 7 3
1.003E10
1.6872E11
56234 7 3
1.021E10
1.7076E11
56234 7 3
1.012E10
1.6363E11
56234 7 3
1.105E10
1.6849E11
56234 7 3
1.014E10
1.8195E11
56234 7 3
1.062E10
1.7814E11
56234 7 3
1.028E10
1.7764E11
56234 7 3
1.493E10
1.6772E11
56234 7 3
9.98E9
1.9983E11
56234 7 3
1.004E10
1.9325E11
56234 7 3
1.082E10
1.7752E11
56234 7 3
1.061E10
1.8717E11
56234 7 3
1.127E10
1.9755E11
56234 7 3
1.101E10
1.7924E11
56234 7 3
1.003E10
1.9854E11
56234 7 3
1.018E10
1.8744E11
56234 7 3
1.122E10
2.008E11
56234 7 3
1.13E10
1.852E11
56234 7 3
1.006E10
2.0231E11
56234 7 3
1.057E10
2.0419E11
56234 7 3
1.079E10
1.9332E11
56234 7 3
1.017E10
2.1822E11
100000 7 3
2.279E10
4.5945E11
100000 7 3
2.368E10
4.769E11
100000 7 3
2.251E10
5.0389E11
100000 7 3
2.286E10
5.0679E11
100000 7 3
2.631E10
4.9373E11
100000 7 3
2.312E10
5.3117E11
100000 7 3
2.298E10
5.1416E11
100000 7 3
2.405E10
5.1381E11
100000 7 3
2.338E10
5.0735E11
100000 7 3
2.329E10
4.9864E11
100000 7 3
2.349E10
5.2928E11
100000 7 3
2.5E10
5.9702E11
100000 7 3
2.242E10
5.5909E11
100000 7 3
2.398E10
5.3469E11
100000 7 3
2.241E10
5.7453E11
100000 7 3
2.342E10
5.4685E11
100000 7 3
2.289E10
5.9824E11
100000 7 3
2.394E10
5.3768E11
100000 7 3
2.369E10
5.4729E11
100000 7 3
2.518E10
5.5323E11
100000 7 3
2.275E10
5.6178E11
100000 7 3
2.365E10
6.0601E11
100000 7 3
2.384E10
5.9743E11
100000 7 3
2.379E10
5.996E11
100000 7 3
2.343E10
5.3988E11
100000 7 3
2.392E10
5.6537E11
100000 7 3
2.346E10
6.227E11
100000 7 3
2.27E10
6.2779E11
100000 7 3
2.642E10
6.1457E11
100000 7 3
2.372E10
5.7643E11
100000 7 3
2.392E10
6.4257E11
100000 7 3
2.409E10
6.3898E11
