100 8 1
546875.0
429687.5
100 8 1
585937.5
429687.5
100 8 1
625000.0
429687.5
100 8 1
546875.0
429687.5
100 8 1
585937.5
429687.5
100 8 1
625000.0
429687.5
100 8 1
625000.0
507812.5
100 8 1
585937.5
429687.5
100 8 1
546875.0
429687.5
100 8 1
546875.0
429687.5
100 8 1
585937.5
429687.5
100 8 1
468750.0
371093.75
100 8 1
546875.0
390625.0
100 8 1
546875.0
371093.75
100 8 1
546875.0
371093.75
100 8 1
546875.0
390625.0
100 8 1
625000.0
429687.5
100 8 1
546875.0
371093.75
100 8 1
585937.5
371093.75
100 8 1
546875.0
371093.75
100 8 1
585937.5
390625.0
100 8 1
468750.0
410156.25
100 8 1
585937.5
390625.0
100 8 1
546875.0
371093.75
100 8 1
546875.0
410156.25
100 8 1
585937.5
390625.0
100 8 1
546875.0
390625.0
100 8 1
546875.0
371093.75
100 8 1
625000.0
410156.25
100 8 1
585937.5
390625.0
100 8 1
585937.5
390625.0
100 8 1
546875.0
371093.75
177 8 1
1406250.0
1015625.0
177 8 1
1562500.0
1015625.0
177 8 1
1484375.0
1093750.0
177 8 1
1484375.0
1015625.0
177 8 1
1484375.0
1015625.0
177 8 1
1484375.0
1093750.0
177 8 1
1562500.0
1093750.0
177 8 1
1406250.0
1093750.0
177 8 1
1484375.0
1093750.0
177 8 1
1484375.0
1093750.0
177 8 1
1562500.0
1015625.0
177 8 1
1484375.0
859375.0
177 8 1
1562500.0
1015625.0
177 8 1
1484375.0
1015625.0
177 8 1
1562500.0
1093750.0
177 8 1
1562500.0
1015625.0
177 8 1
1328125.0
1093750.0
177 8 1
1484375.0
1015625.0
177 8 1
1406250.0
1015625.0
177 8 1
1328125.0
1171875.0
177 8 1
1484375.0
1171875.0
177 8 1
1406250.0
937500.0
177 8 1
1484375.0
1093750.0
177 8 1
1484375.0
1093750.0
177 8 1
1406250.0
1093750.0
177 8 1
1562500.0
1015625.0
177 8 1
1406250.0
1171875.0
177 8 1
1406250.0
1015625.0
177 8 1
1484375.0
1093750.0
177 8 1
1406250.0
1093750.0
177 8 1
1484375.0
1093750.0
177 8 1
1484375.0
1015625.0
316 8 1
3750000.0
3437500.0
316 8 1
4062500.0
3437500.0
316 8 1
3750000.0
3125000.0
316 8 1
3750000.0
3750000.0
316 8 1
4062500.0
3750000.0
316 8 1
3750000.0
3750000.0
316 8 1
4062500.0
3750000.0
316 8 1
3750000.0
3281250.0
316 8 1
3437500.0
2968750.0
316 8 1
4062500.0
2968750.0
316 8 1
3750000.0
3281250.0
316 8 1
4062500.0
3437500.0
316 8 1
3750000.0
3593750.0
316 8 1
3750000.0
2968750.0
316 8 1
4062500.0
3125000.0
316 8 1
3437500.0
3437500.0
316 8 1
3750000.0
2968750.0
316 8 1
3437500.0
2968750.0
316 8 1
3750000.0
3437500.0
316 8 1
3750000.0
2500000.0
316 8 1
3750000.0
2968750.0
316 8 1
3750000.0
3125000.0
316 8 1
3750000.0
2968750.0
316 8 1
3750000.0
2968750.0
316 8 1
4062500.0
2968750.0
316 8 1
3750000.0
2968750.0
316 8 1
3750000.0
2968750.0
316 8 1
3750000.0
3125000.0
316 8 1
4062500.0
2812500.0
316 8 1
3437500.0
2968750.0
316 8 1
3437500.0
2812500.0
562 8 1
1.0E7
7500000.0
316 8 1
3750000.0
2968750.0
562 8 1
9375000.0
9375000.0
562 8 1
9375000.0
9375000.0
562 8 1
9375000.0
8750000.0
562 8 1
9375000.0
8750000.0
562 8 1
1.0E7
1.0E7
562 8 1
1.0E7
9375000.0
562 8 1
1.0625E7
8750000.0
562 8 1
1.0E7
9375000.0
562 8 1
9375000.0
9375000.0
562 8 1
1.0E7
1.125E7
562 8 1
9375000.0
1.0E7
562 8 1
8750000.0
8750000.0
562 8 1
9375000.0
9375000.0
562 8 1
1.0E7
7500000.0
562 8 1
8750000.0
1.0E7
562 8 1
9375000.0
1.0625E7
562 8 1
8750000.0
7500000.0
562 8 1
9375000.0
8750000.0
562 8 1
1.0E7
9375000.0
562 8 1
9375000.0
8750000.0
562 8 1
9375000.0
8125000.0
562 8 1
1.0E7
8125000.0
562 8 1
8750000.0
8125000.0
562 8 1
1.0625E7
8125000.0
562 8 1
1.0625E7
8125000.0
562 8 1
9375000.0
8125000.0
562 8 1
1.375E7
8750000.0
562 8 1
1.25E7
8125000.0
562 8 1
1.0E7
8125000.0
562 8 1
1.0625E7
8125000.0
562 8 1
9375000.0
8125000.0
1000 8 1
2.75E7
2.375E7
1000 8 1
2.5E7
2.75E7
1000 8 1
2.75E7
2.25E7
1000 8 1
2.375E7
2.75E7
1000 8 1
2.625E7
3.0E7
1000 8 1
2.5E7
3.25E7
1000 8 1
2.5E7
2.75E7
1000 8 1
2.375E7
2.75E7
1000 8 1
2.375E7
3.0E7
1000 8 1
2.75E7
3.0E7
1000 8 1
2.5E7
3.25E7
1000 8 1
2.375E7
3.0E7
1000 8 1
2.5E7
2.5E7
1000 8 1
2.75E7
2.75E7
1000 8 1
2.5E7
2.75E7
1000 8 1
2.5E7
3.0E7
1000 8 1
2.5E7
2.75E7
1000 8 1
2.5E7
2.75E7
1000 8 1
2.5E7
3.0E7
1000 8 1
2.5E7
2.75E7
1000 8 1
2.5E7
2.75E7
1000 8 1
2.375E7
2.625E7
1000 8 1
2.5E7
2.5E7
1000 8 1
2.375E7
2.75E7
1000 8 1
2.625E7
2.75E7
1000 8 1
2.5E7
2.875E7
1000 8 1
2.5E7
2.75E7
1000 8 1
2.5E7
2.25E7
1000 8 1
2.5E7
2.25E7
1000 8 1
2.75E7
2.375E7
1778 8 1
7.0E7
7.5E7
1000 8 1
2.625E7
2.75E7
1778 8 1
7.0E7
7.5E7
1778 8 1
6.5E7
7.5E7
1778 8 1
6.5E7
7.5E7
1000 8 1
2.625E7
2.875E7
1778 8 1
6.0E7
8.0E7
1778 8 1
6.0E7
8.5E7
1778 8 1
6.5E7
9.0E7
1778 8 1
6.5E7
1.3E8
1778 8 1
6.5E7
1.1E8
1778 8 1
6.0E7
1.6E8
1778 8 1
6.0E7
1.2E8
1778 8 1
6.5E7
1.05E8
1778 8 1
6.5E7
1.5E8
1778 8 1
7.0E7
1.2E8
1778 8 1
6.5E7
8.0E7
1778 8 1
6.0E7
1.3E8
1778 8 1
7.0E7
1.0E8
1778 8 1
6.5E7
7.5E7
1778 8 1
6.0E7
7.5E7
1778 8 1
6.0E7
8.0E7
1778 8 1
6.0E7
8.5E7
1778 8 1
6.5E7
7.0E7
1778 8 1
6.0E7
1.2E8
1778 8 1
6.0E7
7.5E7
1778 8 1
6.5E7
9.0E7
1778 8 1
6.0E7
6.5E7
1778 8 1
6.0E7
7.5E7
1778 8 1
6.0E7
6.5E7
1778 8 1
6.5E7
8.0E7
1778 8 1
6.5E7
6.5E7
1778 8 1
7.0E7
9.0E7
3162 8 1
1.7E8
2.2E8
3162 8 1
1.7E8
2.7E8
1778 8 1
7.0E7
1.05E8
3162 8 1
1.8E8
2.4E8
3162 8 1
1.5E8
2.4E8
3162 8 1
1.5E8
2.5E8
3162 8 1
1.6E8
2.5E8
3162 8 1
1.6E8
3.3E8
3162 8 1
1.6E8
3.4E8
3162 8 1
1.4E8
2.6E8
3162 8 1
1.6E8
3.4E8
3162 8 1
1.6E8
3.1E8
3162 8 1
1.9E8
3.4E8
3162 8 1
1.6E8
3.5E8
3162 8 1
1.4E8
2.8E8
3162 8 1
1.6E8
3.1E8
3162 8 1
1.6E8
3.4E8
3162 8 1
1.7E8
2.5E8
3162 8 1
1.4E8
2.8E8
3162 8 1
1.6E8
3.2E8
3162 8 1
1.5E8
2.7E8
3162 8 1
1.6E8
2.4E8
3162 8 1
1.4E8
2.8E8
3162 8 1
1.7E8
2.8E8
3162 8 1
1.6E8
2.4E8
3162 8 1
1.6E8
3.5E8
3162 8 1
1.6E8
3.1E8
3162 8 1
1.5E8
3.3E8
3162 8 1
1.6E8
3.3E8
3162 8 1
1.6E8
3.3E8
3162 8 1
1.7E8
3.2E8
3162 8 1
1.6E8
2.1E8
3162 8 1
1.7E8
2.2E8
5623 8 1
3.8E8
9.8E8
5623 8 1
3.8E8
1.0E9
5623 8 1
3.7E8
1.03E9
5623 8 1
3.7E8
9.9E8
5623 8 1
3.9E8
1.06E9
5623 8 1
3.8E8
1.07E9
5623 8 1
3.7E8
1.18E9
5623 8 1
4.1E8
9.3E8
5623 8 1
3.9E8
1.08E9
5623 8 1
3.8E8
1.14E9
5623 8 1
3.6E8
1.05E9
5623 8 1
4.0E8
1.1E9
5623 8 1
3.8E8
1.17E9
5623 8 1
3.7E8
1.25E9
5623 8 1
3.9E8
1.19E9
5623 8 1
3.8E8
1.27E9
5623 8 1
3.6E8
1.28E9
5623 8 1
4.2E8
1.17E9
5623 8 1
3.9E8
1.08E9
5623 8 1
4.2E8
1.05E9
5623 8 1
4.3E8
1.13E9
5623 8 1
4.2E8
1.08E9
5623 8 1
4.4E8
1.02E9
5623 8 1
3.9E8
1.14E9
5623 8 1
3.8E8
1.18E9
5623 8 1
4.0E8
1.42E9
5623 8 1
4.1E8
1.47E9
5623 8 1
4.3E8
1.18E9
5623 8 1
4.0E8
1.31E9
5623 8 1
3.7E8
1.35E9
5623 8 1
3.8E8
1.32E9
5623 8 1
3.8E8
1.26E9
10000 8 1
9.2E8
3.28E9
10000 8 1
8.4E8
3.45E9
10000 8 1
8.1E8
3.61E9
10000 8 1
9.2E8
3.86E9
10000 8 1
9.1E8
3.94E9
10000 8 1
8.4E8
3.67E9
10000 8 1
8.6E8
3.84E9
10000 8 1
9.3E8
3.35E9
10000 8 1
8.9E8
4.09E9
10000 8 1
9.3E8
3.51E9
10000 8 1
9.1E8
3.71E9
10000 8 1
9.2E8
4.2E9
10000 8 1
9.1E8
4.33E9
10000 8 1
1.05E9
3.78E9
10000 8 1
9.4E8
4.24E9
10000 8 1
9.3E8
4.06E9
10000 8 1
9.3E8
4.18E9
10000 8 1
9.3E8
4.24E9
10000 8 1
1.04E9
4.22E9
10000 8 1
9.3E8
4.38E9
10000 8 1
9.3E8
4.85E9
10000 8 1
1.0E9
3.68E9
10000 8 1
9.1E8
4.79E9
10000 8 1
1.01E9
4.2E9
10000 8 1
9.4E8
4.37E9
10000 8 1
9.4E8
4.33E9
10000 8 1
8.3E8
4.75E9
10000 8 1
1.11E9
3.8E9
10000 8 1
9.3E8
4.58E9
10000 8 1
9.7E8
4.06E9
10000 8 1
9.0E8
4.22E9
10000 8 1
1.04E9
3.82E9
17782 8 1
2.15E9
1.044E10
17782 8 1
2.13E9
1.02E10
17782 8 1
2.14E9
1.145E10
17782 8 1
2.19E9
1.124E10
17782 8 1
2.15E9
1.189E10
17782 8 1
2.15E9
1.243E10
17782 8 1
2.19E9
1.254E10
17782 8 1
2.14E9
1.305E10
17782 8 1
2.25E9
1.296E10
17782 8 1
2.2E9
1.371E10
17782 8 1
2.17E9
1.321E10
17782 8 1
2.29E9
1.329E10
17782 8 1
2.22E9
1.36E10
17782 8 1
2.19E9
1.39E10
17782 8 1
2.2E9
1.41E10
17782 8 1
2.31E9
1.381E10
17782 8 1
2.18E9
1.413E10
17782 8 1
2.2E9
1.418E10
17782 8 1
2.2E9
1.413E10
17782 8 1
2.24E9
1.264E10
17782 8 1
2.29E9
1.448E10
17782 8 1
2.19E9
1.48E10
17782 8 1
2.44E9
1.371E10
17782 8 1
2.59E9
1.445E10
17782 8 1
2.89E9
1.384E10
17782 8 1
2.26E9
1.413E10
17782 8 1
2.39E9
1.417E10
17782 8 1
2.65E9
1.404E10
17782 8 1
2.28E9
1.451E10
17782 8 1
2.34E9
1.379E10
17782 8 1
2.2E9
1.507E10
17782 8 1
2.25E9
1.487E10
31622 8 1
5.19E9
4.657E10
31622 8 1
5.33E9
4.777E10
31622 8 1
5.32E9
4.387E10
31622 8 1
5.16E9
5.014E10
31622 8 1
5.57E9
4.38E10
31622 8 1
5.52E9
4.735E10
31622 8 1
5.25E9
5.029E10
31622 8 1
5.68E9
4.786E10
31622 8 1
5.31E9
5.112E10
31622 8 1
5.69E9
4.927E10
31622 8 1
5.58E9
4.934E10
31622 8 1
5.31E9
4.983E10
31622 8 1
5.2E9
4.924E10
31622 8 1
6.08E9
4.932E10
31622 8 1
5.2E9
5.196E10
31622 8 1
5.47E9
5.148E10
31622 8 1
4.95E9
5.016E10
31622 8 1
5.37E9
5.525E10
31622 8 1
5.52E9
4.99E10
31622 8 1
5.46E9
5.2E10
31622 8 1
6.11E9
5.212E10
31622 8 1
5.51E9
5.043E10
31622 8 1
5.37E9
5.126E10
31622 8 1
5.43E9
5.231E10
31622 8 1
5.87E9
5.02E10
31622 8 1
5.15E9
5.334E10
31622 8 1
5.7E9
5.296E10
31622 8 1
5.04E9
5.449E10
31622 8 1
5.85E9
5.327E10
31622 8 1
5.82E9
5.427E10
31622 8 1
5.64E9
5.388E10
31622 8 1
5.85E9
5.68E10
56234 8 1
1.237E10
1.6049E11
56234 8 1
1.268E10
1.6324E11
56234 8 1
1.483E10
1.7893E11
56234 8 1
1.258E10
1.9626E11
56234 8 1
1.25E10
1.9994E11
56234 8 1
1.257E10
2.0511E11
56234 8 1
1.269E10
2.1206E11
56234 8 1
1.379E10
2.0816E11
56234 8 1
1.272E10
2.1665E11
56234 8 1
1.246E10
2.1031E11
56234 8 1
1.255E10
2.1711E11
56234 8 1
1.378E10
2.1881E11
56234 8 1
1.527E10
2.1004E11
56234 8 1
1.356E10
2.1728E11
56234 8 1
1.381E10
2.1563E11
56234 8 1
1.275E10
2.2088E11
56234 8 1
1.241E10
2.2316E11
56234 8 1
1.279E10
2.2736E11
56234 8 1
1.358E10
2.237E11
56234 8 1
1.239E10
2.2579E11
56234 8 1
1.223E10
2.2226E11
56234 8 1
1.237E10
2.3415E11
56234 8 1
1.407E10
2.3106E11
56234 8 1
1.286E10
2.313E11
56234 8 1
1.389E10
2.2443E11
56234 8 1
1.435E10
2.3208E11
56234 8 1
1.271E10
2.2715E11
56234 8 1
1.246E10
2.3689E11
56234 8 1
1.533E10
2.3422E11
56234 8 1
1.27E10
2.3868E11
56234 8 1
1.354E10
2.3983E11
56234 8 1
1.256E10
2.3924E11
100000 8 1
2.93E10
5.9735E11
100000 8 1
2.942E10
6.0982E11
100000 8 1
2.945E10
6.0771E11
100000 8 1
2.954E10
6.2281E11
100000 8 1
3.109E10
6.4222E11
100000 8 1
3.0E10
6.3398E11
100000 8 1
2.912E10
6.6362E11
100000 8 1
2.889E10
6.5023E11
100000 8 1
2.981E10
6.4581E11
100000 8 1
2.951E10
6.8509E11
100000 8 1
2.928E10
7.4101E11
100000 8 1
3.076E10
7.3585E11
100000 8 1
2.941E10
6.9887E11
100000 8 1
3.077E10
7.125E11
100000 8 1
2.972E10
6.9644E11
100000 8 1
2.961E10
7.0759E11
100000 8 1
3.279E10
7.0676E11
100000 8 1
2.978E10
7.1524E11
100000 8 1
3.007E10
7.1987E11
100000 8 1
3.1E10
7.3601E11
100000 8 1
3.055E10
7.2164E11
100000 8 1
3.004E10
7.4415E11
100000 8 1
2.956E10
7.5162E11
100000 8 1
3.0E10
7.4228E11
100000 8 1
2.954E10
7.6686E11
100000 8 1
2.938E10
7.7557E11
100000 8 1
2.936E10
7.8824E11
100000 8 1
3.003E10
7.7611E11
100000 8 1
2.986E10
7.8358E11
100000 8 1
3.308E10
7.9517E11
100000 8 1
3.025E10
8.0279E11
100000 8 1
2.994E10
8.154E11
