100 4 2
371093.75
292968.75
100 4 2
371093.75
292968.75
100 4 3
371093.75
292968.75
100 4 2
371093.75
292968.75
100 4 2
390625.0
273437.5
100 4 3
351562.5
312500.0
100 4 2
371093.75
312500.0
100 4 3
371093.75
292968.75
100 4 3
371093.75
312500.0
100 4 3
351562.5
312500.0
100 4 3
390625.0
273437.5
100 4 3
390625.0
292968.75
100 4 3
390625.0
253906.25
100 4 2
371093.75
273437.5
100 4 3
371093.75
292968.75
100 4 3
371093.75
292968.75
100 4 2
371093.75
332031.25
100 4 3
390625.0
292968.75
100 4 3
390625.0
292968.75
100 4 3
371093.75
312500.0
100 4 3
390625.0
312500.0
100 4 2
390625.0
292968.75
100 4 2
390625.0
292968.75
100 4 2
371093.75
312500.0
100 4 3
390625.0
292968.75
100 4 3
351562.5
332031.25
100 4 3
371093.75
332031.25
100 4 2
390625.0
332031.25
100 4 2
351562.5
312500.0
100 4 3
390625.0
292968.75
100 4 3
371093.75
292968.75
100 4 2
390625.0
351562.5
177 4 3
937500.0
859375.0
177 4 3
859375.0
859375.0
177 4 3
859375.0
859375.0
177 4 3
859375.0
859375.0
177 4 3
937500.0
859375.0
177 4 3
859375.0
859375.0
177 4 3
937500.0
859375.0
177 4 3
859375.0
859375.0
177 4 3
937500.0
859375.0
177 4 3
859375.0
859375.0
177 4 4
859375.0
859375.0
177 4 3
859375.0
703125.0
177 4 3
859375.0
742187.5
177 4 3
937500.0
859375.0
177 4 4
937500.0
703125.0
177 4 3
937500.0
703125.0
177 4 3
937500.0
820312.5
177 4 3
859375.0
742187.5
177 4 3
859375.0
820312.5
177 4 3
859375.0
898437.5
177 4 3
937500.0
820312.5
177 4 3
859375.0
820312.5
177 4 3
859375.0
820312.5
177 4 3
859375.0
781250.0
177 4 3
859375.0
859375.0
177 4 3
937500.0
781250.0
177 4 4
859375.0
820312.5
177 4 3
859375.0
742187.5
177 4 3
898437.5
859375.0
177 4 3
937500.0
742187.5
177 4 3
937500.0
742187.5
177 4 3
976562.5
781250.0
316 4 3
2187500.0
2187500.0
316 4 4
2187500.0
2187500.0
316 4 4
2187500.0
2187500.0
316 4 3
2187500.0
2031250.0
316 4 3
2187500.0
2187500.0
316 4 3
2031250.0
2187500.0
316 4 4
2500000.0
2187500.0
316 4 3
2031250.0
2187500.0
316 4 4
2656250.0
2187500.0
316 4 4
2343750.0
2343750.0
316 4 3
2031250.0
2343750.0
316 4 3
2031250.0
2187500.0
316 4 3
2187500.0
2343750.0
316 4 3
2187500.0
2187500.0
316 4 3
2187500.0
2031250.0
316 4 3
2187500.0
2343750.0
316 4 4
2031250.0
2343750.0
316 4 4
2343750.0
2500000.0
316 4 4
2187500.0
2968750.0
316 4 4
2343750.0
2187500.0
316 4 3
2343750.0
2187500.0
316 4 3
2031250.0
2812500.0
316 4 4
2187500.0
2500000.0
316 4 3
2187500.0
2812500.0
316 4 4
2031250.0
2187500.0
316 4 3
2187500.0
2031250.0
316 4 4
2187500.0
2187500.0
316 4 3
2187500.0
2500000.0
316 4 3
2343750.0
2343750.0
316 4 3
2187500.0
2812500.0
316 4 3
2343750.0
2187500.0
316 4 4
2343750.0
2343750.0
562 4 3
6875000.0
6875000.0
562 4 4
6250000.0
6875000.0
562 4 4
5000000.0
6875000.0
562 4 4
6875000.0
6250000.0
562 4 4
5000000.0
6875000.0
562 4 4
4687500.0
6562500.0
562 4 4
4687500.0
6250000.0
562 4 4
5000000.0
6562500.0
562 4 4
4687500.0
6875000.0
562 4 4
5312500.0
6875000.0
562 4 4
5000000.0
6875000.0
562 4 4
5000000.0
7500000.0
562 4 4
4687500.0
6562500.0
562 4 4
5312500.0
6875000.0
562 4 4
5312500.0
6875000.0
562 4 4
5312500.0
7500000.0
562 4 4
4687500.0
5937500.0
562 4 4
5312500.0
8125000.0
562 4 3
4687500.0
6562500.0
562 4 4
5000000.0
6562500.0
562 4 4
5625000.0
8125000.0
562 4 4
5312500.0
6875000.0
562 4 4
4687500.0
5937500.0
562 4 4
5000000.0
5937500.0
562 4 4
5625000.0
5937500.0
562 4 4
5000000.0
5937500.0
562 4 4
5625000.0
5937500.0
562 4 4
5312500.0
5937500.0
562 4 4
5937500.0
5937500.0
1000 4 5
1.375E7
1.625E7
562 4 4
5312500.0
5937500.0
1000 4 4
1.375E7
1.75E7
1000 4 4
1.3125E7
1.75E7
1000 4 5
1.125E7
1.625E7
562 4 4
5937500.0
6875000.0
1000 4 4
1.0E7
1.875E7
562 4 4
5312500.0
6562500.0
1000 4 5
1.0E7
1.625E7
1000 4 4
1.0E7
2.0E7
1000 4 5
1.0E7
1.875E7
1000 4 4
1.125E7
2.75E7
1000 4 4
1.0E7
1.875E7
1000 4 4
1.0625E7
1.875E7
1000 4 4
1.0E7
1.75E7
1000 4 4
1.125E7
2.0E7
1000 4 4
1.1875E7
1.875E7
1000 4 4
1.125E7
1.75E7
1000 4 5
1.0E7
1.75E7
1000 4 5
1.375E7
1.5E7
1000 4 4
1.125E7
1.625E7
1000 4 4
1.1875E7
1.875E7
1000 4 5
1.375E7
1.5E7
1000 4 5
1.125E7
1.75E7
1000 4 4
1.0E7
1.75E7
1000 4 5
1.125E7
1.625E7
1000 4 4
1.125E7
2.5E7
1000 4 4
1.125E7
1.625E7
1000 4 4
1.125E7
2.5E7
1000 4 5
1.1875E7
1.75E7
1000 4 4
1.3125E7
1.75E7
1000 4 5
1.75E7
1.75E7
1000 4 5
1.1875E7
1.875E7
1000 4 5
1.1875E7
1.375E7
1000 4 4
1.625E7
1.625E7
1778 4 5
3.5E7
4.5E7
1778 4 5
4.75E7
4.25E7
1778 4 5
2.75E7
4.25E7
1778 4 5
2.75E7
4.0E7
1778 4 6
3.25E7
4.5E7
1778 4 5
2.75E7
6.0E7
1778 4 5
3.0E7
4.75E7
1778 4 5
2.75E7
4.5E7
1778 4 5
2.75E7
4.75E7
1778 4 5
2.75E7
5.0E7
1778 4 5
2.75E7
1.1E8
1778 4 5
2.5E7
6.5E7
1778 4 5
2.375E7
5.0E7
1778 4 5
2.75E7
6.75E7
1778 4 5
2.75E7
5.5E7
1778 4 5
2.625E7
4.75E7
1778 4 5
2.75E7
5.25E7
1778 4 5
2.375E7
5.5E7
1778 4 5
2.375E7
5.0E7
1778 4 5
2.375E7
4.75E7
1778 4 5
2.5E7
5.5E7
1778 4 6
3.25E7
5.5E7
1778 4 5
2.375E7
5.0E7
1778 4 5
2.5E7
4.75E7
1778 4 5
2.5E7
4.25E7
1778 4 5
2.5E7
5.0E7
1778 4 5
2.75E7
5.25E7
3162 4 7
6.0E7
1.5E8
1778 4 5
4.125E7
5.5E7
1778 4 5
2.625E7
4.75E7
1778 4 5
2.5E7
4.25E7
1778 4 6
4.0E7
4.5E7
3162 4 6
6.5E7
1.8E8
3162 4 6
8.0E7
1.9E8
3162 4 6
8.0E7
1.9E8
3162 4 6
8.0E7
1.8E8
1778 4 5
4.0E7
4.75E7
3162 4 6
6.0E7
2.0E8
3162 4 6
6.0E7
1.8E8
3162 4 6
5.5E7
1.6E8
3162 4 6
7.0E7
1.8E8
3162 4 6
6.5E7
1.9E8
3162 4 6
6.5E7
1.7E8
3162 4 6
7.0E7
1.9E8
3162 4 6
6.5E7
1.7E8
3162 4 6
6.5E7
1.8E8
3162 4 6
6.0E7
1.5E8
3162 4 6
6.5E7
1.9E8
3162 4 6
6.5E7
1.9E8
3162 4 6
6.0E7
1.7E8
3162 4 6
5.25E7
1.4E8
3162 4 6
5.5E7
1.7E8
3162 4 6
6.5E7
1.6E8
3162 4 6
6.0E7
1.7E8
3162 4 6
5.5E7
2.1E8
3162 4 6
6.0E7
2.2E8
3162 4 6
6.0E7
1.4E8
3162 4 5
5.5E7
1.5E8
3162 4 6
6.5E7
2.3E8
3162 4 6
4.75E7
1.4E8
3162 4 6
4.75E7
1.3E8
3162 4 6
5.0E7
1.4E8
3162 4 6
5.25E7
1.6E8
5623 4 7
1.3E8
4.8E8
5623 4 7
1.1E8
4.4E8
3162 4 6
6.0E7
1.8E8
5623 4 7
1.1E8
4.3E8
5623 4 7
1.2E8
5.6E8
5623 4 7
1.1E8
5.1E8
5623 4 7
1.2E8
5.3E8
5623 4 6
1.2E8
5.8E8
5623 4 7
1.2E8
5.9E8
5623 4 7
1.3E8
6.0E8
5623 4 7
1.2E8
5.5E8
5623 4 7
1.2E8
6.4E8
5623 4 7
1.7E8
5.3E8
5623 4 6
1.1E8
5.3E8
5623 4 7
1.1E8
5.3E8
5623 4 6
1.5E8
5.3E8
5623 4 7
1.3E8
5.5E8
5623 4 7
1.2E8
4.5E8
5623 4 7
1.8E8
6.1E8
5623 4 7
1.7E8
6.1E8
5623 4 6
1.2E8
5.9E8
5623 4 7
1.2E8
5.7E8
5623 4 7
1.3E8
4.8E8
5623 4 7
1.2E8
5.2E8
5623 4 6
1.2E8
6.4E8
5623 4 7
1.4E8
5.2E8
5623 4 7
1.2E8
4.9E8
5623 4 7
1.3E8
6.2E8
5623 4 7
1.4E8
5.2E8
5623 4 7
1.1E8
4.6E8
5623 4 7
1.2E8
4.5E8
5623 4 7
1.1E8
4.7E8
5623 4 7
2.1E8
5.4E8
10000 4 8
2.5E8
1.46E9
10000 4 8
2.5E8
1.53E9
10000 4 8
2.5E8
1.56E9
10000 4 7
2.5E8
1.44E9
10000 4 7
2.7E8
1.62E9
10000 4 7
2.7E8
1.59E9
10000 4 8
2.7E8
1.57E9
10000 4 8
2.9E8
1.67E9
10000 4 8
2.8E8
1.63E9
10000 4 8
2.9E8
1.69E9
10000 4 8
2.7E8
1.7E9
10000 4 8
2.8E8
1.66E9
10000 4 8
2.7E8
1.49E9
10000 4 7
2.7E8
1.68E9
10000 4 7
2.6E8
1.46E9
10000 4 8
2.5E8
1.6E9
10000 4 7
2.5E8
1.64E9
10000 4 8
2.9E8
1.72E9
10000 4 7
3.4E8
1.65E9
10000 4 8
2.5E8
1.63E9
10000 4 8
2.7E8
1.71E9
10000 4 7
2.5E8
1.66E9
10000 4 8
2.7E8
1.49E9
10000 4 8
2.7E8
1.89E9
10000 4 8
2.7E8
1.67E9
10000 4 8
2.5E8
1.62E9
10000 4 8
2.8E8
2.09E9
10000 4 7
2.4E8
1.96E9
10000 4 8
3.4E8
1.75E9
10000 4 8
3.4E8
1.64E9
10000 4 8
3.5E8
1.95E9
10000 4 8
2.9E8
1.79E9
17782 4 9
5.3E8
4.72E9
17782 4 9
5.4E8
4.72E9
17782 4 9
5.1E8
4.98E9
17782 4 8
5.4E8
5.24E9
17782 4 8
5.2E8
5.57E9
17782 4 9
5.9E8
5.41E9
17782 4 8
5.4E8
5.35E9
17782 4 8
5.7E8
5.57E9
17782 4 8
5.6E8
5.49E9
17782 4 8
5.7E8
5.39E9
17782 4 9
5.5E8
5.5E9
17782 4 9
6.2E8
5.5E9
17782 4 9
6.5E8
5.32E9
17782 4 9
6.3E8
5.37E9
17782 4 9
5.3E8
5.79E9
17782 4 9
6.7E8
5.3E9
17782 4 9
5.7E8
6.01E9
17782 4 8
6.1E8
5.76E9
17782 4 9
7.0E8
5.22E9
17782 4 9
6.5E8
5.62E9
17782 4 9
6.3E8
6.12E9
17782 4 9
6.0E8
6.31E9
17782 4 9
6.5E8
6.11E9
17782 4 9
5.7E8
6.53E9
17782 4 9
6.3E8
6.8E9
17782 4 9
6.1E8
6.9E9
17782 4 9
6.1E8
6.69E9
17782 4 8
6.1E8
6.97E9
17782 4 9
5.8E8
6.87E9
17782 4 9
6.3E8
6.93E9
17782 4 8
6.6E8
6.79E9
17782 4 9
5.7E8
7.73E9
31622 4 10
1.25E9
1.786E10
31622 4 11
1.38E9
1.81E10
31622 4 10
1.18E9
1.87E10
31622 4 10
1.19E9
1.846E10
31622 4 10
1.16E9
1.875E10
31622 4 10
1.11E9
1.913E10
31622 4 10
1.25E9
1.946E10
31622 4 10
1.38E9
2.036E10
31622 4 10
1.17E9
1.938E10
31622 4 10
1.25E9
2.113E10
31622 4 10
1.2E9
1.913E10
31622 4 10
1.23E9
2.055E10
31622 4 10
1.29E9
2.056E10
31622 4 10
1.11E9
2.039E10
31622 4 10
1.3E9
2.065E10
31622 4 10
1.16E9
2.093E10
31622 4 10
1.21E9
2.056E10
31622 4 10
1.16E9
2.181E10
31622 4 10
1.28E9
1.974E10
31622 4 11
1.29E9
1.999E10
31622 4 10
1.19E9
2.158E10
31622 4 10
1.3E9
2.022E10
31622 4 10
1.2E9
2.177E10
31622 4 10
1.3E9
1.982E10
31622 4 9
1.23E9
2.007E10
31622 4 10
1.23E9
2.278E10
31622 4 11
1.17E9
2.183E10
31622 4 10
1.32E9
2.198E10
31622 4 10
1.25E9
2.183E10
31622 4 10
1.34E9
2.181E10
31622 4 10
1.13E9
2.294E10
31622 4 10
1.18E9
2.226E10
56234 4 11
2.46E9
5.918E10
56234 4 12
2.57E9
5.873E10
56234 4 11
2.32E9
6.993E10
56234 4 12
2.34E9
6.975E10
56234 4 11
2.75E9
6.538E10
56234 4 12
2.44E9
7.04E10
56234 4 11
3.12E9
6.777E10
56234 4 11
2.74E9
6.915E10
56234 4 12
2.65E9
7.045E10
56234 4 12
2.47E9
7.103E10
56234 4 11
2.75E9
7.158E10
56234 4 12
2.78E9
6.964E10
56234 4 11
2.92E9
6.97E10
56234 4 11
2.42E9
7.542E10
56234 4 11
2.55E9
7.087E10
56234 4 11
2.89E9
7.363E10
56234 4 11
2.64E9
7.499E10
56234 4 11
2.72E9
7.023E10
56234 4 11
2.4E9
7.367E10
56234 4 11
2.56E9
7.732E10
56234 4 11
3.3E9
7.468E10
56234 4 11
2.84E9
7.651E10
56234 4 11
3.13E9
7.704E10
56234 4 11
2.5E9
7.932E10
56234 4 12
2.62E9
7.745E10
56234 4 11
2.53E9
7.934E10
56234 4 13
2.98E9
7.618E10
56234 4 11
3.08E9
7.831E10
56234 4 12
2.69E9
7.932E10
56234 4 12
3.19E9
8.427E10
56234 4 12
3.21E9
8.18E10
56234 4 11
2.61E9
8.847E10
100000 4 13
4.39E9
1.978E11
100000 4 13
4.4E9
2.0176E11
100000 4 13
5.62E9
2.0287E11
100000 4 13
5.04E9
2.1799E11
100000 4 14
4.87E9
2.2037E11
100000 4 12
5.57E9
2.1517E11
100000 4 13
5.23E9
2.2096E11
100000 4 13
5.42E9
2.2198E11
100000 4 13
5.79E9
2.2567E11
100000 4 13
6.04E9
2.1758E11
100000 4 14
4.83E9
2.3397E11
100000 4 13
5.23E9
2.274E11
100000 4 13
5.68E9
2.3084E11
100000 4 13
5.56E9
2.1117E11
100000 4 13
5.35E9
2.3222E11
100000 4 13
5.41E9
2.3417E11
100000 4 13
5.5E9
2.2656E11
100000 4 13
5.26E9
2.3328E11
100000 4 14
5.15E9
2.2452E11
100000 4 14
5.7E9
2.3485E11
100000 4 13
4.38E9
2.4504E11
100000 4 13
5.59E9
2.2941E11
100000 4 13
4.68E9
2.3298E11
100000 4 13
7.46E9
2.33E11
100000 4 13
5.33E9
2.412E11
100000 4 13
6.5E9
2.3691E11
100000 4 13
5.14E9
2.3612E11
100000 4 13
5.31E9
2.3373E11
100000 4 13
5.49E9
2.3838E11
100000 4 13
6.31E9
2.3286E11
100000 4 13
5.0E9
2.3628E11
100000 4 13
5.74E9
2.5323E11
