100 6 2
546875.0
429687.5
100 6 2
546875.0
429687.5
100 6 1
546875.0
429687.5
100 6 2
585937.5
429687.5
100 6 2
546875.0
429687.5
100 6 1
585937.5
429687.5
100 6 2
507812.5
410156.25
100 6 2
546875.0
390625.0
100 6 1
546875.0
371093.75
100 6 2
507812.5
390625.0
100 6 1
546875.0
410156.25
100 6 2
507812.5
390625.0
100 6 2
546875.0
390625.0
100 6 2
546875.0
410156.25
100 6 2
507812.5
410156.25
100 6 2
546875.0
390625.0
100 6 2
585937.5
390625.0
100 6 2
546875.0
390625.0
100 6 1
507812.5
410156.25
100 6 2
507812.5
390625.0
100 6 2
585937.5
390625.0
100 6 1
546875.0
410156.25
100 6 2
546875.0
410156.25
100 6 2
546875.0
410156.25
100 6 1
546875.0
429687.5
100 6 2
585937.5
410156.25
100 6 1
546875.0
390625.0
100 6 2
585937.5
390625.0
100 6 2
546875.0
390625.0
100 6 2
507812.5
429687.5
100 6 2
546875.0
390625.0
100 6 1
546875.0
390625.0
177 6 2
1328125.0
1093750.0
177 6 1
1406250.0
1093750.0
177 6 2
1328125.0
1093750.0
177 6 2
1406250.0
1015625.0
177 6 2
1484375.0
1250000.0
177 6 2
1250000.0
1015625.0
177 6 2
1250000.0
1093750.0
177 6 2
1250000.0
1093750.0
177 6 2
1484375.0
1015625.0
177 6 2
1406250.0
1093750.0
177 6 2
1406250.0
1093750.0
177 6 2
1250000.0
1171875.0
177 6 2
1406250.0
1093750.0
177 6 2
1406250.0
1171875.0
177 6 2
1406250.0
1015625.0
177 6 2
1406250.0
1171875.0
177 6 2
1406250.0
1093750.0
177 6 2
1484375.0
1171875.0
177 6 2
1328125.0
1171875.0
177 6 2
1406250.0
1250000.0
177 6 2
1406250.0
1015625.0
177 6 2
1406250.0
1015625.0
177 6 2
1406250.0
1093750.0
177 6 2
1484375.0
1015625.0
177 6 2
1484375.0
1015625.0
177 6 2
1328125.0
1015625.0
177 6 2
1406250.0
1093750.0
177 6 2
1406250.0
1093750.0
177 6 2
1406250.0
1015625.0
177 6 2
1406250.0
1093750.0
177 6 2
1484375.0
1093750.0
177 6 2
1484375.0
1015625.0
316 6 2
3437500.0
2968750.0
316 6 2
3437500.0
3437500.0
316 6 2
3750000.0
3125000.0
316 6 2
3437500.0
3125000.0
316 6 2
3437500.0
3437500.0
316 6 2
3437500.0
3437500.0
316 6 2
3437500.0
3437500.0
316 6 2
3437500.0
4062500.0
316 6 2
3437500.0
3750000.0
316 6 2
3437500.0
4062500.0
316 6 2
3437500.0
4062500.0
316 6 2
3750000.0
3750000.0
316 6 2
3437500.0
3750000.0
316 6 2
3437500.0
4062500.0
316 6 2
3437500.0
3437500.0
316 6 2
3750000.0
3437500.0
316 6 2
3437500.0
3437500.0
316 6 2
3437500.0
3437500.0
316 6 2
3750000.0
3437500.0
316 6 2
3437500.0
3125000.0
316 6 2
3437500.0
3125000.0
316 6 2
3437500.0
3437500.0
316 6 2
3437500.0
2968750.0
316 6 2
3437500.0
3125000.0
316 6 2
3437500.0
3125000.0
316 6 2
3437500.0
2812500.0
316 6 2
3750000.0
3281250.0
316 6 2
3437500.0
3125000.0
316 6 2
3437500.0
3125000.0
316 6 2
3750000.0
3281250.0
316 6 2
3593750.0
3281250.0
316 6 2
3906250.0
3593750.0
562 6 2
8750000.0
8750000.0
562 6 2
8125000.0
8750000.0
562 6 2
8750000.0
9375000.0
562 6 2
8125000.0
9375000.0
562 6 2
8750000.0
9375000.0
562 6 2
8750000.0
8750000.0
562 6 2
8125000.0
1.0625E7
562 6 2
8125000.0
8750000.0
562 6 2
8125000.0
8750000.0
562 6 2
8125000.0
9375000.0
562 6 2
8125000.0
9375000.0
562 6 2
8750000.0
8750000.0
562 6 2
8750000.0
8750000.0
562 6 2
8750000.0
8750000.0
562 6 2
8750000.0
8750000.0
562 6 2
8750000.0
8750000.0
562 6 2
8125000.0
8750000.0
562 6 2
8125000.0
8750000.0
562 6 2
8125000.0
1.0E7
562 6 2
8750000.0
8125000.0
562 6 2
8750000.0
8125000.0
562 6 2
8750000.0
8750000.0
562 6 2
8750000.0
8125000.0
562 6 2
8125000.0
8750000.0
562 6 2
8125000.0
8125000.0
562 6 2
8125000.0
7500000.0
562 6 2
8750000.0
8750000.0
562 6 2
8750000.0
8125000.0
562 6 2
8125000.0
8125000.0
562 6 2
8750000.0
8750000.0
562 6 2
8750000.0
8750000.0
562 6 2
8750000.0
8750000.0
1000 6 2
2.0E7
2.75E7
1000 6 2
2.0E7
3.0E7
1000 6 2
2.125E7
2.75E7
1000 6 2
2.125E7
3.5E7
1000 6 2
2.125E7
2.75E7
1000 6 2
2.0E7
3.0E7
1000 6 2
2.125E7
3.25E7
1000 6 2
2.0E7
3.0E7
1000 6 2
2.125E7
2.75E7
1000 6 2
2.125E7
3.0E7
1000 6 2
2.125E7
2.75E7
1000 6 2
1.875E7
2.75E7
1000 6 2
2.125E7
2.75E7
1000 6 2
2.125E7
2.75E7
1000 6 2
2.125E7
2.75E7
1000 6 2
2.0E7
2.75E7
1000 6 2
2.125E7
2.75E7
1000 6 2
2.0E7
2.75E7
1000 6 2
2.0E7
2.75E7
1000 6 2
2.0E7
2.625E7
1000 6 2
2.125E7
2.625E7
1000 6 2
2.0E7
2.75E7
1000 6 2
2.125E7
2.5E7
1000 6 2
2.125E7
2.75E7
1000 6 2
2.0E7
2.5E7
1000 6 2
1.875E7
2.5E7
1000 6 2
2.0E7
2.375E7
1000 6 2
2.25E7
2.375E7
1000 6 2
2.25E7
2.625E7
1000 6 2
2.125E7
2.625E7
1778 6 2
5.0E7
7.5E7
1778 6 2
4.75E7
7.0E7
1000 6 2
2.125E7
3.0E7
1778 6 2
5.0E7
8.5E7
1778 6 2
5.0E7
8.0E7
1778 6 2
5.0E7
1.6E8
1778 6 2
4.75E7
1.1E8
1778 6 2
5.0E7
1.8E8
1778 6 3
5.0E7
1.05E8
1000 6 2
2.0E7
3.125E7
1778 6 3
4.75E7
1.3E8
1778 6 2
5.0E7
1.7E8
1778 6 2
5.0E7
1.9E8
1778 6 2
4.75E7
7.0E7
1778 6 2
5.0E7
1.0E8
1778 6 2
5.0E7
1.7E8
1778 6 3
6.0E7
1.4E8
1778 6 3
5.0E7
7.5E7
1778 6 3
5.0E7
7.5E7
1778 6 2
5.0E7
7.0E7
1778 6 2
5.0E7
7.5E7
1778 6 3
5.75E7
7.0E7
1778 6 2
4.75E7
7.5E7
1778 6 2
5.0E7
1.2E8
1778 6 2
5.5E7
7.0E7
1778 6 2
5.5E7
7.5E7
1778 6 2
5.5E7
7.0E7
1778 6 2
5.0E7
7.0E7
1778 6 2
5.5E7
7.5E7
1778 6 2
6.5E7
7.5E7
1778 6 2
5.25E7
7.0E7
3162 6 2
1.1E8
2.7E8
3162 6 2
1.2E8
2.6E8
3162 6 3
1.2E8
2.7E8
3162 6 3
1.2E8
3.0E8
3162 6 3
1.2E8
2.9E8
3162 6 3
1.1E8
2.9E8
3162 6 3
1.1E8
2.9E8
3162 6 3
1.1E8
2.7E8
3162 6 3
1.1E8
3.0E8
3162 6 2
1.1E8
2.8E8
3162 6 2
1.2E8
2.8E8
3162 6 3
1.1E8
2.9E8
3162 6 3
1.1E8
3.4E8
3162 6 3
1.2E8
3.3E8
3162 6 3
1.2E8
2.8E8
1778 6 2
4.75E7
8.5E7
1778 6 2
5.0E7
9.0E7
3162 6 3
1.1E8
2.5E8
3162 6 3
1.1E8
3.6E8
3162 6 3
1.2E8
3.4E8
3162 6 3
1.1E8
3.0E8
1778 6 2
5.25E7
7.5E7
3162 6 3
1.2E8
2.7E8
3162 6 3
1.2E8
3.6E8
3162 6 2
1.2E8
2.5E8
3162 6 3
1.1E8
2.8E8
3162 6 3
1.2E8
2.5E8
3162 6 3
1.3E8
2.6E8
3162 6 3
1.3E8
3.5E8
3162 6 2
1.2E8
2.3E8
3162 6 3
1.6E8
2.8E8
3162 6 3
1.3E8
2.2E8
3162 6 2
1.1E8
2.2E8
3162 6 3
1.1E8
2.2E8
3162 6 3
1.1E8
2.3E8
5623 6 3
2.6E8
9.1E8
5623 6 3
2.7E8
8.9E8
5623 6 3
2.6E8
9.7E8
5623 6 3
2.7E8
9.4E8
5623 6 3
2.6E8
9.7E8
5623 6 3
2.6E8
9.4E8
5623 6 3
2.7E8
9.4E8
5623 6 3
2.6E8
9.0E8
5623 6 3
2.6E8
1.01E9
5623 6 3
2.6E8
9.4E8
5623 6 3
2.6E8
9.7E8
5623 6 3
2.7E8
1.0E9
5623 6 3
2.7E8
9.8E8
5623 6 3
2.7E8
9.4E8
5623 6 3
2.7E8
9.5E8
5623 6 3
2.7E8
1.0E9
5623 6 3
2.7E8
9.2E8
5623 6 3
2.6E8
9.8E8
5623 6 3
2.7E8
1.12E9
5623 6 3
2.6E8
9.7E8
5623 6 3
2.7E8
1.0E9
5623 6 3
2.7E8
1.05E9
5623 6 3
2.7E8
1.07E9
5623 6 3
2.7E8
1.15E9
5623 6 3
2.7E8
1.2E9
5623 6 3
2.7E8
1.18E9
5623 6 3
2.8E8
1.14E9
5623 6 3
3.1E8
8.4E8
5623 6 3
3.0E8
9.7E8
5623 6 3
3.1E8
8.9E8
5623 6 3
3.0E8
1.11E9
5623 6 3
3.0E8
8.8E8
10000 6 3
6.0E8
2.71E9
10000 6 3
6.0E8
3.23E9
10000 6 3
6.0E8
3.31E9
10000 6 3
7.0E8
3.09E9
10000 6 3
6.2E8
2.97E9
10000 6 3
5.9E8
3.44E9
10000 6 3
6.3E8
3.4E9
10000 6 3
6.3E8
3.58E9
10000 6 3
6.4E8
3.22E9
10000 6 3
6.0E8
3.39E9
10000 6 3
6.1E8
3.17E9
10000 6 3
6.9E8
3.47E9
10000 6 3
6.1E8
3.52E9
10000 6 3
7.5E8
3.45E9
10000 6 3
6.0E8
3.85E9
10000 6 3
6.0E8
3.58E9
10000 6 3
6.4E8
3.66E9
10000 6 3
6.1E8
3.71E9
10000 6 3
5.9E8
3.66E9
10000 6 3
6.1E8
3.45E9
10000 6 3
6.3E8
3.87E9
10000 6 3
7.0E8
3.63E9
10000 6 3
6.7E8
3.82E9
10000 6 3
7.3E8
3.61E9
10000 6 3
7.3E8
3.71E9
10000 6 3
6.3E8
3.69E9
10000 6 3
6.5E8
3.78E9
10000 6 3
6.0E8
3.72E9
10000 6 3
5.9E8
3.86E9
10000 6 3
6.6E8
3.98E9
10000 6 3
7.1E8
3.55E9
10000 6 3
7.2E8
3.59E9
17782 6 3
1.35E9
9.95E9
17782 6 3
1.34E9
1.008E10
17782 6 4
1.33E9
1.064E10
17782 6 3
1.37E9
1.073E10
17782 6 3
1.44E9
1.022E10
17782 6 4
1.39E9
1.089E10
17782 6 3
1.39E9
1.101E10
17782 6 3
1.51E9
1.118E10
17782 6 3
1.41E9
1.087E10
17782 6 3
1.34E9
1.113E10
17782 6 3
1.46E9
1.086E10
17782 6 3
1.42E9
1.084E10
17782 6 3
1.5E9
1.072E10
17782 6 3
1.44E9
1.118E10
17782 6 4
1.56E9
1.084E10
17782 6 4
1.44E9
1.107E10
17782 6 3
1.32E9
1.151E10
17782 6 3
1.42E9
1.118E10
17782 6 3
1.37E9
1.15E10
17782 6 3
1.38E9
1.146E10
17782 6 3
1.52E9
1.134E10
17782 6 3
1.33E9
1.171E10
17782 6 3
1.49E9
1.178E10
17782 6 3
1.49E9
1.171E10
17782 6 4
1.56E9
1.148E10
17782 6 3
1.35E9
1.248E10
17782 6 3
1.7E9
1.181E10
17782 6 3
1.45E9
1.222E10
17782 6 3
1.35E9
1.257E10
17782 6 3
1.72E9
1.212E10
17782 6 3
1.44E9
1.244E10
17782 6 3
1.44E9
1.401E10
31622 6 4
3.03E9
3.517E10
31622 6 4
3.36E9
3.678E10
31622 6 4
3.19E9
3.716E10
31622 6 4
3.13E9
4.002E10
31622 6 4
3.12E9
3.977E10
31622 6 3
3.29E9
3.992E10
31622 6 4
3.23E9
4.011E10
31622 6 4
3.32E9
4.041E10
31622 6 3
3.11E9
3.999E10
31622 6 4
3.39E9
3.937E10
31622 6 3
3.26E9
3.962E10
31622 6 3
3.36E9
4.195E10
31622 6 3
3.13E9
4.12E10
31622 6 4
3.27E9
4.214E10
31622 6 4
3.17E9
4.23E10
31622 6 4
3.3E9
4.1E10
31622 6 4
3.08E9
4.414E10
31622 6 4
3.12E9
4.355E10
31622 6 4
3.22E9
4.296E10
31622 6 4
3.24E9
4.207E10
31622 6 4
3.15E9
4.408E10
31622 6 4
3.64E9
4.088E10
31622 6 3
3.36E9
4.275E10
31622 6 4
3.2E9
4.394E10
31622 6 4
3.33E9
4.579E10
31622 6 3
3.22E9
4.451E10
31622 6 4
3.18E9
4.492E10
31622 6 4
3.32E9
4.478E10
31622 6 4
3.17E9
4.55E10
31622 6 4
3.1E9
4.48E10
31622 6 4
3.26E9
4.423E10
31622 6 4
3.12E9
4.699E10
56234 6 5
7.45E9
1.356E11
56234 6 4
7.33E9
1.3275E11
56234 6 4
7.2E9
1.4067E11
56234 6 4
7.15E9
1.3687E11
56234 6 4
7.38E9
1.3146E11
56234 6 4
7.15E9
1.3429E11
56234 6 4
7.6E9
1.3928E11
56234 6 4
7.78E9
1.4285E11
56234 6 4
7.1E9
1.4395E11
56234 6 4
7.27E9
1.4442E11
56234 6 4
7.86E9
1.4817E11
56234 6 4
7.17E9
1.4747E11
56234 6 4
6.96E9
1.4871E11
56234 6 4
8.01E9
1.4525E11
56234 6 4
7.76E9
1.4635E11
56234 6 4
7.22E9
1.532E11
56234 6 4
7.1E9
1.542E11
56234 6 4
7.98E9
1.571E11
56234 6 4
7.32E9
1.5095E11
56234 6 4
7.16E9
1.5718E11
56234 6 4
7.03E9
1.6083E11
56234 6 4
7.32E9
1.5822E11
56234 6 4
7.37E9
1.6244E11
56234 6 4
7.28E9
1.6031E11
56234 6 4
7.53E9
1.6093E11
56234 6 4
7.57E9
1.6095E11
56234 6 4
7.58E9
1.6104E11
56234 6 4
6.89E9
1.6637E11
56234 6 4
7.47E9
1.6691E11
56234 6 4
7.77E9
1.6698E11
56234 6 4
7.4E9
1.8881E11
56234 6 4
7.07E9
1.9308E11
100000 6 4
1.548E10
4.2156E11
100000 6 5
1.636E10
4.2475E11
100000 6 4
1.635E10
4.26E11
100000 6 4
1.672E10
4.146E11
100000 6 4
1.692E10
4.1968E11
100000 6 4
1.682E10
4.4677E11
100000 6 4
1.611E10
4.5232E11
100000 6 4
1.677E10
4.4406E11
100000 6 4
1.592E10
4.4441E11
100000 6 4
1.664E10
4.668E11
100000 6 4
1.647E10
4.799E11
100000 6 4
1.649E10
4.7256E11
100000 6 4
1.711E10
4.794E11
100000 6 4
1.64E10
4.7659E11
100000 6 4
1.63E10
4.6412E11
100000 6 4
1.759E10
4.8048E11
100000 6 4
1.663E10
4.9863E11
100000 6 4
1.638E10
4.7782E11
100000 6 4
1.742E10
4.7886E11
100000 6 4
1.712E10
4.9616E11
100000 6 4
1.667E10
4.7083E11
100000 6 4
1.73E10
4.9204E11
100000 6 4
1.654E10
4.8518E11
100000 6 4
1.694E10
4.8743E11
100000 6 4
1.63E10
4.8746E11
100000 6 4
1.689E10
4.8564E11
100000 6 4
1.838E10
4.8338E11
100000 6 4
1.609E10
4.5982E11
100000 6 4
1.841E10
4.8678E11
100000 6 4
1.814E10
4.7884E11
100000 6 4
1.626E10
4.9815E11
100000 6 4
1.667E10
4.8628E11
