100 6 2
546875.0
429687.5
100 6 2
546875.0
429687.5
100 6 1
546875.0
429687.5
100 6 1
546875.0
468750.0
100 6 1
507812.5
429687.5
100 6 2
546875.0
468750.0
100 6 2
507812.5
429687.5
100 6 1
546875.0
429687.5
100 6 1
585937.5
429687.5
100 6 2
546875.0
429687.5
100 6 2
507812.5
429687.5
100 6 1
585937.5
429687.5
100 6 1
546875.0
429687.5
100 6 2
585937.5
429687.5
100 6 2
546875.0
371093.75
100 6 2
507812.5
371093.75
100 6 2
546875.0
351562.5
100 6 1
507812.5
390625.0
100 6 2
507812.5
371093.75
100 6 2
507812.5
410156.25
100 6 2
507812.5
371093.75
100 6 2
546875.0
390625.0
100 6 1
507812.5
410156.25
100 6 2
546875.0
371093.75
100 6 1
507812.5
371093.75
100 6 2
585937.5
371093.75
100 6 2
546875.0
390625.0
100 6 2
507812.5
410156.25
100 6 2
585937.5
390625.0
100 6 2
546875.0
410156.25
100 6 2
546875.0
390625.0
100 6 2
507812.5
410156.25
177 6 2
1406250.0
937500.0
177 6 2
1406250.0
1015625.0
177 6 2
1328125.0
1015625.0
177 6 2
1328125.0
1171875.0
177 6 2
1406250.0
1093750.0
177 6 2
1406250.0
1093750.0
177 6 2
1406250.0
1015625.0
177 6 2
1406250.0
1015625.0
177 6 2
1328125.0
1171875.0
177 6 2
1406250.0
1093750.0
177 6 2
1484375.0
1015625.0
177 6 2
1406250.0
1171875.0
177 6 2
1250000.0
1015625.0
177 6 2
1328125.0
1171875.0
177 6 2
1406250.0
1015625.0
177 6 2
1328125.0
1015625.0
177 6 2
1406250.0
1015625.0
177 6 2
1406250.0
1015625.0
177 6 2
1406250.0
1093750.0
177 6 2
1328125.0
1093750.0
177 6 1
1406250.0
937500.0
177 6 2
1406250.0
1015625.0
177 6 2
1328125.0
1015625.0
177 6 2
1484375.0
1015625.0
177 6 2
1328125.0
1093750.0
177 6 2
1484375.0
1093750.0
177 6 2
1406250.0
1015625.0
177 6 2
1484375.0
937500.0
177 6 2
1484375.0
1015625.0
177 6 2
1406250.0
1093750.0
177 6 2
1484375.0
1093750.0
177 6 2
1562500.0
1328125.0
316 6 2
3437500.0
3437500.0
316 6 3
3437500.0
3437500.0
316 6 2
3750000.0
3437500.0
316 6 2
3437500.0
3437500.0
316 6 2
3437500.0
3750000.0
316 6 2
3437500.0
3281250.0
316 6 2
3437500.0
3437500.0
316 6 2
3437500.0
3750000.0
316 6 2
3437500.0
3437500.0
316 6 2
3437500.0
3281250.0
316 6 2
3437500.0
3750000.0
316 6 2
3750000.0
3125000.0
316 6 2
3437500.0
3125000.0
316 6 2
3437500.0
3125000.0
316 6 2
3750000.0
3437500.0
316 6 2
3437500.0
3125000.0
316 6 2
3437500.0
3437500.0
316 6 2
3437500.0
3437500.0
316 6 2
3437500.0
3437500.0
316 6 2
3437500.0
3437500.0
316 6 2
3750000.0
3281250.0
316 6 2
3750000.0
3437500.0
316 6 2
3750000.0
3437500.0
316 6 2
3437500.0
3125000.0
316 6 2
5000000.0
3281250.0
316 6 2
3750000.0
2968750.0
316 6 2
3437500.0
2968750.0
316 6 2
3437500.0
3125000.0
316 6 2
3437500.0
3437500.0
316 6 2
3750000.0
3125000.0
316 6 2
3750000.0
3125000.0
562 6 2
8750000.0
8750000.0
562 6 2
8750000.0
1.0E7
562 6 2
8750000.0
1.0E7
316 6 2
3437500.0
3593750.0
562 6 2
8750000.0
8750000.0
562 6 2
8750000.0
9375000.0
562 6 2
8750000.0
8750000.0
562 6 2
8125000.0
1.0625E7
562 6 2
8125000.0
1.0E7
562 6 2
8750000.0
1.0E7
562 6 2
8750000.0
9375000.0
562 6 2
8750000.0
1.0625E7
562 6 2
9375000.0
8750000.0
562 6 2
9375000.0
8750000.0
562 6 2
8750000.0
8750000.0
562 6 2
8750000.0
9375000.0
562 6 2
8750000.0
9375000.0
562 6 2
8125000.0
8750000.0
562 6 2
8750000.0
9375000.0
562 6 2
8750000.0
1.0E7
562 6 2
8750000.0
9375000.0
562 6 2
8750000.0
9375000.0
562 6 2
9375000.0
9375000.0
562 6 2
8750000.0
8750000.0
562 6 2
9375000.0
8750000.0
562 6 2
8750000.0
8125000.0
562 6 2
9375000.0
8125000.0
562 6 2
1.0E7
8125000.0
562 6 2
8750000.0
8125000.0
562 6 2
8750000.0
8125000.0
562 6 2
9375000.0
8750000.0
562 6 2
8750000.0
8125000.0
562 6 2
8750000.0
8750000.0
1000 6 2
2.0E7
2.75E7
1000 6 2
1.875E7
2.75E7
1000 6 2
2.0E7
3.25E7
1000 6 2
2.0E7
2.75E7
1000 6 2
2.125E7
3.0E7
1000 6 2
2.0E7
2.75E7
1000 6 2
2.125E7
2.75E7
1000 6 2
2.0E7
3.5E7
1000 6 2
2.0E7
3.5E7
1000 6 2
2.0E7
3.25E7
1000 6 2
2.125E7
3.5E7
1000 6 2
2.125E7
3.25E7
1000 6 3
2.125E7
3.0E7
1000 6 2
2.0E7
3.125E7
1000 6 2
2.0E7
3.0E7
1000 6 2
2.0E7
3.25E7
1000 6 2
2.0E7
3.25E7
1000 6 3
2.125E7
2.5E7
1000 6 2
2.0E7
2.375E7
1000 6 2
2.0E7
2.375E7
1000 6 2
2.125E7
2.625E7
1000 6 2
2.0E7
2.75E7
1000 6 2
2.125E7
2.625E7
1000 6 2
2.5E7
2.75E7
1000 6 2
2.0E7
2.625E7
1000 6 2
2.125E7
2.5E7
1000 6 2
2.25E7
2.375E7
1000 6 2
2.375E7
2.5E7
1000 6 2
2.25E7
2.5E7
1000 6 2
2.125E7
2.625E7
1000 6 2
2.125E7
2.625E7
1778 6 2
4.75E7
7.0E7
1778 6 2
4.75E7
7.0E7
1778 6 2
5.0E7
6.5E7
1778 6 2
5.0E7
7.5E7
1778 6 2
4.75E7
7.0E7
1000 6 2
2.125E7
2.75E7
1778 6 3
4.75E7
7.5E7
1778 6 2
5.0E7
9.0E7
1778 6 2
5.0E7
8.0E7
1778 6 2
5.0E7
8.0E7
1778 6 3
4.75E7
7.5E7
1778 6 3
4.75E7
1.0E8
1778 6 3
4.75E7
7.5E7
1778 6 2
5.0E7
7.5E7
1778 6 2
5.5E7
9.0E7
1778 6 2
4.75E7
7.0E7
1778 6 3
5.25E7
7.5E7
1778 6 2
4.75E7
6.5E7
1778 6 3
4.75E7
8.0E7
1778 6 2
4.75E7
9.0E7
1778 6 2
5.0E7
9.0E7
1778 6 3
5.0E7
9.0E7
1778 6 2
4.75E7
7.5E7
1778 6 2
5.0E7
7.5E7
1778 6 2
5.5E7
7.5E7
1778 6 2
5.25E7
7.0E7
1778 6 2
5.25E7
8.0E7
1778 6 2
5.5E7
7.0E7
1778 6 2
5.0E7
1.1E8
3162 6 3
1.1E8
2.1E8
1778 6 2
4.75E7
8.0E7
3162 6 3
1.1E8
2.6E8
1778 6 2
5.5E7
9.0E7
3162 6 3
1.2E8
2.6E8
3162 6 3
1.2E8
2.9E8
3162 6 3
1.2E8
3.0E8
1778 6 2
5.25E7
9.5E7
3162 6 2
1.1E8
2.6E8
3162 6 3
1.2E8
3.1E8
3162 6 3
1.1E8
2.6E8
1778 6 2
5.25E7
8.0E7
3162 6 3
1.3E8
2.8E8
3162 6 3
1.2E8
2.7E8
3162 6 3
1.2E8
3.0E8
3162 6 3
1.3E8
3.0E8
3162 6 3
1.1E8
3.0E8
3162 6 3
1.2E8
3.0E8
3162 6 2
1.2E8
3.0E8
3162 6 3
1.2E8
2.7E8
3162 6 2
1.2E8
2.9E8
3162 6 3
1.2E8
2.9E8
3162 6 2
1.2E8
2.6E8
3162 6 3
1.2E8
2.8E8
3162 6 3
1.2E8
2.7E8
3162 6 2
1.2E8
2.7E8
3162 6 3
1.2E8
2.8E8
3162 6 3
1.3E8
2.6E8
3162 6 3
1.4E8
2.5E8
3162 6 3
1.3E8
2.7E8
3162 6 3
1.1E8
2.2E8
3162 6 3
1.2E8
2.3E8
3162 6 3
1.1E8
2.2E8
3162 6 3
1.5E8
2.2E8
3162 6 3
1.2E8
2.2E8
3162 6 2
1.1E8
2.1E8
5623 6 3
2.5E8
8.4E8
5623 6 3
2.6E8
8.7E8
5623 6 3
2.6E8
8.6E8
5623 6 3
2.6E8
8.6E8
5623 6 3
2.6E8
8.6E8
5623 6 3
2.7E8
9.3E8
5623 6 3
2.6E8
9.2E8
5623 6 3
2.7E8
1.04E9
5623 6 3
2.7E8
1.0E9
5623 6 3
2.6E8
1.07E9
5623 6 3
2.6E8
1.01E9
5623 6 3
2.7E8
1.06E9
5623 6 3
2.6E8
1.06E9
5623 6 3
2.6E8
1.05E9
5623 6 3
2.5E8
1.01E9
5623 6 3
2.7E8
9.5E8
5623 6 3
2.6E8
9.8E8
5623 6 3
2.6E8
1.08E9
5623 6 3
2.8E8
9.3E8
5623 6 3
2.6E8
1.11E9
5623 6 3
2.6E8
1.12E9
5623 6 3
2.7E8
1.06E9
5623 6 3
2.6E8
1.06E9
5623 6 3
3.0E8
9.3E8
5623 6 3
2.8E8
8.7E8
5623 6 3
2.7E8
1.07E9
5623 6 3
3.1E8
8.8E8
5623 6 3
2.9E8
9.0E8
5623 6 3
2.8E8
1.0E9
5623 6 3
3.1E8
8.6E8
5623 6 3
2.9E8
9.9E8
5623 6 3
3.1E8
1.0E9
10000 6 3
5.9E8
3.06E9
10000 6 3
5.9E8
2.85E9
10000 6 3
5.9E8
2.93E9
10000 6 3
6.0E8
3.07E9
10000 6 3
6.0E8
3.23E9
10000 6 3
6.2E8
3.13E9
10000 6 3
6.0E8
3.28E9
10000 6 3
6.0E8
3.25E9
10000 6 3
6.1E8
3.1E9
10000 6 3
5.9E8
3.29E9
10000 6 3
6.3E8
3.19E9
10000 6 3
6.1E8
3.03E9
10000 6 3
6.0E8
3.22E9
10000 6 3
6.6E8
3.11E9
10000 6 3
6.0E8
3.2E9
10000 6 3
5.9E8
3.15E9
10000 6 3
6.3E8
3.19E9
10000 6 4
6.1E8
3.23E9
10000 6 3
6.3E8
3.07E9
10000 6 3
6.2E8
3.35E9
10000 6 3
6.8E8
3.21E9
10000 6 3
6.0E8
3.43E9
10000 6 3
6.2E8
3.46E9
10000 6 3
6.0E8
3.41E9
10000 6 3
6.1E8
3.38E9
10000 6 3
6.1E8
3.44E9
10000 6 3
6.1E8
3.3E9
10000 6 3
6.8E8
3.28E9
10000 6 3
5.8E8
3.53E9
10000 6 3
6.3E8
3.32E9
10000 6 3
6.2E8
3.45E9
10000 6 3
6.0E8
3.73E9
17782 6 3
1.38E9
1.02E10
17782 6 4
1.34E9
1.039E10
17782 6 4
1.37E9
1.019E10
17782 6 3
1.35E9
1.033E10
17782 6 3
1.41E9
1.075E10
17782 6 3
1.34E9
1.054E10
17782 6 3
1.44E9
1.154E10
17782 6 4
1.37E9
1.077E10
17782 6 3
1.4E9
1.106E10
17782 6 3
1.41E9
1.157E10
17782 6 3
1.41E9
1.09E10
17782 6 4
1.34E9
1.161E10
17782 6 3
1.35E9
1.084E10
17782 6 4
1.41E9
1.12E10
17782 6 3
1.36E9
1.129E10
17782 6 4
1.35E9
1.221E10
17782 6 4
1.44E9
1.113E10
17782 6 3
1.38E9
1.157E10
17782 6 3
1.4E9
1.173E10
17782 6 4
1.35E9
1.173E10
17782 6 3
1.4E9
1.21E10
17782 6 3
1.65E9
1.126E10
17782 6 4
1.46E9
1.155E10
17782 6 4
1.44E9
1.184E10
17782 6 3
1.5E9
1.177E10
17782 6 3
1.36E9
1.211E10
17782 6 3
1.52E9
1.182E10
17782 6 3
1.39E9
1.137E10
17782 6 3
1.51E9
1.076E10
17782 6 3
1.53E9
1.179E10
17782 6 3
1.42E9
1.205E10
17782 6 3
1.56E9
1.236E10
31622 6 4
3.71E9
3.383E10
31622 6 3
3.12E9
3.727E10
31622 6 4
3.15E9
3.895E10
31622 6 4
3.33E9
3.686E10
31622 6 4
3.04E9
3.949E10
31622 6 4
3.07E9
3.94E10
31622 6 4
3.46E9
3.866E10
31622 6 4
3.18E9
3.939E10
31622 6 4
3.15E9
4.047E10
31622 6 4
3.12E9
4.185E10
31622 6 4
3.06E9
4.21E10
31622 6 4
3.12E9
4.191E10
31622 6 4
3.17E9
4.212E10
31622 6 4
3.15E9
4.245E10
31622 6 4
3.2E9
4.349E10
31622 6 4
3.2E9
4.436E10
31622 6 4
3.11E9
4.397E10
31622 6 3
3.3E9
4.438E10
31622 6 4
3.24E9
4.385E10
31622 6 4
3.03E9
4.528E10
31622 6 4
3.1E9
4.53E10
31622 6 4
3.11E9
4.473E10
31622 6 4
3.08E9
4.531E10
31622 6 4
3.27E9
4.533E10
31622 6 4
3.26E9
4.538E10
31622 6 4
3.16E9
4.503E10
31622 6 4
3.19E9
4.507E10
31622 6 3
3.35E9
4.599E10
31622 6 4
3.29E9
4.61E10
31622 6 4
3.4E9
4.591E10
31622 6 4
3.13E9
4.564E10
31622 6 4
3.5E9
4.583E10
56234 6 4
7.63E9
1.3319E11
56234 6 4
7.24E9
1.3464E11
56234 6 4
7.35E9
1.3643E11
56234 6 4
7.05E9
1.4671E11
56234 6 4
7.63E9
1.4366E11
56234 6 4
7.19E9
1.4116E11
56234 6 4
7.37E9
1.4602E11
56234 6 4
7.34E9
1.4526E11
56234 6 4
7.1E9
1.6201E11
56234 6 4
7.03E9
1.6088E11
56234 6 4
7.09E9
1.5964E11
56234 6 4
7.62E9
1.6708E11
56234 6 4
7.85E9
1.5877E11
56234 6 4
7.24E9
1.6325E11
56234 6 4
6.91E9
1.6505E11
56234 6 4
7.48E9
1.6996E11
56234 6 4
7.55E9
1.7229E11
56234 6 4
7.67E9
1.7818E11
56234 6 4
7.68E9
1.7526E11
56234 6 4
7.52E9
1.7396E11
56234 6 4
7.37E9
1.7125E11
56234 6 4
7.64E9
1.7734E11
56234 6 4
7.88E9
1.8332E11
56234 6 4
8.2E9
1.8888E11
56234 6 4
7.1E9
1.9E11
56234 6 4
7.36E9
1.9019E11
56234 6 4
7.41E9
1.8908E11
56234 6 4
7.38E9
1.9334E11
56234 6 4
8.13E9
2.0069E11
56234 6 4
7.43E9
2.2254E11
56234 6 4
7.32E9
2.2654E11
56234 6 4
7.23E9
2.3473E11
100000 6 4
1.699E10
4.9327E11
100000 6 4
1.751E10
4.954E11
100000 6 5
1.564E10
4.9686E11
100000 6 4
1.619E10
5.2012E11
100000 6 4
1.652E10
5.1276E11
100000 6 4
1.567E10
5.173E11
100000 6 4
1.545E10
5.0473E11
100000 6 4
1.626E10
4.9279E11
100000 6 4
1.68E10
5.0182E11
100000 6 4
1.635E10
5.1541E11
100000 6 4
1.731E10
5.1531E11
100000 6 4
1.765E10
5.339E11
100000 6 4
1.701E10
5.4439E11
100000 6 4
1.648E10
5.3987E11
100000 6 4
1.552E10
5.5196E11
100000 6 4
1.812E10
5.6586E11
100000 6 4
1.725E10
5.5429E11
100000 6 4
1.831E10
5.4178E11
100000 6 4
1.788E10
5.4626E11
100000 6 4
2.022E10
5.5389E11
100000 6 5
1.855E10
5.522E11
100000 6 4
1.529E10
5.5775E11
100000 6 4
1.66E10
5.9339E11
100000 6 4
2.406E10
5.2653E11
100000 6 5
1.871E10
5.6381E11
100000 6 5
2.105E10
5.2735E11
100000 6 4
1.799E10
6.2389E11
100000 6 4
1.66E10
5.9765E11
100000 6 4
1.917E10
6.0463E11
100000 6 4
2.144E10
5.6248E11
100000 6 4
1.739E10
6.0184E11
100000 6 4
2.054E10
5.6563E11
