100 3 5
214843.75
214843.75
100 3 4
253906.25
214843.75
100 3 4
253906.25
234375.0
100 3 4
273437.5
253906.25
100 3 5
234375.0
234375.0
100 3 5
332031.25
214843.75
100 3 5
214843.75
234375.0
100 3 4
332031.25
234375.0
100 3 4
351562.5
214843.75
100 3 5
234375.0
214843.75
100 3 4
312500.0
234375.0
100 3 4
253906.25
214843.75
100 3 4
351562.5
234375.0
100 3 5
332031.25
234375.0
100 3 5
332031.25
234375.0
100 3 4
332031.25
234375.0
100 3 5
312500.0
234375.0
100 3 4
390625.0
214843.75
100 3 4
312500.0
234375.0
100 3 5
332031.25
234375.0
100 3 4
351562.5
234375.0
100 3 4
234375.0
234375.0
100 3 4
253906.25
214843.75
100 3 4
585937.5
273437.5
100 3 4
703125.0
253906.25
100 3 5
644531.25
253906.25
100 3 4
722656.25
234375.0
100 3 4
292968.75
214843.75
100 3 4
742187.5
214843.75
100 3 4
820312.5
214843.75
100 3 4
742187.5
214843.75
100 3 4
761718.75
234375.0
177 3 5
546875.0
546875.0
177 3 6
507812.5
507812.5
177 3 5
585937.5
507812.5
177 3 5
429687.5
664062.5
177 3 5
546875.0
546875.0
177 3 5
507812.5
625000.0
177 3 5
507812.5
2031250.0
177 3 5
507812.5
625000.0
177 3 5
585937.5
546875.0
177 3 5
507812.5
546875.0
177 3 6
585937.5
585937.5
177 3 5
585937.5
625000.0
177 3 5
546875.0
585937.5
177 3 5
546875.0
507812.5
177 3 5
507812.5
664062.5
177 3 4
585937.5
664062.5
177 3 6
664062.5
585937.5
177 3 5
546875.0
585937.5
177 3 5
585937.5
703125.0
177 3 6
2656250.0
1875000.0
177 3 5
625000.0
625000.0
177 3 5
664062.5
703125.0
177 3 5
664062.5
703125.0
177 3 6
859375.0
625000.0
177 3 5
2812500.0
2343750.0
177 3 6
742187.5
664062.5
177 3 6
2187500.0
1875000.0
177 3 6
859375.0
859375.0
316 3 7
1015625.0
1875000.0
177 3 4
3281250.0
859375.0
177 3 5
2578125.0
898437.5
177 3 5
976562.5
585937.5
177 3 5
2187500.0
976562.5
316 3 5
1250000.0
1875000.0
316 3 6
1171875.0
1718750.0
316 3 5
937500.0
1406250.0
316 3 6
1171875.0
2187500.0
316 3 6
1093750.0
1406250.0
316 3 6
1250000.0
2031250.0
316 3 7
1250000.0
1484375.0
316 3 6
1328125.0
1875000.0
316 3 6
1562500.0
1718750.0
316 3 7
1171875.0
1484375.0
316 3 5
1250000.0
1718750.0
316 3 7
1406250.0
1406250.0
316 3 6
1171875.0
1250000.0
316 3 6
2109375.0
4062500.0
316 3 6
1093750.0
1484375.0
316 3 6
1250000.0
1562500.0
316 3 6
1250000.0
1328125.0
316 3 7
1250000.0
1640625.0
316 3 6
1718750.0
2500000.0
316 3 6
2109375.0
1875000.0
316 3 7
1328125.0
1640625.0
316 3 7
1171875.0
1562500.0
316 3 7
1171875.0
1640625.0
316 3 7
1406250.0
1484375.0
316 3 6
1328125.0
1484375.0
316 3 7
1328125.0
1562500.0
316 3 6
1328125.0
1875000.0
316 3 6
1093750.0
2031250.0
316 3 6
1718750.0
1640625.0
562 3 7
3437500.0
3750000.0
316 3 6
2500000.0
3906250.0
562 3 8
2656250.0
3437500.0
316 3 5
937500.0
1406250.0
562 3 8
2656250.0
3437500.0
562 3 7
2187500.0
4687500.0
562 3 8
2187500.0
5000000.0
562 3 7
2343750.0
3437500.0
562 3 7
2656250.0
1.4375E7
562 3 7
6875000.0
1.1875E7
562 3 7
2812500.0
4687500.0
562 3 7
2500000.0
4687500.0
562 3 7
1875000.0
3437500.0
562 3 7
3750000.0
4687500.0
562 3 6
3437500.0
4375000.0
562 3 8
2031250.0
3750000.0
562 3 8
3437500.0
3750000.0
562 3 7
3437500.0
4375000.0
562 3 7
3281250.0
4062500.0
562 3 7
1875000.0
4062500.0
562 3 7
3437500.0
4375000.0
562 3 7
3281250.0
3750000.0
562 3 7
3125000.0
3750000.0
562 3 7
3281250.0
4375000.0
562 3 7
5156250.0
4375000.0
562 3 7
1.25E7
3750000.0
562 3 7
8750000.0
4062500.0
562 3 7
9375000.0
4375000.0
562 3 7
6718750.0
5000000.0
562 3 7
2343750.0
5000000.0
562 3 7
2656250.0
8125000.0
562 3 8
2187500.0
3437500.0
1000 3 8
4375000.0
1.625E7
562 3 7
2343750.0
1.625E7
562 3 8
2343750.0
6875000.0
1000 3 9
4375000.0
1.375E7
1000 3 8
4375000.0
1.375E7
1000 3 8
6875000.0
1.5E7
1000 3 9
5000000.0
3.125E7
1000 3 10
4687500.0
8125000.0
1000 3 9
4062500.0
1.5E7
1000 3 9
4687500.0
1.4375E7
1000 3 9
4687500.0
9375000.0
1000 3 9
6250000.0
1.5E7
1000 3 8
4375000.0
8750000.0
1000 3 9
1.5E7
1.375E7
1000 3 9
4062500.0
9375000.0
1000 3 8
1.4375E7
1.375E7
1000 3 9
4375000.0
3.5E7
1000 3 9
1.5E7
2.75E7
1000 3 9
6250000.0
1.375E7
1000 3 9
7187500.0
1.0E7
1000 3 8
6562500.0
1.0E7
1000 3 9
6875000.0
1.0625E7
1000 3 9
3750000.0
1.0E7
1000 3 9
5937500.0
1.125E7
1000 3 9
8750000.0
1.0625E7
1778 3 10
3.5E7
3.0E7
1000 3 9
3750000.0
1.1875E7
1000 3 8
5000000.0
1.5E7
1000 3 8
6562500.0
9375000.0
1000 3 8
1.4375E7
1.5E7
1778 3 11
8750000.0
3.5E7
1000 3 8
6250000.0
8125000.0
1000 3 9
5625000.0
1.3125E7
1778 3 10
1.0E7
3.75E7
1778 3 11
9375000.0
3.75E7
1778 3 10
4.25E7
1.9E8
1778 3 10
8750000.0
2.25E7
1000 3 9
2.75E7
3.0E7
1778 3 10
6.25E7
1.6E8
1778 3 10
3.75E7
1.5E8
1778 3 10
9375000.0
2.25E7
1778 3 10
8125000.0
2.125E7
1778 3 10
1.375E7
2.75E7
1000 3 9
1.875E7
3.0625E7
1778 3 11
8125000.0
2.5E7
1778 3 11
1.4375E7
3.5E7
1778 3 10
1.375E7
3.5E7
1778 3 10
1.375E7
3.25E7
1778 3 10
1.5E7
2.75E7
1778 3 10
1.3125E7
3.5E7
1778 3 10
1.4375E7
3.0E7
1778 3 10
1.375E7
3.25E7
1778 3 10
1.375E7
3.0E7
1778 3 10
1.25E7
3.25E7
1778 3 10
7500000.0
3.0E7
1000 3 9
1.53125E7
1.75E7
1778 3 10
5.0E7
4.25E7
1778 3 10
3.125E7
3.0E7
1778 3 10
1.125E7
3.0E7
1778 3 10
1.0625E7
3.0E7
3162 3 11
2.75E7
1.1E8
3162 3 11
1.875E7
1.1E8
1778 3 10
9375000.0
3.5E7
1778 3 10
1.0E7
3.0E7
1778 3 10
8125000.0
3.0E7
3162 3 11
2.0E7
1.3E8
3162 3 11
1.875E7
1.3E8
1778 3 11
1.0625E7
2.375E7
3162 3 11
1.75E7
1.4E8
3162 3 11
2.75E7
8.0E7
1778 3 10
1.0625E7
6.25E7
3162 3 11
2.125E7
1.5E8
3162 3 11
2.25E7
1.1E8
3162 3 11
2.25E7
9.0E7
3162 3 11
3.0E7
2.3E8
3162 3 11
2.75E7
2.3E8
3162 3 11
2.25E7
1.4E8
3162 3 11
1.625E7
8.5E7
3162 3 11
1.625E7
8.5E7
3162 3 11
4.25E7
1.5E8
3162 3 11
1.75E7
9.0E7
1778 3 10
1.0E7
3.0E7
3162 3 11
4.375E7
1.1E8
3162 3 11
4.75E7
1.2E8
3162 3 11
2.0E7
1.1E8
3162 3 11
5.25E7
1.1E8
3162 3 11
5.0E7
1.2E8
3162 3 11
1.625E7
1.4E8
3162 3 11
1.5E7
9.5E7
3162 3 11
2.0E7
1.1E8
3162 3 11
1.5E7
1.05E8
3162 3 11
1.5E7
1.05E8
3162 3 11
2.25E7
1.4E8
3162 3 11
2.125E7
1.6E8
3162 3 11
2.375E7
1.2E8
3162 3 11
2.0E7
7.5E7
3162 3 11
2.375E7
1.1E8
3162 3 11
4.125E7
1.3E8
5623 3 11
3.25E7
2.7E8
5623 3 11
3.25E7
2.9E8
5623 3 11
4.5E7
3.2E8
5623 3 11
4.0E7
3.2E8
5623 3 11
4.25E7
3.5E8
5623 3 11
2.75E7
3.2E8
5623 3 11
3.0E7
3.4E8
5623 3 11
3.25E7
3.3E8
5623 3 11
4.5E7
3.6E8
5623 3 11
3.0E7
3.3E8
5623 3 11
4.25E7
3.5E8
5623 3 11
4.0E7
3.3E8
5623 3 11
4.0E7
3.5E8
5623 3 11
3.0E7
3.9E8
5623 3 11
4.0E7
3.6E8
5623 3 11
9.0E7
4.8E8
5623 3 11
3.75E7
3.3E8
5623 3 11
1.3E8
5.4E8
5623 3 11
4.0E7
3.5E8
5623 3 11
1.7E8
5.5E8
5623 3 11
8.0E7
4.2E8
5623 3 11
4.0E7
3.9E8
5623 3 11
1.5E8
6.2E8
5623 3 11
1.15E8
6.2E8
5623 3 11
1.2E8
5.5E8
5623 3 11
4.5E7
5.2E8
5623 3 11
4.0E7
4.2E8
5623 3 11
4.5E7
3.3E8
5623 3 11
4.25E7
4.4E8
5623 3 11
5.0E7
3.2E8
5623 3 11
3.5E7
3.4E8
5623 3 11
4.75E7
3.5E8
10000 3 11
5.5E7
9.7E8
10000 3 11
6.0E7
1.01E9
10000 3 11
1.1E8
9.7E8
10000 3 11
8.5E7
1.05E9
10000 3 11
6.5E7
1.0E9
10000 3 11
6.0E7
1.0E9
10000 3 11
5.5E7
1.16E9
10000 3 11
1.6E8
1.22E9
10000 3 11
1.2E8
1.19E9
10000 3 11
1.2E8
1.3E9
10000 3 11
1.2E8
1.16E9
10000 3 11
6.5E7
1.17E9
10000 3 11
9.0E7
1.15E9
10000 3 11
9.5E7
1.4E9
10000 3 11
1.1E8
1.25E9
10000 3 11
7.5E7
1.15E9
10000 3 11
1.2E8
1.0E9
10000 3 11
8.5E7
1.27E9
10000 3 11
1.05E8
1.04E9
10000 3 11
1.0E8
1.11E9
10000 3 11
1.1E8
1.51E9
10000 3 11
1.0E8
1.2E9
10000 3 11
1.05E8
1.24E9
10000 3 11
9.5E7
1.47E9
10000 3 11
1.1E8
1.56E9
10000 3 11
6.0E7
1.29E9
10000 3 11
1.3E8
1.75E9
10000 3 11
1.1E8
1.86E9
10000 3 11
2.1E8
1.94E9
10000 3 11
1.6E8
1.9E9
10000 3 11
1.9E8
1.91E9
10000 3 11
1.8E8
1.99E9
17782 3 11
1.2E8
3.45E9
17782 3 11
1.3E8
3.45E9
17782 3 11
1.5E8
3.45E9
17782 3 11
2.0E8
3.56E9
17782 3 11
1.9E8
3.69E9
17782 3 11
1.6E8
3.7E9
17782 3 11
1.6E8
3.33E9
17782 3 11
1.8E8
3.29E9
17782 3 11
1.4E8
3.54E9
17782 3 11
2.1E8
3.5E9
17782 3 11
2.1E8
4.02E9
17782 3 11
1.1E8
4.51E9
17782 3 11
1.7E8
4.08E9
17782 3 11
1.9E8
4.34E9
17782 3 11
1.8E8
3.55E9
17782 3 11
1.7E8
4.16E9
17782 3 11
1.8E8
3.58E9
17782 3 11
1.3E8
4.82E9
17782 3 11
2.0E8
4.04E9
17782 3 11
1.9E8
4.35E9
17782 3 11
1.9E8
4.37E9
17782 3 11
2.2E8
4.5E9
17782 3 11
1.9E8
4.25E9
17782 3 11
2.1E8
3.92E9
17782 3 11
1.8E8
4.54E9
17782 3 11
2.7E8
4.82E9
17782 3 11
2.3E8
4.74E9
17782 3 11
3.9E8
4.77E9
17782 3 11
3.2E8
4.83E9
17782 3 11
4.1E8
5.07E9
17782 3 11
2.8E8
5.46E9
17782 3 11
3.7E8
5.54E9
31622 3 11
3.2E8
1.183E10
31622 3 11
3.1E8
1.236E10
31622 3 11
3.1E8
1.248E10
31622 3 11
2.9E8
1.263E10
31622 3 11
3.6E8
1.407E10
31622 3 11
3.4E8
1.377E10
31622 3 11
3.4E8
1.436E10
31622 3 11
2.3E8
1.437E10
31622 3 11
3.4E8
1.366E10
31622 3 11
3.2E8
1.39E10
31622 3 11
3.2E8
1.432E10
31622 3 11
2.3E8
1.489E10
31622 3 11
2.8E8
1.5E10
31622 3 11
3.5E8
1.581E10
31622 3 11
2.9E8
1.538E10
31622 3 11
4.3E8
1.53E10
31622 3 11
4.2E8
1.578E10
31622 3 11
4.7E8
1.495E10
31622 3 11
4.4E8
1.575E10
31622 3 11
4.4E8
1.569E10
31622 3 11
4.7E8
1.602E10
31622 3 11
4.6E8
1.49E10
31622 3 11
4.2E8
1.566E10
31622 3 11
4.2E8
1.529E10
31622 3 11
4.0E8
1.648E10
31622 3 11
4.8E8
1.51E10
31622 3 11
4.2E8
1.676E10
31622 3 11
4.8E8
1.562E10
31622 3 11
4.3E8
1.69E10
31622 3 11
4.5E8
1.585E10
31622 3 11
4.7E8
1.498E10
31622 3 11
4.4E8
1.705E10
56234 3 11
5.9E8
4.93E10
56234 3 11
7.0E8
4.773E10
56234 3 11
7.0E8
4.986E10
56234 3 11
6.7E8
5.334E10
56234 3 11
7.8E8
5.115E10
56234 3 11
7.3E8
5.254E10
56234 3 11
5.6E8
5.468E10
56234 3 11
6.9E8
5.129E10
56234 3 11
6.2E8
5.418E10
56234 3 11
7.8E8
5.526E10
56234 3 11
6.9E8
5.874E10
56234 3 11
7.7E8
5.651E10
56234 3 11
7.2E8
6.18E10
56234 3 11
7.9E8
6.103E10
56234 3 11
7.4E8
5.916E10
56234 3 11
6.8E8
6.154E10
56234 3 11
7.2E8
6.195E10
56234 3 11
7.2E8
6.22E10
56234 3 11
6.7E8
6.525E10
56234 3 11
7.5E8
7.063E10
56234 3 11
7.5E8
7.502E10
56234 3 11
1.43E9
8.24E10
56234 3 11
6.3E8
8.703E10
56234 3 11
7.8E8
9.125E10
56234 3 11
1.21E9
9.211E10
56234 3 11
7.0E8
9.471E10
56234 3 11
1.51E9
9.79E10
56234 3 11
1.48E9
9.838E10
56234 3 11
9.4E8
1.0669E11
56234 3 11
9.8E8
1.0914E11
56234 3 11
9.1E8
1.1303E11
56234 3 11
9.2E8
1.1891E11
100000 3 11
1.2E9
2.1419E11
100000 3 11
1.35E9
2.172E11
100000 3 11
1.34E9
2.4351E11
100000 3 11
1.17E9
2.3441E11
100000 3 11
1.07E9
2.3574E11
100000 3 11
1.25E9
2.4624E11
100000 3 11
1.37E9
2.4646E11
100000 3 11
1.17E9
2.5109E11
100000 3 11
1.32E9
2.5389E11
100000 3 11
1.44E9
2.5911E11
100000 3 11
1.16E9
2.3942E11
100000 3 11
1.16E9
2.4642E11
100000 3 11
1.86E9
2.6356E11
100000 3 11
1.29E9
2.6734E11
100000 3 11
1.61E9
2.6306E11
100000 3 11
1.61E9
2.0197E11
100000 3 11
2.2E9
2.6523E11
100000 3 11
1.37E9
2.2946E11
100000 3 11
1.21E9
2.2236E11
100000 3 11
1.07E9
2.2653E11
100000 3 11
1.31E9
2.3045E11
100000 3 11
1.23E9
2.6249E11
100000 3 11
1.6E9
2.7598E11
100000 3 11
1.32E9
2.6767E11
100000 3 11
1.37E9
2.1782E11
100000 3 11
1.26E9
2.6982E11
100000 3 11
1.12E9
2.3374E11
100000 3 11
1.14E9
2.5248E11
100000 3 11
1.38E9
2.251E11
100000 3 11
1.22E9
2.6184E11
100000 3 11
1.79E9
2.4887E11
100000 3 11
1.56E9
2.2307E11
