100 5 2
468750.0
429687.5
100 5 2
507812.5
429687.5
100 5 2
468750.0
429687.5
100 5 2
507812.5
429687.5
100 5 2
468750.0
351562.5
100 5 2
507812.5
371093.75
100 5 2
507812.5
351562.5
100 5 2
468750.0
351562.5
100 5 2
468750.0
351562.5
100 5 2
468750.0
371093.75
100 5 2
468750.0
371093.75
100 5 2
507812.5
371093.75
100 5 2
468750.0
371093.75
100 5 2
468750.0
371093.75
100 5 2
468750.0
351562.5
100 5 2
468750.0
371093.75
100 5 2
468750.0
371093.75
100 5 2
468750.0
371093.75
100 5 2
468750.0
390625.0
100 5 2
507812.5
410156.25
100 5 2
468750.0
390625.0
100 5 2
468750.0
371093.75
100 5 2
468750.0
410156.25
100 5 2
468750.0
351562.5
100 5 2
507812.5
351562.5
100 5 2
468750.0
410156.25
100 5 2
468750.0
390625.0
100 5 2
507812.5
371093.75
100 5 2
507812.5
351562.5
100 5 2
507812.5
390625.0
100 5 2
507812.5
390625.0
100 5 2
507812.5
371093.75
177 5 2
1171875.0
937500.0
177 5 2
1250000.0
1015625.0
177 5 2
1171875.0
1015625.0
177 5 2
1250000.0
1093750.0
177 5 2
1093750.0
937500.0
177 5 2
1015625.0
937500.0
177 5 2
1171875.0
1015625.0
177 5 2
1171875.0
937500.0
177 5 2
1250000.0
937500.0
177 5 3
1250000.0
1015625.0
177 5 2
1328125.0
937500.0
177 5 3
1171875.0
859375.0
177 5 2
1250000.0
937500.0
177 5 2
1250000.0
1093750.0
177 5 2
1171875.0
1015625.0
177 5 2
1171875.0
937500.0
177 5 2
1171875.0
937500.0
177 5 2
1250000.0
937500.0
177 5 2
1171875.0
937500.0
177 5 2
1250000.0
937500.0
177 5 2
1250000.0
937500.0
177 5 2
1250000.0
859375.0
177 5 2
1171875.0
1093750.0
177 5 2
1250000.0
1015625.0
177 5 2
1171875.0
1015625.0
177 5 2
1171875.0
937500.0
177 5 2
1171875.0
1015625.0
177 5 2
1250000.0
937500.0
177 5 2
1250000.0
1015625.0
177 5 2
1250000.0
937500.0
177 5 2
1328125.0
1015625.0
177 5 3
1406250.0
937500.0
316 5 3
2812500.0
2812500.0
316 5 3
2812500.0
4062500.0
316 5 3
2812500.0
3750000.0
316 5 2
2812500.0
3750000.0
316 5 2
2812500.0
3437500.0
316 5 2
2812500.0
3593750.0
316 5 2
2812500.0
3437500.0
316 5 3
2812500.0
3437500.0
316 5 2
2968750.0
3750000.0
316 5 3
2968750.0
3750000.0
316 5 3
2812500.0
3437500.0
316 5 2
2812500.0
3593750.0
316 5 2
2968750.0
2812500.0
316 5 2
2812500.0
3437500.0
316 5 2
2968750.0
2812500.0
316 5 3
2812500.0
2968750.0
316 5 2
2812500.0
2812500.0
316 5 2
2812500.0
2812500.0
316 5 3
2812500.0
2812500.0
316 5 2
2812500.0
2968750.0
316 5 3
2812500.0
2656250.0
316 5 2
2968750.0
2968750.0
316 5 3
2812500.0
2812500.0
316 5 3
2812500.0
2812500.0
316 5 2
2812500.0
2812500.0
316 5 3
2968750.0
2500000.0
316 5 3
2812500.0
2500000.0
316 5 2
2968750.0
2500000.0
316 5 3
2968750.0
2500000.0
316 5 2
2812500.0
2500000.0
316 5 2
2968750.0
2812500.0
316 5 2
2968750.0
2812500.0
562 5 3
6875000.0
7500000.0
562 5 3
6875000.0
8125000.0
562 5 3
6875000.0
6875000.0
562 5 2
6875000.0
7500000.0
562 5 3
6875000.0
7500000.0
562 5 2
6875000.0
6875000.0
562 5 3
6875000.0
8125000.0
562 5 3
6875000.0
7500000.0
562 5 3
6875000.0
7500000.0
562 5 3
6875000.0
7500000.0
562 5 3
6875000.0
8125000.0
562 5 3
6875000.0
7500000.0
562 5 3
6875000.0
6875000.0
562 5 2
6875000.0
6875000.0
562 5 3
6875000.0
8750000.0
562 5 3
6875000.0
6875000.0
562 5 3
7500000.0
8750000.0
562 5 3
6875000.0
7500000.0
562 5 3
6875000.0
8125000.0
562 5 3
7187500.0
7500000.0
562 5 2
7500000.0
7500000.0
562 5 2
6875000.0
7500000.0
562 5 3
7500000.0
7500000.0
562 5 3
6875000.0
8750000.0
562 5 2
6875000.0
7500000.0
562 5 3
7500000.0
8125000.0
562 5 2
7500000.0
8125000.0
562 5 3
7187500.0
6875000.0
562 5 2
7500000.0
7500000.0
562 5 2
8125000.0
6875000.0
562 5 3
7500000.0
7500000.0
1000 5 3
1.5E7
2.5E7
562 5 2
7187500.0
7187500.0
1000 5 3
1.625E7
2.75E7
1000 5 4
1.875E7
2.75E7
1000 5 3
1.625E7
2.375E7
1000 5 3
1.625E7
2.5E7
1000 5 3
1.625E7
2.5E7
1000 5 3
1.5E7
2.125E7
1000 5 3
1.5E7
2.375E7
1000 5 3
1.625E7
2.125E7
1000 5 3
1.625E7
2.375E7
1000 5 3
1.625E7
3.25E7
1000 5 3
1.625E7
2.375E7
1000 5 3
1.625E7
2.75E7
1000 5 3
1.5E7
1.875E7
1000 5 3
1.625E7
2.625E7
1000 5 3
1.5E7
2.625E7
1000 5 3
1.625E7
2.0E7
1000 5 3
1.625E7
2.625E7
1000 5 3
1.75E7
2.0E7
1000 5 3
1.625E7
3.0E7
1000 5 3
1.625E7
2.625E7
1000 5 3
1.625E7
2.625E7
1000 5 3
2.0E7
2.125E7
1000 5 3
1.75E7
2.0E7
1000 5 3
1.875E7
2.0E7
1000 5 3
1.75E7
2.0E7
1000 5 3
1.625E7
2.0E7
1000 5 3
1.75E7
2.0E7
1000 5 3
1.625E7
2.0E7
1000 5 3
2.0E7
1.75E7
1778 5 3
3.5E7
5.5E7
1000 5 3
2.125E7
1.875E7
1778 5 3
3.75E7
5.5E7
1000 5 3
1.625E7
2.25E7
1778 5 4
3.5E7
6.0E7
1778 5 3
3.75E7
5.5E7
1778 5 4
3.75E7
6.5E7
1778 5 3
3.5E7
5.5E7
1778 5 3
3.5E7
6.0E7
1778 5 3
3.75E7
6.5E7
1778 5 3
3.5E7
6.5E7
1778 5 3
3.75E7
5.5E7
1778 5 3
3.75E7
6.0E7
1778 5 3
3.75E7
7.5E7
1778 5 3
3.75E7
5.5E7
1778 5 3
3.75E7
5.5E7
1778 5 3
3.75E7
8.5E7
1778 5 3
3.5E7
6.0E7
1778 5 3
3.75E7
8.0E7
1778 5 3
3.75E7
7.0E7
1778 5 3
3.75E7
7.0E7
1778 5 3
3.75E7
6.0E7
1778 5 3
3.75E7
7.5E7
1778 5 3
3.75E7
5.5E7
1778 5 4
3.75E7
6.0E7
1778 5 3
3.75E7
6.0E7
1778 5 3
3.5E7
6.0E7
1778 5 3
3.75E7
6.5E7
1778 5 3
4.0E7
6.0E7
1778 5 3
3.5E7
5.5E7
1778 5 4
4.5E7
6.0E7
1778 5 4
4.0E7
6.5E7
1778 5 3
3.5E7
6.0E7
3162 5 3
8.0E7
2.2E8
1778 5 4
4.25E7
5.5E7
3162 5 4
9.0E7
2.1E8
3162 5 4
8.0E7
2.1E8
3162 5 4
9.0E7
2.2E8
3162 5 4
8.5E7
2.5E8
3162 5 4
8.5E7
2.3E8
3162 5 4
8.5E7
2.3E8
3162 5 4
9.0E7
2.1E8
3162 5 4
9.0E7
2.4E8
3162 5 3
8.0E7
2.1E8
3162 5 3
8.5E7
2.3E8
3162 5 4
8.0E7
2.2E8
3162 5 3
8.5E7
2.3E8
3162 5 4
8.0E7
2.1E8
3162 5 4
8.5E7
2.2E8
3162 5 4
8.0E7
2.3E8
3162 5 4
8.5E7
2.2E8
3162 5 3
8.5E7
2.2E8
3162 5 4
8.5E7
2.5E8
3162 5 4
9.0E7
2.3E8
3162 5 4
8.5E7
2.3E8
3162 5 3
8.5E7
2.3E8
3162 5 4
9.0E7
2.3E8
3162 5 4
8.0E7
2.0E8
3162 5 3
9.0E7
2.5E8
3162 5 4
8.5E7
1.9E8
3162 5 3
8.5E7
2.3E8
3162 5 4
9.0E7
2.0E8
3162 5 4
8.0E7
2.2E8
3162 5 4
1.0E8
2.1E8
3162 5 4
8.5E7
2.3E8
3162 5 3
8.0E7
2.1E8
5623 5 4
1.9E8
6.3E8
5623 5 4
1.8E8
6.8E8
5623 5 4
1.8E8
7.7E8
5623 5 4
2.0E8
8.1E8
5623 5 4
2.1E8
7.9E8
5623 5 4
1.8E8
7.8E8
5623 5 4
1.9E8
7.8E8
5623 5 4
2.0E8
6.9E8
5623 5 4
1.9E8
8.0E8
5623 5 4
1.9E8
7.8E8
5623 5 4
2.0E8
8.2E8
5623 5 4
1.9E8
6.7E8
5623 5 4
1.9E8
6.6E8
5623 5 4
2.0E8
8.5E8
5623 5 4
1.9E8
7.9E8
5623 5 4
1.9E8
6.8E8
5623 5 4
2.1E8
8.6E8
5623 5 5
1.9E8
8.2E8
5623 5 4
1.8E8
8.2E8
5623 5 4
2.0E8
8.1E8
5623 5 4
2.1E8
8.1E8
5623 5 4
2.0E8
6.6E8
5623 5 4
1.9E8
8.6E8
5623 5 4
2.0E8
8.5E8
5623 5 4
1.7E8
8.2E8
5623 5 4
1.9E8
7.9E8
5623 5 4
1.9E8
8.3E8
5623 5 4
2.0E8
7.2E8
5623 5 4
1.9E8
7.4E8
5623 5 4
2.5E8
6.6E8
5623 5 4
2.0E8
8.9E8
5623 5 4
2.5E8
6.9E8
10000 5 5
4.0E8
2.13E9
10000 5 5
4.0E8
2.27E9
10000 5 4
4.0E8
2.29E9
10000 5 5
4.4E8
2.37E9
10000 5 5
4.2E8
2.39E9
10000 5 4
4.2E8
2.43E9
10000 5 4
3.8E8
2.49E9
10000 5 5
4.0E8
2.53E9
10000 5 5
4.0E8
2.59E9
10000 5 4
3.9E8
2.54E9
10000 5 4
4.0E8
2.37E9
10000 5 5
4.2E8
2.4E9
10000 5 5
4.5E8
2.32E9
10000 5 4
3.9E8
2.49E9
10000 5 5
4.0E8
2.63E9
10000 5 4
4.0E8
2.66E9
10000 5 5
4.0E8
2.63E9
10000 5 4
4.4E8
2.27E9
10000 5 5
4.4E8
2.39E9
10000 5 4
4.4E8
2.52E9
10000 5 5
4.4E8
2.62E9
10000 5 4
4.2E8
2.51E9
10000 5 5
4.7E8
2.46E9
10000 5 5
4.3E8
2.57E9
10000 5 5
4.3E8
2.46E9
10000 5 4
4.0E8
2.67E9
10000 5 5
4.7E8
2.43E9
10000 5 4
4.1E8
2.5E9
10000 5 4
4.7E8
2.43E9
10000 5 5
4.1E8
2.7E9
10000 5 4
4.8E8
2.43E9
10000 5 4
4.3E8
2.62E9
17782 5 5
9.5E8
7.32E9
17782 5 5
9.2E8
8.03E9
17782 5 5
9.0E8
7.66E9
17782 5 5
8.9E8
7.56E9
17782 5 5
8.8E8
7.75E9
17782 5 5
9.2E8
8.21E9
17782 5 5
9.3E8
7.83E9
17782 5 5
8.8E8
7.95E9
17782 5 5
9.9E8
8.32E9
17782 5 5
9.4E8
8.34E9
17782 5 5
9.2E8
8.15E9
17782 5 5
9.3E8
8.31E9
17782 5 5
9.2E8
9.03E9
17782 5 5
9.7E8
8.23E9
17782 5 5
9.7E8
8.6E9
17782 5 5
9.4E8
9.29E9
17782 5 5
9.3E8
8.89E9
17782 5 5
9.9E8
9.27E9
17782 5 5
9.6E8
9.29E9
17782 5 5
9.5E8
9.11E9
17782 5 5
9.3E8
9.73E9
17782 5 5
9.3E8
9.15E9
17782 5 5
9.4E8
9.1E9
17782 5 5
9.2E8
9.33E9
17782 5 5
9.4E8
8.66E9
17782 5 5
9.7E8
9.37E9
17782 5 5
9.1E8
1.024E10
17782 5 5
1.01E9
1.003E10
17782 5 5
9.2E8
9.81E9
17782 5 5
9.6E8
1.063E10
17782 5 5
1.04E9
1.003E10
17782 5 5
9.8E8
1.081E10
31622 5 5
2.1E9
2.485E10
31622 5 6
2.23E9
2.619E10
31622 5 6
1.95E9
2.941E10
31622 5 6
2.14E9
2.765E10
31622 5 5
2.03E9
2.906E10
31622 5 5
2.34E9
2.992E10
31622 5 6
2.3E9
2.954E10
31622 5 5
2.1E9
3.111E10
31622 5 5
2.07E9
2.958E10
31622 5 5
2.78E9
2.832E10
31622 5 6
2.15E9
3.064E10
31622 5 6
2.09E9
3.06E10
31622 5 5
2.2E9
2.956E10
31622 5 5
2.01E9
3.042E10
31622 5 5
2.61E9
2.903E10
31622 5 5
2.28E9
3.127E10
31622 5 5
1.98E9
3.101E10
31622 5 5
2.3E9
3.049E10
31622 5 5
2.27E9
2.985E10
31622 5 6
2.25E9
3.077E10
31622 5 6
2.56E9
2.947E10
31622 5 5
2.34E9
2.972E10
31622 5 6
2.11E9
3.084E10
31622 5 6
2.12E9
3.152E10
31622 5 5
2.16E9
3.108E10
31622 5 6
2.33E9
3.015E10
31622 5 5
2.09E9
3.324E10
31622 5 6
2.63E9
2.962E10
31622 5 6
2.67E9
3.161E10
31622 5 7
2.21E9
3.558E10
31622 5 5
2.22E9
3.531E10
31622 5 5
2.13E9
3.403E10
56234 5 6
4.51E9
8.148E10
56234 5 6
4.85E9
9.762E10
56234 5 7
4.47E9
9.706E10
56234 5 6
4.7E9
9.218E10
56234 5 6
4.33E9
9.184E10
56234 5 6
5.02E9
9.651E10
56234 5 6
4.51E9
9.596E10
56234 5 6
4.32E9
1.0028E11
56234 5 6
4.53E9
1.0029E11
56234 5 6
4.63E9
9.838E10
56234 5 6
5.26E9
9.624E10
56234 5 6
4.87E9
9.558E10
56234 5 6
4.97E9
9.625E10
56234 5 6
5.35E9
1.0299E11
56234 5 6
4.76E9
1.0742E11
56234 5 6
4.61E9
1.0503E11
56234 5 6
5.17E9
1.0848E11
56234 5 6
4.81E9
1.087E11
56234 5 6
5.09E9
1.1502E11
56234 5 6
4.7E9
1.1549E11
56234 5 6
4.58E9
1.1566E11
56234 5 6
4.58E9
1.1809E11
56234 5 6
5.53E9
1.2142E11
56234 5 6
4.72E9
1.2038E11
56234 5 6
5.16E9
1.1925E11
56234 5 6
5.27E9
1.1925E11
56234 5 6
4.94E9
1.2405E11
56234 5 6
4.83E9
1.2673E11
56234 5 6
4.49E9
1.3197E11
56234 5 6
4.84E9
1.3009E11
56234 5 6
4.6E9
1.4612E11
56234 5 6
5.07E9
1.5154E11
100000 5 7
9.46E9
2.9698E11
100000 5 7
9.78E9
3.0016E11
100000 5 7
1.036E10
3.055E11
100000 5 7
9.58E9
3.1196E11
100000 5 7
9.98E9
3.1077E11
100000 5 7
1.006E10
3.1363E11
100000 5 7
1.13E10
3.1711E11
100000 5 7
1.038E10
3.1742E11
100000 5 7
9.94E9
3.2346E11
100000 5 7
9.13E9
3.2252E11
100000 5 7
1.038E10
3.2311E11
100000 5 6
1.031E10
3.2947E11
100000 5 6
1.056E10
2.9816E11
100000 5 7
9.4E9
3.1182E11
100000 5 7
9.64E9
3.2983E11
100000 5 7
1.024E10
3.3257E11
100000 5 7
9.8E9
3.3611E11
100000 5 7
9.96E9
3.2814E11
100000 5 7
1.101E10
3.4464E11
100000 5 7
1.016E10
3.5226E11
100000 5 7
1.001E10
3.4038E11
100000 5 7
1.28E10
3.3982E11
100000 5 7
9.44E9
3.6416E11
100000 5 7
1.027E10
3.4104E11
100000 5 7
1.269E10
3.4229E11
100000 5 7
1.023E10
3.393E11
100000 5 7
1.043E10
3.4404E11
100000 5 7
9.87E9
3.3828E11
100000 5 7
9.95E9
3.2265E11
100000 5 7
9.93E9
3.3672E11
100000 5 7
1.002E10
3.5539E11
100000 5 6
1.056E10
3.2838E11
