100 4 3
351562.5
292968.75
100 4 3
351562.5
292968.75
100 4 2
351562.5
292968.75
100 4 3
351562.5
312500.0
100 4 2
371093.75
312500.0
100 4 3
371093.75
332031.25
100 4 3
371093.75
292968.75
100 4 2
351562.5
292968.75
100 4 3
371093.75
312500.0
100 4 3
371093.75
292968.75
100 4 3
371093.75
292968.75
100 4 2
371093.75
312500.0
100 4 2
371093.75
312500.0
100 4 3
371093.75
332031.25
100 4 2
371093.75
312500.0
100 4 3
351562.5
312500.0
100 4 3
371093.75
332031.25
100 4 2
371093.75
312500.0
100 4 3
371093.75
312500.0
100 4 3
351562.5
332031.25
100 4 2
371093.75
312500.0
100 4 3
390625.0
312500.0
100 4 2
371093.75
351562.5
100 4 4
371093.75
312500.0
100 4 2
371093.75
332031.25
100 4 3
371093.75
332031.25
100 4 2
390625.0
312500.0
100 4 3
351562.5
292968.75
100 4 3
371093.75
312500.0
100 4 3
390625.0
292968.75
100 4 2
390625.0
292968.75
100 4 2
371093.75
292968.75
177 4 3
859375.0
859375.0
177 4 3
859375.0
859375.0
177 4 3
859375.0
859375.0
177 4 3
937500.0
859375.0
177 4 3
859375.0
859375.0
177 4 3
859375.0
859375.0
177 4 3
937500.0
859375.0
177 4 3
859375.0
742187.5
177 4 3
859375.0
742187.5
177 4 3
859375.0
742187.5
177 4 3
937500.0
742187.5
177 4 3
859375.0
781250.0
177 4 3
859375.0
742187.5
177 4 3
859375.0
742187.5
177 4 3
859375.0
742187.5
177 4 3
859375.0
781250.0
177 4 3
937500.0
742187.5
177 4 3
937500.0
742187.5
177 4 3
859375.0
898437.5
177 4 3
859375.0
820312.5
177 4 3
937500.0
859375.0
177 4 3
859375.0
820312.5
177 4 3
937500.0
820312.5
177 4 3
859375.0
781250.0
177 4 3
859375.0
820312.5
177 4 3
859375.0
742187.5
177 4 3
937500.0
820312.5
177 4 3
859375.0
820312.5
177 4 3
937500.0
898437.5
177 4 3
859375.0
820312.5
177 4 3
859375.0
820312.5
177 4 3
937500.0
820312.5
316 4 3
2031250.0
2031250.0
316 4 3
2187500.0
2500000.0
316 4 3
2031250.0
2500000.0
316 4 3
2031250.0
2500000.0
316 4 3
2343750.0
2500000.0
316 4 3
2031250.0
2187500.0
316 4 3
1875000.0
2500000.0
316 4 4
2031250.0
2500000.0
316 4 4
2187500.0
2031250.0
316 4 3
2031250.0
2031250.0
316 4 3
2031250.0
2343750.0
316 4 4
2031250.0
2343750.0
316 4 3
2031250.0
2187500.0
316 4 3
2031250.0
2500000.0
316 4 3
1875000.0
2187500.0
316 4 4
1875000.0
2187500.0
316 4 3
1875000.0
2187500.0
316 4 3
2187500.0
2343750.0
316 4 3
2031250.0
2500000.0
316 4 3
2031250.0
2343750.0
316 4 4
2031250.0
2343750.0
316 4 3
2031250.0
2031250.0
316 4 3
1875000.0
2187500.0
316 4 3
1875000.0
2343750.0
316 4 3
2031250.0
2187500.0
316 4 3
2031250.0
2656250.0
316 4 3
2031250.0
2031250.0
316 4 3
2031250.0
2343750.0
316 4 3
2187500.0
2187500.0
316 4 3
2031250.0
2500000.0
316 4 4
2812500.0
2031250.0
316 4 4
2187500.0
2187500.0
562 4 4
4375000.0
6875000.0
562 4 4
6875000.0
5937500.0
562 4 4
5000000.0
6875000.0
562 4 4
4687500.0
6875000.0
562 4 4
4687500.0
6875000.0
562 4 4
4687500.0
7500000.0
562 4 4
5000000.0
6875000.0
562 4 4
5000000.0
6875000.0
562 4 4
4687500.0
6875000.0
562 4 4
4687500.0
7500000.0
562 4 4
4687500.0
6875000.0
562 4 4
4687500.0
6875000.0
562 4 4
4687500.0
6875000.0
562 4 3
4687500.0
6875000.0
562 4 4
4375000.0
8125000.0
562 4 4
5000000.0
6875000.0
562 4 4
5312500.0
6250000.0
562 4 4
4687500.0
8125000.0
562 4 4
5312500.0
5625000.0
562 4 4
4687500.0
7500000.0
562 4 4
4687500.0
6250000.0
562 4 4
5000000.0
7500000.0
562 4 3
5000000.0
5312500.0
562 4 4
5000000.0
5625000.0
562 4 4
4687500.0
6250000.0
562 4 4
4375000.0
6250000.0
562 4 4
5000000.0
6875000.0
562 4 4
4687500.0
5937500.0
562 4 3
4687500.0
6250000.0
562 4 4
4687500.0
5625000.0
562 4 4
4687500.0
6250000.0
562 4 4
5000000.0
5937500.0
1000 4 4
1.125E7
1.375E7
1000 4 4
1.0E7
1.625E7
1000 4 4
1.0E7
2.0E7
1000 4 4
1.0625E7
1.625E7
1000 4 4
1.0625E7
1.75E7
1000 4 4
1.0E7
2.125E7
1000 4 4
9375000.0
2.0E7
1000 4 4
1.0E7
1.625E7
1000 4 4
1.0625E7
1.75E7
1000 4 4
1.0625E7
1.625E7
1000 4 4
1.0625E7
2.125E7
1000 4 4
1.0625E7
2.0E7
1000 4 4
1.0625E7
2.25E7
1000 4 4
1.1875E7
1.625E7
1000 4 4
1.125E7
2.0E7
1000 4 4
1.0E7
2.0E7
1000 4 4
1.0625E7
2.0E7
1000 4 4
1.125E7
1.75E7
1000 4 4
1.0625E7
1.75E7
1000 4 4
1.125E7
2.125E7
1000 4 4
1.0625E7
1.625E7
1000 4 4
1.1875E7
1.75E7
1000 4 4
1.1875E7
1.625E7
1000 4 4
1.125E7
1.75E7
1000 4 4
1.125E7
2.25E7
1000 4 4
1.125E7
2.0E7
1000 4 4
1.1875E7
2.125E7
1000 4 4
1.0625E7
1.625E7
1000 4 4
1.0625E7
1.75E7
1000 4 4
1.125E7
1.875E7
1000 4 4
1.1875E7
2.125E7
1000 4 4
1.375E7
1.625E7
1778 4 4
2.75E7
5.5E7
1778 4 4
2.375E7
4.75E7
1778 4 4
2.75E7
5.5E7
1778 4 4
3.0E7
5.75E7
1778 4 4
2.5E7
6.0E7
1778 4 4
2.5E7
6.5E7
1778 4 4
2.5E7
5.5E7
1778 4 4
2.5E7
5.5E7
1778 4 4
2.5E7
6.0E7
1778 4 4
2.75E7
5.5E7
1778 4 4
2.75E7
5.25E7
1778 4 4
2.75E7
5.5E7
1778 4 4
3.0E7
5.5E7
1778 4 4
2.25E7
4.75E7
1778 4 4
2.625E7
6.0E7
1778 4 4
2.5E7
6.0E7
1778 4 4
2.25E7
5.0E7
1778 4 4
2.5E7
5.75E7
1778 4 4
2.625E7
5.75E7
1778 4 4
2.625E7
5.75E7
1778 4 4
2.25E7
5.25E7
1778 4 4
2.5E7
5.25E7
3162 4 4
5.5E7
2.0E8
1778 4 4
2.25E7
4.5E7
1778 4 4
2.5E7
5.5E7
1778 4 4
2.625E7
4.75E7
3162 4 4
6.5E7
1.9E8
1778 4 4
2.5E7
5.0E7
1778 4 4
2.375E7
4.75E7
1778 4 4
2.625E7
6.5E7
1778 4 4
2.25E7
6.5E7
1778 4 4
2.25E7
4.75E7
3162 4 4
6.0E7
1.5E8
3162 4 4
6.0E7
2.3E8
1778 4 4
2.375E7
4.5E7
3162 4 4
5.5E7
1.6E8
1778 4 4
3.25E7
4.75E7
3162 4 4
5.5E7
1.6E8
3162 4 4
6.0E7
1.8E8
3162 4 4
5.5E7
1.8E8
3162 4 4
5.5E7
1.5E8
3162 4 4
6.0E7
1.6E8
3162 4 4
6.5E7
1.6E8
3162 4 4
5.5E7
1.9E8
3162 4 4
5.5E7
2.0E8
3162 4 4
6.0E7
1.7E8
3162 4 4
5.5E7
1.5E8
3162 4 4
6.0E7
1.9E8
3162 4 4
5.5E7
1.6E8
3162 4 4
6.0E7
1.8E8
3162 4 4
5.5E7
1.5E8
3162 4 4
5.5E7
1.7E8
3162 4 4
5.5E7
1.7E8
3162 4 4
5.5E7
1.9E8
3162 4 4
6.5E7
1.7E8
3162 4 4
6.25E7
1.7E8
3162 4 4
5.0E7
1.6E8
3162 4 4
5.25E7
1.8E8
3162 4 4
5.75E7
2.1E8
3162 4 4
5.0E7
1.8E8
3162 4 4
5.25E7
1.9E8
3162 4 4
5.25E7
2.6E8
3162 4 4
5.25E7
2.4E8
3162 4 4
5.5E7
2.4E8
5623 4 4
1.2E8
5.5E8
5623 4 4
1.4E8
6.2E8
5623 4 4
1.05E8
5.1E8
5623 4 4
1.3E8
6.3E8
5623 4 4
1.0E8
5.2E8
5623 4 4
1.1E8
5.1E8
5623 4 4
1.1E8
5.1E8
5623 4 4
1.2E8
6.4E8
5623 4 4
1.2E8
6.4E8
5623 4 4
1.2E8
6.0E8
5623 4 4
1.3E8
5.2E8
5623 4 4
1.2E8
6.1E8
5623 4 4
1.1E8
6.2E8
5623 4 4
1.2E8
6.7E8
5623 4 4
1.1E8
6.4E8
5623 4 4
1.1E8
6.4E8
5623 4 4
1.15E8
6.4E8
5623 4 4
1.4E8
5.8E8
5623 4 4
1.6E8
6.1E8
5623 4 4
1.1E8
6.9E8
5623 4 4
1.2E8
5.1E8
5623 4 4
1.2E8
5.3E8
5623 4 4
1.35E8
5.9E8
5623 4 4
1.4E8
6.2E8
5623 4 4
1.05E8
6.9E8
5623 4 4
1.2E8
5.0E8
5623 4 4
1.45E8
6.2E8
5623 4 4
1.2E8
6.0E8
5623 4 4
1.3E8
5.9E8
5623 4 4
1.4E8
6.0E8
5623 4 4
1.4E8
6.1E8
5623 4 4
1.6E8
5.9E8
10000 4 4
2.3E8
1.59E9
10000 4 4
2.5E8
1.65E9
10000 4 4
2.4E8
1.73E9
10000 4 4
2.5E8
1.9E9
10000 4 4
2.7E8
1.99E9
10000 4 4
2.5E8
1.78E9
10000 4 4
2.8E8
1.97E9
10000 4 4
2.9E8
1.95E9
10000 4 4
3.2E8
1.96E9
10000 4 4
2.8E8
1.91E9
10000 4 4
2.6E8
1.97E9
10000 4 4
3.0E8
1.87E9
10000 4 4
2.5E8
1.82E9
10000 4 4
3.0E8
1.96E9
10000 4 4
2.9E8
1.94E9
10000 4 4
2.4E8
1.92E9
10000 4 4
2.9E8
1.97E9
10000 4 4
2.7E8
1.87E9
10000 4 4
3.2E8
2.04E9
10000 4 4
2.6E8
2.03E9
10000 4 4
2.8E8
2.0E9
10000 4 4
2.8E8
2.19E9
10000 4 4
2.9E8
2.16E9
10000 4 4
2.8E8
1.94E9
10000 4 4
3.0E8
1.98E9
10000 4 4
2.5E8
2.36E9
10000 4 4
2.9E8
2.17E9
10000 4 4
3.1E8
2.42E9
10000 4 4
2.6E8
2.31E9
10000 4 4
3.0E8
2.26E9
10000 4 4
3.0E8
2.35E9
10000 4 4
3.2E8
2.3E9
17782 4 4
5.2E8
4.93E9
17782 4 4
5.4E8
5.08E9
17782 4 4
5.9E8
5.68E9
17782 4 4
5.4E8
6.39E9
17782 4 4
5.4E8
6.19E9
17782 4 4
5.3E8
6.43E9
17782 4 4
5.4E8
6.05E9
17782 4 4
5.6E8
6.44E9
17782 4 4
5.5E8
5.95E9
17782 4 4
5.3E8
6.71E9
17782 4 4
5.7E8
6.24E9
17782 4 4
5.7E8
5.95E9
17782 4 4
5.3E8
6.64E9
17782 4 4
5.4E8
6.11E9
17782 4 4
5.2E8
6.81E9
17782 4 4
6.2E8
6.25E9
17782 4 4
5.5E8
6.2E9
17782 4 4
6.2E8
6.54E9
17782 4 4
6.5E8
6.71E9
17782 4 4
5.6E8
7.38E9
17782 4 4
5.5E8
7.23E9
17782 4 4
5.8E8
6.97E9
17782 4 4
6.2E8
6.67E9
17782 4 4
4.8E8
7.3E9
17782 4 4
5.3E8
7.48E9
17782 4 4
5.0E8
7.61E9
17782 4 4
5.4E8
7.18E9
17782 4 4
5.6E8
7.54E9
17782 4 4
5.3E8
7.92E9
17782 4 4
5.8E8
8.07E9
17782 4 4
5.8E8
8.16E9
17782 4 4
6.4E8
8.35E9
31622 4 4
1.09E9
2.018E10
31622 4 4
9.6E8
2.369E10
31622 4 4
1.07E9
2.309E10
31622 4 4
1.01E9
2.456E10
31622 4 4
1.27E9
2.361E10
31622 4 4
1.14E9
2.423E10
31622 4 4
1.25E9
2.235E10
31622 4 4
1.1E9
2.322E10
31622 4 4
1.06E9
2.43E10
31622 4 4
1.08E9
2.429E10
31622 4 4
1.11E9
2.321E10
31622 4 4
1.26E9
2.363E10
31622 4 4
1.29E9
2.383E10
31622 4 4
1.18E9
2.41E10
31622 4 4
1.07E9
2.508E10
31622 4 4
1.31E9
2.429E10
31622 4 4
1.28E9
2.391E10
31622 4 4
1.02E9
2.538E10
31622 4 4
1.33E9
2.613E10
31622 4 4
1.29E9
2.591E10
31622 4 4
1.1E9
2.509E10
31622 4 4
1.46E9
2.452E10
31622 4 4
1.31E9
2.573E10
31622 4 4
1.22E9
2.56E10
31622 4 4
1.06E9
2.664E10
31622 4 4
1.17E9
2.714E10
31622 4 4
1.26E9
2.741E10
31622 4 4
1.01E9
2.691E10
31622 4 4
1.23E9
2.586E10
31622 4 4
1.38E9
2.748E10
31622 4 4
1.14E9
2.946E10
31622 4 4
1.48E9
2.82E10
56234 4 4
2.21E9
9.023E10
56234 4 4
2.21E9
9.138E10
56234 4 4
2.54E9
8.94E10
56234 4 4
2.38E9
9.46E10
56234 4 4
2.18E9
1.0146E11
56234 4 4
2.27E9
1.0466E11
56234 4 4
2.61E9
1.0276E11
56234 4 4
2.46E9
9.861E10
56234 4 4
2.68E9
1.0484E11
56234 4 4
2.6E9
1.075E11
56234 4 4
2.77E9
1.0805E11
56234 4 4
2.21E9
1.1075E11
56234 4 4
2.5E9
1.0995E11
56234 4 4
2.51E9
1.1439E11
56234 4 4
2.25E9
1.1196E11
56234 4 4
2.12E9
1.1349E11
56234 4 4
2.6E9
1.2195E11
56234 4 4
2.93E9
1.2196E11
56234 4 4
2.5E9
1.2812E11
56234 4 4
2.55E9
1.2842E11
56234 4 4
2.51E9
1.3034E11
56234 4 4
2.11E9
1.2255E11
56234 4 4
2.69E9
1.291E11
56234 4 4
2.33E9
1.2755E11
56234 4 4
2.49E9
1.3303E11
56234 4 4
2.66E9
1.3628E11
56234 4 4
2.71E9
1.3632E11
56234 4 4
2.31E9
1.3812E11
56234 4 4
2.73E9
1.3893E11
56234 4 4
2.89E9
1.4562E11
56234 4 4
2.73E9
1.7366E11
56234 4 4
2.72E9
1.819E11
100000 4 4
4.09E9
3.3646E11
100000 4 4
4.76E9
3.3981E11
100000 4 4
5.22E9
3.6941E11
100000 4 4
4.81E9
3.4659E11
100000 4 4
4.14E9
3.7845E11
100000 4 4
4.89E9
3.6027E11
100000 4 4
4.58E9
3.7181E11
100000 4 4
4.08E9
3.6786E11
100000 4 4
5.89E9
3.6224E11
100000 4 4
5.22E9
3.745E11
100000 4 4
4.3E9
3.6516E11
100000 4 4
4.91E9
3.4652E11
100000 4 4
4.97E9
3.7528E11
100000 4 4
4.7E9
3.561E11
100000 4 4
5.99E9
3.6055E11
100000 4 4
4.86E9
3.5842E11
100000 4 4
4.46E9
4.0231E11
100000 4 4
5.4E9
3.6026E11
100000 4 4
4.74E9
3.9697E11
100000 4 4
6.26E9
3.6997E11
100000 4 4
4.68E9
3.6437E11
100000 4 4
5.09E9
4.008E11
100000 4 4
6.21E9
3.7309E11
100000 4 4
5.38E9
3.9043E11
100000 4 4
5.84E9
3.6625E11
100000 4 4
5.32E9
4.0169E11
100000 4 4
5.75E9
3.8685E11
100000 4 4
5.41E9
3.9469E11
100000 4 4
6.24E9
3.5135E11
100000 4 4
5.6E9
4.0068E11
100000 4 4
5.33E9
3.6014E11
100000 4 4
4.62E9
4.1888E11
