100 7 1
546875.0
429687.5
100 7 1
546875.0
429687.5
100 7 1
546875.0
468750.0
100 7 1
546875.0
468750.0
100 7 1
546875.0
468750.0
100 7 1
546875.0
429687.5
100 7 1
585937.5
468750.0
100 7 1
546875.0
429687.5
100 7 1
585937.5
429687.5
100 7 1
585937.5
429687.5
100 7 1
585937.5
429687.5
100 7 1
585937.5
429687.5
100 7 2
585937.5
429687.5
100 7 1
546875.0
468750.0
100 7 1
546875.0
429687.5
100 7 1
585937.5
429687.5
100 7 2
585937.5
429687.5
100 7 1
546875.0
429687.5
100 7 1
585937.5
429687.5
100 7 1
585937.5
429687.5
100 7 2
585937.5
429687.5
100 7 1
585937.5
371093.75
100 7 1
546875.0
410156.25
100 7 1
546875.0
410156.25
100 7 1
546875.0
371093.75
100 7 1
585937.5
390625.0
100 7 1
625000.0
410156.25
100 7 1
625000.0
390625.0
100 7 1
585937.5
390625.0
100 7 1
625000.0
410156.25
100 7 1
546875.0
390625.0
100 7 1
546875.0
390625.0
177 7 1
1562500.0
937500.0
177 7 1
1484375.0
1171875.0
177 7 1
1484375.0
1250000.0
177 7 1
1406250.0
1093750.0
177 7 1
1484375.0
1250000.0
177 7 2
1406250.0
1015625.0
177 7 1
1484375.0
1250000.0
177 7 1
1406250.0
1250000.0
177 7 1
1484375.0
1171875.0
177 7 2
1562500.0
1250000.0
177 7 1
1562500.0
1171875.0
177 7 1
1484375.0
1171875.0
177 7 1
1484375.0
1328125.0
177 7 1
1484375.0
1171875.0
177 7 1
1562500.0
1250000.0
177 7 1
1484375.0
1093750.0
177 7 1
1484375.0
1250000.0
177 7 2
1484375.0
1250000.0
177 7 2
1484375.0
1093750.0
177 7 2
1562500.0
1171875.0
177 7 2
1484375.0
1171875.0
177 7 1
1328125.0
1171875.0
177 7 1
1484375.0
1093750.0
177 7 1
1484375.0
1093750.0
177 7 1
1640625.0
1093750.0
177 7 2
1484375.0
1015625.0
177 7 2
1406250.0
1093750.0
177 7 1
1562500.0
1015625.0
177 7 1
1484375.0
1015625.0
177 7 1
1484375.0
1093750.0
177 7 1
1640625.0
1328125.0
177 7 2
1640625.0
1093750.0
316 7 2
3750000.0
3437500.0
316 7 1
3750000.0
3437500.0
316 7 1
4062500.0
3437500.0
316 7 2
3750000.0
3750000.0
316 7 1
3750000.0
4687500.0
316 7 2
3750000.0
2812500.0
316 7 1
3750000.0
3750000.0
316 7 1
4062500.0
6875000.0
316 7 2
3437500.0
3750000.0
316 7 1
3750000.0
3437500.0
316 7 1
3437500.0
3437500.0
316 7 1
3750000.0
3125000.0
316 7 2
3750000.0
3750000.0
316 7 2
3750000.0
3593750.0
316 7 2
4375000.0
3593750.0
316 7 2
3750000.0
3593750.0
316 7 1
3437500.0
4375000.0
316 7 1
3750000.0
3593750.0
316 7 1
3750000.0
3593750.0
316 7 2
3750000.0
4687500.0
316 7 1
3750000.0
3437500.0
316 7 2
3750000.0
4375000.0
316 7 2
4062500.0
4843750.0
316 7 2
3437500.0
3906250.0
316 7 2
3437500.0
3437500.0
316 7 2
3750000.0
4687500.0
316 7 1
4062500.0
3437500.0
316 7 2
3437500.0
4218750.0
316 7 2
4062500.0
2968750.0
316 7 2
3750000.0
3125000.0
316 7 2
3750000.0
3125000.0
316 7 2
4375000.0
2968750.0
562 7 2
9375000.0
8750000.0
562 7 2
9375000.0
1.1875E7
562 7 2
8750000.0
1.0E7
562 7 2
9375000.0
1.5E7
562 7 2
1.0E7
1.875E7
562 7 2
9375000.0
1.0E7
562 7 1
9375000.0
1.75E7
562 7 2
1.0E7
1.75E7
562 7 2
9375000.0
1.375E7
562 7 2
8750000.0
1.4375E7
562 7 2
9375000.0
1.375E7
562 7 2
9375000.0
8750000.0
562 7 2
9375000.0
9375000.0
562 7 2
9375000.0
8750000.0
562 7 2
9375000.0
9375000.0
562 7 2
9375000.0
8750000.0
562 7 2
9375000.0
1.1875E7
562 7 2
1.0E7
1.0625E7
562 7 2
9375000.0
8750000.0
562 7 2
9375000.0
8750000.0
562 7 2
9375000.0
9375000.0
562 7 2
1.0E7
8750000.0
562 7 2
9375000.0
8750000.0
562 7 2
1.0E7
8750000.0
562 7 2
1.0E7
9375000.0
562 7 2
1.0E7
1.0E7
562 7 2
9375000.0
8750000.0
562 7 2
1.0625E7
9375000.0
1000 7 2
2.75E7
2.75E7
562 7 2
1.125E7
8125000.0
562 7 2
1.0E7
8125000.0
562 7 2
1.0E7
8125000.0
562 7 2
1.0E7
8125000.0
1000 7 2
2.375E7
2.75E7
1000 7 2
2.375E7
3.0E7
1000 7 2
2.25E7
3.25E7
1000 7 2
2.375E7
3.0E7
1000 7 2
2.375E7
3.25E7
1000 7 2
2.25E7
3.25E7
1000 7 2
2.5E7
3.25E7
1000 7 2
2.375E7
3.5E7
1000 7 2
2.375E7
3.75E7
1000 7 2
2.25E7
3.75E7
1000 7 2
2.375E7
3.5E7
1000 7 2
2.25E7
3.5E7
1778 7 2
5.5E7
1.1E8
1000 7 2
2.25E7
3.0E7
1000 7 2
2.375E7
3.25E7
1000 7 2
2.25E7
3.5E7
1000 7 2
2.375E7
3.25E7
1000 7 2
2.125E7
4.0E7
1000 7 2
2.375E7
2.75E7
1000 7 2
2.25E7
3.0E7
1000 7 2
2.25E7
2.875E7
1000 7 2
2.25E7
3.0E7
1000 7 2
2.375E7
3.75E7
1000 7 2
2.375E7
3.75E7
1000 7 2
2.375E7
3.25E7
1000 7 2
2.5E7
3.25E7
1000 7 2
2.375E7
3.0E7
1000 7 2
2.375E7
2.75E7
1778 7 2
6.5E7
8.0E7
1000 7 2
2.375E7
3.125E7
1778 7 2
5.5E7
1.6E8
1000 7 2
2.375E7
3.0E7
1778 7 2
6.0E7
1.2E8
1778 7 2
6.5E7
1.4E8
1778 7 2
6.0E7
1.2E8
1000 7 2
2.375E7
2.75E7
1778 7 2
5.5E7
1.3E8
1778 7 2
5.5E7
1.2E8
1778 7 2
5.5E7
1.3E8
1778 7 2
6.0E7
2.1E8
1778 7 2
6.0E7
8.0E7
1778 7 2
6.0E7
1.2E8
1778 7 2
6.0E7
1.2E8
1778 7 2
6.0E7
1.6E8
1778 7 2
6.0E7
1.1E8
1778 7 2
6.0E7
8.5E7
1778 7 2
6.0E7
8.5E7
1778 7 2
6.0E7
1.2E8
1778 7 2
6.0E7
1.05E8
1778 7 2
5.5E7
1.05E8
1778 7 2
6.0E7
1.2E8
1000 7 2
2.5E7
4.375E7
1778 7 2
8.5E7
1.3E8
1778 7 2
6.0E7
9.0E7
1778 7 2
6.0E7
1.55E8
1778 7 2
6.0E7
1.55E8
1778 7 2
5.5E7
8.5E7
1778 7 2
5.5E7
8.0E7
1778 7 2
6.0E7
8.0E7
1778 7 2
6.0E7
9.5E7
1778 7 2
6.0E7
1.0E8
1778 7 2
6.0E7
1.1E8
3162 7 2
1.5E8
2.8E8
3162 7 2
1.4E8
3.0E8
1778 7 2
5.5E7
1.4E8
3162 7 2
1.4E8
3.6E8
3162 7 2
1.4E8
3.2E8
3162 7 2
1.4E8
3.2E8
3162 7 2
1.4E8
3.7E8
3162 7 2
1.4E8
3.1E8
3162 7 2
1.5E8
2.9E8
3162 7 2
1.4E8
3.9E8
3162 7 2
1.3E8
3.5E8
3162 7 2
1.4E8
3.0E8
3162 7 2
1.4E8
4.1E8
3162 7 2
1.4E8
4.0E8
3162 7 2
1.3E8
3.9E8
3162 7 2
1.4E8
3.3E8
3162 7 2
1.5E8
3.5E8
3162 7 2
1.5E8
3.0E8
3162 7 2
1.4E8
2.7E8
3162 7 2
1.7E8
3.0E8
3162 7 2
1.4E8
4.3E8
3162 7 2
1.5E8
3.4E8
3162 7 2
1.4E8
4.3E8
3162 7 2
1.3E8
4.7E8
3162 7 3
1.6E8
3.8E8
3162 7 2
1.4E8
4.6E8
3162 7 2
1.4E8
4.9E8
3162 7 2
1.3E8
4.7E8
3162 7 2
1.4E8
4.8E8
3162 7 2
1.6E8
2.2E8
3162 7 2
1.5E8
2.2E8
3162 7 2
1.5E8
2.2E8
3162 7 2
1.4E8
2.3E8
5623 7 2
3.4E8
1.01E9
5623 7 2
3.3E8
1.01E9
5623 7 2
3.3E8
1.11E9
5623 7 2
3.3E8
1.04E9
5623 7 2
3.5E8
1.16E9
5623 7 2
3.3E8
1.16E9
5623 7 2
3.4E8
1.22E9
5623 7 2
3.4E8
1.01E9
5623 7 2
3.4E8
1.12E9
5623 7 2
3.3E8
1.15E9
5623 7 2
3.4E8
1.15E9
5623 7 2
3.3E8
1.09E9
5623 7 2
3.3E8
1.02E9
5623 7 2
3.7E8
9.7E8
5623 7 2
3.7E8
9.6E8
5623 7 2
3.2E8
1.32E9
5623 7 2
3.4E8
1.07E9
5623 7 2
3.3E8
1.32E9
5623 7 2
3.3E8
1.22E9
5623 7 2
3.5E8
1.23E9
5623 7 2
3.4E8
1.37E9
5623 7 2
3.3E8
1.45E9
5623 7 2
3.5E8
1.27E9
5623 7 2
3.7E8
1.24E9
5623 7 2
3.9E8
1.12E9
5623 7 2
3.6E8
1.16E9
5623 7 2
3.5E8
1.54E9
5623 7 2
3.6E8
1.22E9
5623 7 2
3.6E8
1.45E9
5623 7 2
3.4E8
1.47E9
5623 7 2
4.5E8
1.33E9
5623 7 2
3.5E8
1.4E9
10000 7 2
7.9E8
3.47E9
10000 7 2
7.9E8
3.72E9
10000 7 3
7.8E8
3.78E9
10000 7 3
7.8E8
3.85E9
10000 7 3
7.8E8
3.84E9
10000 7 3
7.8E8
3.82E9
10000 7 2
7.8E8
3.76E9
10000 7 2
7.8E8
3.78E9
10000 7 2
7.9E8
4.01E9
10000 7 2
8.0E8
3.77E9
10000 7 3
7.8E8
4.02E9
10000 7 2
7.8E8
3.93E9
10000 7 2
7.8E8
4.16E9
10000 7 2
8.0E8
3.94E9
10000 7 2
7.9E8
3.71E9
10000 7 2
7.8E8
4.12E9
10000 7 2
8.7E8
3.78E9
10000 7 3
7.9E8
4.36E9
10000 7 2
7.8E8
4.56E9
10000 7 2
7.9E8
4.51E9
10000 7 3
8.1E8
4.4E9
10000 7 3
9.0E8
3.94E9
10000 7 2
8.4E8
4.38E9
10000 7 2
9.1E8
4.2E9
10000 7 2
7.9E8
4.63E9
10000 7 2
8.7E8
4.61E9
10000 7 3
7.9E8
4.78E9
10000 7 2
8.9E8
4.49E9
10000 7 3
8.1E8
4.66E9
10000 7 3
8.6E8
4.68E9
10000 7 2
8.5E8
4.65E9
10000 7 2
9.6E8
4.75E9
17782 7 2
1.82E9
1.178E10
17782 7 3
1.82E9
1.199E10
17782 7 3
1.82E9
1.3E10
17782 7 3
1.85E9
1.368E10
17782 7 2
1.83E9
1.327E10
17782 7 2
1.91E9
1.377E10
17782 7 3
1.84E9
1.371E10
17782 7 3
1.83E9
1.408E10
17782 7 3
1.94E9
1.254E10
17782 7 3
1.81E9
1.34E10
17782 7 3
1.85E9
1.402E10
17782 7 3
1.92E9
1.415E10
17782 7 3
1.84E9
1.375E10
17782 7 3
1.91E9
1.365E10
17782 7 2
1.88E9
1.416E10
17782 7 3
1.85E9
1.417E10
17782 7 3
1.92E9
1.448E10
17782 7 3
1.83E9
1.465E10
17782 7 3
1.91E9
1.452E10
17782 7 3
1.85E9
1.494E10
17782 7 3
1.84E9
1.53E10
17782 7 3
2.16E9
1.461E10
17782 7 3
1.92E9
1.527E10
17782 7 3
2.1E9
1.503E10
17782 7 3
1.93E9
1.52E10
17782 7 3
1.87E9
1.584E10
17782 7 3
1.9E9
1.617E10
17782 7 2
1.95E9
1.592E10
17782 7 3
2.11E9
1.577E10
17782 7 3
1.97E9
1.615E10
17782 7 3
1.98E9
1.649E10
17782 7 3
1.95E9
1.644E10
31622 7 3
4.37E9
3.814E10
31622 7 3
4.68E9
4.281E10
31622 7 3
4.76E9
4.505E10
31622 7 3
4.25E9
4.732E10
31622 7 3
4.9E9
4.433E10
31622 7 3
4.33E9
4.545E10
31622 7 3
5.04E9
4.456E10
31622 7 3
4.35E9
4.723E10
31622 7 3
4.22E9
4.63E10
31622 7 3
4.8E9
4.593E10
31622 7 3
4.19E9
4.792E10
31622 7 3
4.28E9
4.704E10
31622 7 3
4.41E9
4.974E10
31622 7 3
4.28E9
4.946E10
31622 7 3
4.48E9
4.759E10
31622 7 3
4.61E9
5.017E10
31622 7 3
4.62E9
5.051E10
31622 7 3
4.46E9
5.153E10
31622 7 3
4.6E9
4.857E10
31622 7 3
4.71E9
5.02E10
31622 7 3
4.7E9
4.607E10
31622 7 3
4.42E9
4.934E10
31622 7 3
4.67E9
4.621E10
31622 7 3
5.03E9
4.654E10
31622 7 3
4.35E9
5.171E10
31622 7 3
4.23E9
5.087E10
31622 7 3
4.34E9
5.207E10
31622 7 3
4.32E9
5.206E10
31622 7 3
4.52E9
5.064E10
31622 7 3
4.53E9
4.796E10
31622 7 3
4.42E9
5.195E10
31622 7 3
4.9E9
5.271E10
56234 7 3
1.075E10
1.5421E11
56234 7 3
1.095E10
1.5596E11
56234 7 3
1.023E10
1.6641E11
56234 7 3
1.017E10
1.7558E11
56234 7 3
9.76E9
1.8072E11
56234 7 3
1.044E10
1.7832E11
56234 7 3
9.95E9
1.8099E11
56234 7 3
1.055E10
1.7911E11
56234 7 3
1.114E10
1.8236E11
56234 7 3
1.022E10
1.8197E11
56234 7 3
1.019E10
1.8908E11
56234 7 3
1.042E10
1.8268E11
56234 7 4
1.031E10
1.9093E11
56234 7 3
1.057E10
1.825E11
56234 7 3
1.014E10
1.8947E11
56234 7 3
1.031E10
1.8872E11
56234 7 3
1.025E10
1.9037E11
56234 7 3
9.82E9
2.0009E11
56234 7 3
1.031E10
1.9397E11
56234 7 3
1.016E10
1.9367E11
56234 7 3
1.023E10
1.9717E11
56234 7 3
9.55E9
2.0513E11
56234 7 3
1.037E10
2.0641E11
56234 7 3
1.025E10
2.1352E11
56234 7 3
9.9E9
2.303E11
56234 7 3
1.055E10
2.2299E11
56234 7 3
9.73E9
2.3357E11
56234 7 3
9.78E9
2.4507E11
56234 7 3
9.84E9
2.4892E11
56234 7 3
1.124E10
2.5254E11
56234 7 3
1.007E10
2.5785E11
56234 7 3
9.94E9
2.6775E11
100000 7 3
2.448E10
5.4966E11
100000 7 3
2.372E10
5.526E11
100000 7 3
2.574E10
5.5655E11
100000 7 3
2.496E10
5.5471E11
100000 7 3
2.391E10
5.69E11
100000 7 3
2.371E10
5.7671E11
100000 7 3
2.728E10
4.9601E11
100000 7 3
2.316E10
5.8918E11
100000 7 3
2.294E10
5.9738E11
100000 7 3
2.403E10
5.6727E11
100000 7 3
2.479E10
6.0715E11
100000 7 4
2.347E10
6.0208E11
100000 7 4
2.36E10
6.0529E11
100000 7 3
2.316E10
6.0034E11
100000 7 3
2.46E10
6.0582E11
100000 7 3
2.371E10
6.1526E11
100000 7 3
2.352E10
6.4337E11
100000 7 3
2.465E10
5.9142E11
100000 7 3
2.305E10
5.9809E11
100000 7 3
2.312E10
5.7645E11
100000 7 3
2.21E10
6.6095E11
100000 7 3
2.253E10
6.0949E11
100000 7 3
2.529E10
5.7423E11
100000 7 3
2.297E10
6.7813E11
100000 7 3
2.864E10
5.8809E11
100000 7 3
2.255E10
6.7963E11
100000 7 3
2.402E10
6.8983E11
100000 7 3
2.364E10
6.6821E11
100000 7 3
2.36E10
6.6731E11
100000 7 3
2.279E10
6.7444E11
100000 7 3
2.38E10
6.4036E11
100000 7 3
2.308E10
6.4301E11
