100 8 1
507812.5
429687.5
100 8 1
546875.0
429687.5
100 8 1
546875.0
468750.0
100 8 1
585937.5
429687.5
100 8 1
585937.5
429687.5
100 8 1
585937.5
468750.0
100 8 1
585937.5
429687.5
100 8 1
625000.0
429687.5
100 8 1
625000.0
429687.5
100 8 1
546875.0
429687.5
100 8 1
585937.5
429687.5
100 8 1
585937.5
429687.5
100 8 1
585937.5
429687.5
100 8 1
585937.5
429687.5
100 8 1
585937.5
429687.5
100 8 1
625000.0
468750.0
100 8 1
625000.0
429687.5
100 8 1
546875.0
390625.0
100 8 1
546875.0
390625.0
100 8 1
546875.0
390625.0
100 8 1
585937.5
371093.75
100 8 1
546875.0
390625.0
100 8 1
585937.5
390625.0
100 8 1
585937.5
410156.25
100 8 1
546875.0
390625.0
100 8 1
585937.5
390625.0
100 8 1
546875.0
410156.25
100 8 1
585937.5
410156.25
100 8 1
664062.5
390625.0
100 8 1
546875.0
390625.0
100 8 1
625000.0
410156.25
100 8 1
585937.5
390625.0
177 8 1
1484375.0
1093750.0
177 8 1
1484375.0
1093750.0
177 8 1
1484375.0
1171875.0
177 8 1
1484375.0
1171875.0
177 8 1
1406250.0
1093750.0
177 8 1
1640625.0
1171875.0
177 8 1
1562500.0
1093750.0
177 8 1
1406250.0
1093750.0
177 8 1
1484375.0
1171875.0
177 8 1
1562500.0
1015625.0
177 8 1
1484375.0
1093750.0
177 8 1
1484375.0
1093750.0
177 8 1
1562500.0
1171875.0
177 8 1
1640625.0
1093750.0
177 8 1
1562500.0
1093750.0
177 8 1
1562500.0
1015625.0
177 8 1
1484375.0
1171875.0
177 8 1
1484375.0
1171875.0
177 8 1
1562500.0
1015625.0
177 8 1
1484375.0
937500.0
177 8 1
1484375.0
1015625.0
177 8 1
1484375.0
1015625.0
177 8 1
1406250.0
1093750.0
177 8 1
1562500.0
1015625.0
177 8 1
1562500.0
1015625.0
177 8 1
1406250.0
1015625.0
177 8 1
1562500.0
1015625.0
177 8 1
1484375.0
1015625.0
177 8 1
1640625.0
1015625.0
177 8 1
1562500.0
1015625.0
177 8 1
1562500.0
1015625.0
177 8 1
1562500.0
1015625.0
316 8 1
4062500.0
3437500.0
316 8 1
3750000.0
3437500.0
316 8 1
4062500.0
3437500.0
316 8 1
4062500.0
3437500.0
316 8 1
3750000.0
3437500.0
316 8 1
4375000.0
4062500.0
316 8 1
4062500.0
3125000.0
316 8 1
3750000.0
3125000.0
316 8 2
3750000.0
4062500.0
316 8 1
4062500.0
3125000.0
316 8 1
3750000.0
3750000.0
316 8 1
3750000.0
4375000.0
316 8 1
4062500.0
4375000.0
316 8 2
3750000.0
3437500.0
316 8 1
3750000.0
4218750.0
316 8 1
3750000.0
3750000.0
316 8 1
3750000.0
4531250.0
316 8 1
3437500.0
3906250.0
316 8 1
4062500.0
3125000.0
316 8 1
4062500.0
3437500.0
316 8 1
4062500.0
2968750.0
316 8 1
4062500.0
3281250.0
316 8 2
4375000.0
2812500.0
316 8 1
3750000.0
3437500.0
316 8 1
4062500.0
2968750.0
316 8 1
3750000.0
2500000.0
316 8 1
4375000.0
2656250.0
316 8 1
4062500.0
2812500.0
316 8 1
4062500.0
2812500.0
562 8 1
8750000.0
8125000.0
562 8 1
1.0E7
7500000.0
316 8 1
4062500.0
2968750.0
562 8 1
1.0E7
8750000.0
316 8 1
4062500.0
3125000.0
316 8 1
4687500.0
2968750.0
562 8 1
1.0E7
9375000.0
562 8 1
9375000.0
1.625E7
562 8 1
1.0E7
8125000.0
562 8 1
1.0E7
1.0E7
562 8 1
9375000.0
8750000.0
562 8 2
9375000.0
1.5E7
562 8 1
1.0E7
7500000.0
562 8 1
9375000.0
1.625E7
562 8 1
1.0E7
8125000.0
562 8 1
9375000.0
1.375E7
562 8 1
1.0E7
1.125E7
562 8 2
9375000.0
1.125E7
562 8 1
1.0E7
1.25E7
562 8 1
1.0E7
1.125E7
562 8 1
9375000.0
1.0625E7
562 8 1
1.0E7
8125000.0
562 8 1
1.0E7
7500000.0
562 8 1
9375000.0
8125000.0
562 8 1
1.0E7
1.0E7
562 8 1
9375000.0
1.0625E7
562 8 1
9375000.0
7500000.0
562 8 2
1.0E7
8750000.0
562 8 2
1.0E7
8125000.0
562 8 2
1.0E7
6875000.0
562 8 2
8750000.0
6875000.0
562 8 1
9375000.0
8125000.0
562 8 1
9375000.0
8125000.0
1000 8 2
2.75E7
2.375E7
562 8 2
1.0625E7
7500000.0
562 8 2
1.0E7
8125000.0
1000 8 2
2.125E7
2.75E7
1000 8 2
2.25E7
3.0E7
1000 8 1
2.375E7
3.25E7
1000 8 2
2.125E7
2.75E7
1000 8 1
2.375E7
2.75E7
1000 8 1
2.375E7
2.75E7
1000 8 1
2.125E7
3.25E7
1000 8 2
2.375E7
2.75E7
1000 8 2
2.5E7
2.75E7
1000 8 2
2.5E7
3.5E7
1000 8 2
2.25E7
2.875E7
1000 8 2
2.125E7
3.125E7
1000 8 1
2.5E7
3.0E7
1000 8 1
2.5E7
2.5E7
1000 8 2
2.5E7
3.0E7
1000 8 2
2.625E7
3.0E7
1000 8 1
2.75E7
3.0E7
1000 8 1
2.75E7
3.25E7
1000 8 1
2.375E7
3.75E7
1000 8 1
2.625E7
3.125E7
1000 8 2
2.625E7
2.75E7
1000 8 2
2.375E7
3.125E7
1000 8 2
2.375E7
3.25E7
1000 8 2
2.375E7
2.625E7
1000 8 2
2.75E7
3.25E7
1000 8 1
2.5E7
3.125E7
1000 8 1
2.5E7
2.75E7
1778 8 2
6.0E7
7.5E7
1778 8 2
7.0E7
7.5E7
1778 8 2
6.5E7
6.5E7
1778 8 2
7.0E7
7.5E7
1778 8 2
8.0E7
8.0E7
1778 8 2
7.0E7
8.0E7
1778 8 2
7.0E7
9.5E7
1000 8 2
2.625E7
2.25E7
1778 8 2
8.5E7
8.5E7
1778 8 2
6.5E7
1.1E8
1778 8 2
7.0E7
1.1E8
1000 8 2
2.625E7
3.0E7
1778 8 2
7.0E7
8.5E7
1000 8 1
2.75E7
3.0E7
1778 8 2
6.0E7
8.0E7
1778 8 2
6.0E7
7.5E7
1000 8 2
2.625E7
2.875E7
1778 8 2
6.5E7
8.0E7
1778 8 2
6.5E7
7.5E7
1778 8 2
6.5E7
7.5E7
1778 8 2
6.5E7
8.0E7
1778 8 2
6.5E7
8.0E7
1778 8 2
6.0E7
7.5E7
1778 8 2
6.0E7
8.5E7
1778 8 2
7.0E7
8.0E7
1778 8 2
7.0E7
8.0E7
1778 8 2
6.5E7
7.5E7
1778 8 2
7.0E7
7.0E7
1778 8 2
6.5E7
7.5E7
1778 8 2
6.0E7
8.5E7
1778 8 2
6.0E7
8.0E7
1778 8 2
6.0E7
9.5E7
1778 8 2
6.5E7
9.0E7
1778 8 2
6.5E7
1.05E8
1778 8 2
8.0E7
1.05E8
1778 8 2
7.5E7
1.0E8
3162 8 2
1.7E8
2.7E8
3162 8 2
1.5E8
3.1E8
3162 8 2
1.7E8
2.7E8
3162 8 2
1.5E8
2.8E8
3162 8 2
1.7E8
2.9E8
3162 8 2
1.6E8
2.6E8
3162 8 2
1.5E8
3.2E8
3162 8 2
1.7E8
3.3E8
3162 8 2
1.5E8
3.4E8
3162 8 2
1.6E8
2.7E8
3162 8 2
1.6E8
2.9E8
3162 8 2
1.4E8
3.2E8
3162 8 2
1.5E8
2.9E8
3162 8 2
1.6E8
2.5E8
3162 8 2
1.5E8
2.8E8
3162 8 2
1.6E8
3.3E8
3162 8 2
1.8E8
2.8E8
3162 8 2
1.6E8
2.9E8
3162 8 2
1.9E8
2.8E8
3162 8 2
1.9E8
3.0E8
3162 8 2
1.7E8
2.8E8
3162 8 2
1.7E8
2.8E8
3162 8 2
1.8E8
2.8E8
3162 8 2
1.6E8
2.6E8
3162 8 2
1.7E8
2.4E8
3162 8 2
1.9E8
2.2E8
3162 8 2
1.6E8
2.5E8
3162 8 2
1.6E8
2.0E8
3162 8 2
1.6E8
2.2E8
3162 8 2
1.5E8
2.5E8
3162 8 2
1.6E8
2.1E8
3162 8 2
1.5E8
2.6E8
5623 8 2
4.0E8
8.7E8
5623 8 2
4.0E8
9.1E8
5623 8 2
3.8E8
8.7E8
5623 8 2
3.7E8
8.6E8
5623 8 2
3.9E8
8.2E8
5623 8 2
3.8E8
8.6E8
5623 8 2
3.9E8
9.8E8
5623 8 2
4.0E8
9.8E8
5623 8 2
3.8E8
1.24E9
5623 8 2
3.8E8
1.27E9
5623 8 2
4.8E8
1.01E9
5623 8 2
3.8E8
1.09E9
5623 8 2
3.8E8
1.01E9
5623 8 2
4.6E8
7.6E8
5623 8 2
3.7E8
1.18E9
5623 8 2
4.3E8
1.24E9
5623 8 2
4.1E8
9.2E8
5623 8 2
4.1E8
1.08E9
5623 8 2
4.0E8
1.31E9
5623 8 2
3.8E8
1.26E9
5623 8 2
3.8E8
1.29E9
5623 8 2
4.1E8
1.21E9
5623 8 2
4.5E8
1.29E9
5623 8 2
4.3E8
9.6E8
5623 8 2
3.7E8
1.36E9
5623 8 2
4.6E8
9.5E8
5623 8 2
4.4E8
1.14E9
5623 8 2
4.4E8
1.21E9
5623 8 2
4.3E8
1.31E9
5623 8 2
3.7E8
1.27E9
5623 8 2
3.8E8
1.21E9
5623 8 2
4.7E8
8.9E8
10000 8 2
9.2E8
2.84E9
10000 8 2
9.2E8
2.92E9
10000 8 2
9.3E8
3.03E9
10000 8 2
9.4E8
2.83E9
10000 8 2
9.9E8
2.9E9
10000 8 2
9.2E8
3.43E9
10000 8 2
9.7E8
2.93E9
10000 8 2
9.2E8
3.51E9
10000 8 2
9.2E8
4.02E9
10000 8 2
9.1E8
3.83E9
10000 8 2
8.9E8
3.97E9
10000 8 2
8.9E8
3.62E9
10000 8 2
9.2E8
3.79E9
10000 8 2
9.8E8
3.49E9
10000 8 2
9.2E8
4.29E9
10000 8 2
9.6E8
3.83E9
10000 8 2
8.9E8
4.06E9
10000 8 2
9.4E8
3.88E9
10000 8 2
9.9E8
3.76E9
10000 8 2
9.2E8
4.14E9
10000 8 2
9.1E8
4.45E9
10000 8 2
9.5E8
4.5E9
10000 8 2
9.4E8
4.17E9
10000 8 2
9.2E8
4.4E9
10000 8 2
9.3E8
4.68E9
10000 8 2
9.3E8
4.79E9
10000 8 2
9.2E8
4.93E9
10000 8 2
9.4E8
4.34E9
10000 8 2
9.6E8
4.55E9
10000 8 2
1.02E9
4.49E9
10000 8 2
1.03E9
4.56E9
10000 8 2
9.7E8
4.15E9
17782 8 2
2.31E9
1.146E10
17782 8 2
2.23E9
1.151E10
17782 8 2
2.25E9
1.131E10
17782 8 2
2.32E9
1.249E10
17782 8 2
2.23E9
1.243E10
17782 8 2
2.18E9
1.245E10
17782 8 2
2.22E9
1.23E10
17782 8 2
2.22E9
1.342E10
17782 8 2
2.33E9
1.199E10
17782 8 2
2.19E9
1.255E10
17782 8 2
2.33E9
1.345E10
17782 8 2
2.26E9
1.235E10
17782 8 2
2.28E9
1.209E10
17782 8 2
2.15E9
1.4E10
17782 8 2
2.18E9
1.38E10
17782 8 2
2.34E9
1.28E10
17782 8 2
2.18E9
1.406E10
17782 8 2
2.26E9
1.392E10
17782 8 2
2.41E9
1.424E10
17782 8 2
2.19E9
1.382E10
17782 8 2
2.33E9
1.398E10
17782 8 2
2.23E9
1.422E10
17782 8 2
2.2E9
1.411E10
17782 8 2
2.32E9
1.44E10
17782 8 2
2.49E9
1.454E10
17782 8 2
2.22E9
1.452E10
17782 8 2
2.35E9
1.443E10
17782 8 2
2.22E9
1.509E10
17782 8 2
2.24E9
1.537E10
17782 8 2
2.16E9
1.499E10
17782 8 2
2.32E9
1.465E10
17782 8 2
2.42E9
1.523E10
31622 8 2
5.1E9
4.136E10
31622 8 2
6.01E9
4.392E10
31622 8 2
5.6E9
4.432E10
31622 8 2
5.58E9
5.136E10
31622 8 2
5.34E9
4.676E10
31622 8 2
5.76E9
4.72E10
31622 8 2
5.69E9
4.76E10
31622 8 2
5.35E9
4.864E10
31622 8 2
5.55E9
5.147E10
31622 8 2
5.41E9
5.432E10
31622 8 2
5.26E9
6.002E10
31622 8 2
5.65E9
5.444E10
31622 8 2
5.44E9
5.61E10
31622 8 2
5.6E9
5.751E10
31622 8 2
5.64E9
5.693E10
31622 8 2
5.53E9
6.053E10
31622 8 2
5.39E9
5.98E10
31622 8 2
5.59E9
6.409E10
31622 8 2
5.35E9
6.487E10
31622 8 2
5.32E9
6.659E10
31622 8 2
5.36E9
6.521E10
31622 8 2
5.77E9
6.386E10
31622 8 2
5.42E9
6.396E10
31622 8 2
5.31E9
6.82E10
31622 8 2
6.47E9
6.714E10
31622 8 2
5.72E9
6.466E10
31622 8 2
5.59E9
6.645E10
31622 8 2
5.19E9
6.934E10
31622 8 2
5.31E9
7.176E10
31622 8 2
6.31E9
6.89E10
31622 8 2
5.37E9
7.405E10
31622 8 2
5.78E9
7.44E10
56234 8 2
1.266E10
1.4738E11
56234 8 2
1.314E10
1.5779E11
56234 8 2
1.256E10
1.6094E11
56234 8 2
1.317E10
1.7793E11
56234 8 2
1.304E10
1.6609E11
56234 8 2
1.332E10
1.7134E11
56234 8 2
1.327E10
1.7411E11
56234 8 2
1.321E10
1.7884E11
56234 8 2
1.325E10
1.7769E11
56234 8 2
1.326E10
1.79E11
56234 8 2
1.324E10
1.8384E11
56234 8 2
1.3E10
1.8811E11
56234 8 2
1.338E10
1.6999E11
56234 8 2
1.341E10
1.8818E11
56234 8 2
1.325E10
1.8076E11
56234 8 2
1.347E10
1.9664E11
56234 8 2
1.295E10
1.9208E11
56234 8 2
1.308E10
2.0525E11
56234 8 2
1.307E10
1.9688E11
56234 8 2
1.36E10
1.9921E11
56234 8 2
1.54E10
2.0215E11
56234 8 2
1.507E10
2.0322E11
56234 8 2
1.277E10
1.9672E11
56234 8 2
1.348E10
2.025E11
56234 8 2
1.262E10
2.0587E11
56234 8 2
1.332E10
2.0538E11
56234 8 2
1.294E10
2.0307E11
56234 8 2
1.323E10
2.0764E11
56234 8 2
1.349E10
2.0268E11
56234 8 2
1.301E10
2.0588E11
56234 8 2
1.337E10
2.0484E11
56234 8 2
1.35E10
2.0054E11
100000 8 3
3.007E10
5.6946E11
100000 8 2
3.052E10
5.7832E11
100000 8 2
3.004E10
5.2436E11
100000 8 3
3.103E10
5.8755E11
100000 8 2
3.134E10
6.4021E11
100000 8 2
3.013E10
6.0656E11
100000 8 3
3.032E10
6.2734E11
100000 8 3
3.159E10
6.7236E11
100000 8 3
3.058E10
6.8367E11
100000 8 2
2.98E10
6.6462E11
100000 8 3
2.935E10
6.3134E11
100000 8 3
3.025E10
6.6519E11
100000 8 2
3.043E10
6.8917E11
100000 8 3
3.045E10
6.5383E11
100000 8 3
2.997E10
6.7916E11
100000 8 3
3.005E10
6.7154E11
100000 8 2
3.104E10
6.9346E11
100000 8 2
3.074E10
6.5379E11
100000 8 2
3.063E10
6.6825E11
100000 8 3
2.974E10
6.4748E11
100000 8 2
3.048E10
6.5617E11
100000 8 3
3.039E10
6.617E11
100000 8 3
3.05E10
6.6232E11
100000 8 2
3.084E10
6.7088E11
100000 8 2
3.052E10
6.7462E11
100000 8 2
3.019E10
6.7796E11
100000 8 2
3.033E10
7.2696E11
100000 8 2
3.107E10
6.833E11
100000 8 3
3.453E10
6.8991E11
100000 8 2
3.092E10
6.7574E11
100000 8 2
3.093E10
6.8694E11
100000 8 3
3.048E10
7.4257E11
