100 4 3
371093.75
253906.25
100 4 2
351562.5
292968.75
100 4 2
371093.75
312500.0
100 4 3
371093.75
273437.5
100 4 3
371093.75
273437.5
100 4 2
371093.75
312500.0
100 4 3
371093.75
273437.5
100 4 3
371093.75
273437.5
100 4 3
390625.0
292968.75
100 4 2
371093.75
312500.0
100 4 2
371093.75
292968.75
100 4 2
371093.75
292968.75
100 4 3
390625.0
273437.5
100 4 3
371093.75
312500.0
100 4 2
390625.0
292968.75
100 4 3
371093.75
292968.75
100 4 3
390625.0
312500.0
100 4 3
390625.0
312500.0
100 4 3
371093.75
292968.75
100 4 2
390625.0
292968.75
100 4 2
371093.75
312500.0
100 4 2
371093.75
292968.75
100 4 2
390625.0
312500.0
100 4 3
410156.25
312500.0
100 4 3
371093.75
312500.0
100 4 2
371093.75
292968.75
100 4 3
371093.75
292968.75
100 4 3
390625.0
312500.0
100 4 3
371093.75
273437.5
100 4 3
371093.75
312500.0
100 4 3
371093.75
292968.75
100 4 2
371093.75
312500.0
177 4 3
859375.0
859375.0
177 4 3
859375.0
859375.0
177 4 3
859375.0
859375.0
177 4 3
859375.0
859375.0
177 4 3
937500.0
859375.0
177 4 3
859375.0
859375.0
177 4 3
937500.0
859375.0
177 4 3
1015625.0
859375.0
177 4 3
937500.0
859375.0
177 4 3
937500.0
742187.5
177 4 3
859375.0
742187.5
177 4 3
859375.0
781250.0
177 4 3
937500.0
703125.0
177 4 3
937500.0
859375.0
177 4 3
859375.0
781250.0
177 4 3
937500.0
703125.0
177 4 3
937500.0
742187.5
177 4 3
859375.0
781250.0
177 4 3
859375.0
781250.0
177 4 3
937500.0
742187.5
177 4 3
859375.0
742187.5
177 4 3
859375.0
781250.0
177 4 3
937500.0
820312.5
177 4 3
859375.0
859375.0
177 4 3
859375.0
820312.5
177 4 3
859375.0
742187.5
177 4 3
859375.0
781250.0
177 4 3
859375.0
859375.0
177 4 3
859375.0
820312.5
177 4 3
937500.0
742187.5
177 4 3
937500.0
781250.0
177 4 3
937500.0
781250.0
316 4 3
2187500.0
2031250.0
316 4 4
1875000.0
2031250.0
316 4 3
2187500.0
2187500.0
316 4 4
2343750.0
2187500.0
316 4 4
2187500.0
2343750.0
316 4 3
2031250.0
2187500.0
316 4 3
2031250.0
2343750.0
316 4 3
2031250.0
2500000.0
316 4 4
2031250.0
2500000.0
316 4 3
2031250.0
2187500.0
316 4 3
1875000.0
2031250.0
316 4 4
2187500.0
2656250.0
316 4 3
2031250.0
2187500.0
316 4 3
2187500.0
2343750.0
316 4 3
2031250.0
2343750.0
316 4 3
2031250.0
2187500.0
316 4 3
2187500.0
2343750.0
316 4 3
2031250.0
2500000.0
316 4 3
1875000.0
2187500.0
316 4 3
2031250.0
2031250.0
316 4 3
2187500.0
2500000.0
316 4 3
2187500.0
2031250.0
316 4 3
1875000.0
2187500.0
316 4 4
2187500.0
2187500.0
316 4 4
2187500.0
2031250.0
316 4 3
2187500.0
2031250.0
316 4 3
2187500.0
2343750.0
316 4 4
2187500.0
2500000.0
316 4 4
2187500.0
2343750.0
316 4 3
2031250.0
2500000.0
316 4 3
2187500.0
2500000.0
316 4 3
2187500.0
2031250.0
562 4 4
4375000.0
6875000.0
562 4 4
4062500.0
5937500.0
562 4 4
5000000.0
7500000.0
562 4 4
5312500.0
7500000.0
562 4 4
4687500.0
6875000.0
562 4 4
4687500.0
6875000.0
562 4 4
5000000.0
7500000.0
562 4 4
4375000.0
5625000.0
562 4 4
5000000.0
7500000.0
562 4 4
5625000.0
8125000.0
562 4 4
5000000.0
6875000.0
562 4 4
5000000.0
6875000.0
562 4 4
5625000.0
7500000.0
562 4 4
5000000.0
6875000.0
562 4 4
4375000.0
6875000.0
562 4 4
5625000.0
6875000.0
562 4 4
5000000.0
7500000.0
562 4 4
4375000.0
6875000.0
562 4 4
4375000.0
5937500.0
562 4 4
5312500.0
6875000.0
562 4 4
4687500.0
5937500.0
562 4 4
5312500.0
6875000.0
562 4 4
5000000.0
5625000.0
1000 4 5
1.375E7
1.75E7
562 4 4
5312500.0
5625000.0
562 4 4
5000000.0
5312500.0
562 4 4
5000000.0
6562500.0
562 4 4
5000000.0
5312500.0
562 4 4
5000000.0
5625000.0
562 4 3
5000000.0
5937500.0
562 4 4
5312500.0
5312500.0
562 4 4
4375000.0
6875000.0
562 4 4
5000000.0
5625000.0
1000 4 4
1.0E7
1.625E7
1000 4 4
1.0625E7
1.625E7
1000 4 4
1.1875E7
1.75E7
1000 4 5
1.0625E7
1.625E7
1000 4 5
1.0E7
1.375E7
1000 4 4
1.125E7
2.125E7
1000 4 5
1.1875E7
1.875E7
1000 4 5
1.0E7
1.625E7
1000 4 5
1.0625E7
1.625E7
1000 4 4
1.25E7
2.375E7
1000 4 5
1.1875E7
2.0E7
1000 4 4
1.1875E7
2.0E7
1000 4 4
1.1875E7
2.125E7
1000 4 4
1.125E7
2.0E7
1000 4 4
1.125E7
2.75E7
1000 4 4
1.1875E7
1.625E7
1000 4 5
1.0625E7
2.0E7
1000 4 4
1.0625E7
1.625E7
1000 4 4
1.375E7
1.5E7
1000 4 4
1.25E7
2.25E7
1000 4 4
1.125E7
2.125E7
1000 4 4
1.0625E7
1.5E7
1000 4 5
1.0625E7
1.5E7
1000 4 4
1.125E7
1.5E7
1000 4 5
1.125E7
1.625E7
1000 4 4
1.0625E7
1.5E7
1000 4 5
1.1875E7
1.75E7
1000 4 4
1.375E7
1.625E7
1000 4 5
1.3125E7
1.625E7
1000 4 5
1.4375E7
1.625E7
1000 4 4
1.5625E7
2.25E7
1778 4 5
2.25E7
6.0E7
1778 4 6
2.25E7
4.25E7
1778 4 5
2.25E7
4.5E7
1778 4 5
2.75E7
4.5E7
1778 4 5
2.25E7
4.25E7
1778 4 5
2.125E7
5.0E7
1778 4 5
2.5E7
6.0E7
1778 4 5
2.25E7
4.0E7
1778 4 6
2.25E7
4.25E7
1778 4 5
2.75E7
5.5E7
1778 4 5
2.75E7
5.5E7
1778 4 5
2.625E7
6.0E7
1778 4 5
3.0E7
4.25E7
1778 4 6
2.75E7
5.5E7
1778 4 5
2.375E7
5.5E7
1778 4 5
2.375E7
5.75E7
1778 4 5
3.25E7
4.0E7
1778 4 5
2.75E7
6.0E7
1778 4 5
2.5E7
4.25E7
1778 4 6
2.75E7
4.25E7
1778 4 5
2.625E7
6.5E7
1778 4 5
3.25E7
4.25E7
1778 4 5
3.0E7
4.0E7
1778 4 5
2.5E7
5.25E7
1778 4 5
2.5E7
5.25E7
1778 4 5
2.5E7
3.75E7
1778 4 5
2.5E7
4.75E7
1778 4 5
2.75E7
5.5E7
1778 4 5
2.375E7
4.25E7
1778 4 5
2.625E7
4.75E7
3162 4 6
5.5E7
1.5E8
3162 4 6
4.75E7
1.6E8
3162 4 6
6.5E7
1.7E8
3162 4 6
5.25E7
1.4E8
1778 4 5
3.25E7
5.0E7
1778 4 5
3.125E7
4.25E7
3162 4 6
6.5E7
1.8E8
3162 4 6
5.5E7
1.7E8
3162 4 5
5.5E7
1.8E8
3162 4 6
6.0E7
1.5E8
3162 4 6
5.5E7
1.5E8
3162 4 6
5.25E7
1.6E8
3162 4 6
5.0E7
1.5E8
3162 4 6
5.5E7
1.8E8
3162 4 6
5.5E7
2.2E8
3162 4 6
5.5E7
1.9E8
3162 4 6
5.0E7
1.4E8
3162 4 6
5.5E7
1.4E8
3162 4 6
5.5E7
1.4E8
3162 4 6
5.0E7
1.5E8
3162 4 6
5.25E7
1.4E8
3162 4 5
5.5E7
2.3E8
3162 4 6
5.0E7
1.5E8
3162 4 6
5.0E7
1.7E8
3162 4 6
6.0E7
1.9E8
3162 4 6
5.0E7
1.4E8
3162 4 6
6.5E7
1.9E8
3162 4 6
6.5E7
2.5E8
3162 4 6
5.0E7
1.5E8
3162 4 6
6.5E7
2.3E8
3162 4 6
8.0E7
2.2E8
3162 4 6
6.25E7
2.3E8
3162 4 6
6.5E7
2.1E8
3162 4 6
5.0E7
1.6E8
5623 4 6
1.1E8
4.3E8
5623 4 7
1.8E8
5.1E8
5623 4 7
1.3E8
4.8E8
5623 4 7
1.7E8
4.8E8
5623 4 7
1.1E8
4.6E8
5623 4 7
1.2E8
5.0E8
5623 4 8
1.3E8
5.0E8
5623 4 6
1.1E8
4.8E8
5623 4 6
1.4E8
4.6E8
5623 4 7
1.3E8
5.5E8
5623 4 7
1.4E8
4.8E8
5623 4 7
1.1E8
4.7E8
5623 4 6
1.1E8
5.4E8
5623 4 7
1.1E8
4.6E8
5623 4 7
1.6E8
4.8E8
5623 4 7
1.8E8
4.7E8
5623 4 7
1.3E8
4.5E8
5623 4 6
1.3E8
4.6E8
5623 4 7
1.1E8
4.9E8
5623 4 7
1.1E8
5.8E8
5623 4 7
1.2E8
5.0E8
5623 4 6
1.1E8
4.5E8
5623 4 6
1.2E8
5.4E8
5623 4 6
1.4E8
5.7E8
5623 4 7
1.2E8
5.3E8
5623 4 7
1.2E8
5.9E8
5623 4 7
1.2E8
5.9E8
5623 4 7
1.1E8
4.6E8
5623 4 6
1.4E8
5.5E8
5623 4 7
1.1E8
4.3E8
5623 4 6
1.3E8
6.1E8
5623 4 7
1.1E8
5.4E8
10000 4 7
2.3E8
1.33E9
10000 4 8
2.5E8
1.48E9
10000 4 8
2.6E8
1.41E9
10000 4 8
2.4E8
1.32E9
10000 4 7
2.5E8
1.42E9
10000 4 8
2.8E8
1.42E9
10000 4 8
2.7E8
1.44E9
10000 4 8
2.5E8
1.48E9
10000 4 7
2.6E8
1.47E9
10000 4 8
2.1E8
1.45E9
10000 4 7
2.3E8
1.37E9
10000 4 7
2.6E8
1.61E9
10000 4 7
2.4E8
1.63E9
10000 4 8
2.4E8
1.51E9
10000 4 8
2.7E8
1.69E9
10000 4 8
3.2E8
1.47E9
10000 4 8
2.2E8
1.43E9
10000 4 8
2.4E8
1.67E9
10000 4 7
2.2E8
1.48E9
10000 4 7
2.1E8
1.55E9
10000 4 8
2.3E8
1.41E9
10000 4 7
2.6E8
1.53E9
10000 4 7
2.5E8
1.77E9
10000 4 7
2.5E8
1.37E9
10000 4 8
2.5E8
1.42E9
10000 4 8
2.8E8
1.97E9
10000 4 8
3.0E8
1.98E9
10000 4 8
2.3E8
2.02E9
10000 4 7
3.6E8
1.56E9
10000 4 7
2.9E8
1.93E9
10000 4 8
3.5E8
1.83E9
10000 4 8
3.7E8
2.01E9
17782 4 8
5.2E8
3.95E9
17782 4 9
5.1E8
4.05E9
17782 4 9
5.0E8
4.35E9
17782 4 9
4.8E8
4.31E9
17782 4 9
5.3E8
4.72E9
17782 4 9
5.1E8
4.47E9
17782 4 10
4.8E8
4.82E9
17782 4 8
5.0E8
5.28E9
17782 4 8
4.8E8
4.88E9
17782 4 9
5.0E8
4.9E9
17782 4 8
5.6E8
5.27E9
17782 4 9
4.9E8
4.95E9
17782 4 9
6.5E8
5.07E9
17782 4 8
7.8E8
4.67E9
17782 4 9
5.3E8
5.88E9
17782 4 9
4.8E8
5.22E9
17782 4 8
5.5E8
4.96E9
17782 4 9
6.2E8
5.42E9
17782 4 9
6.4E8
5.01E9
17782 4 9
6.7E8
5.36E9
17782 4 9
6.7E8
5.02E9
17782 4 9
5.9E8
5.84E9
17782 4 9
5.9E8
5.7E9
17782 4 8
6.4E8
5.17E9
17782 4 9
5.8E8
6.21E9
17782 4 9
7.0E8
5.57E9
17782 4 9
5.5E8
6.23E9
17782 4 9
5.1E8
6.25E9
17782 4 9
4.8E8
6.39E9
17782 4 9
6.4E8
5.01E9
17782 4 9
4.9E8
6.46E9
17782 4 8
7.3E8
5.91E9
31622 4 10
1.14E9
1.317E10
31622 4 10
1.13E9
1.396E10
31622 4 10
1.16E9
1.474E10
31622 4 10
1.02E9
1.578E10
31622 4 10
1.08E9
1.629E10
31622 4 10
1.07E9
1.627E10
31622 4 10
1.05E9
1.564E10
31622 4 10
1.23E9
1.584E10
31622 4 10
1.06E9
1.643E10
31622 4 10
1.2E9
1.702E10
31622 4 10
1.07E9
1.697E10
31622 4 10
1.15E9
1.778E10
31622 4 10
1.15E9
1.761E10
31622 4 10
1.16E9
2.024E10
31622 4 9
1.16E9
1.728E10
31622 4 10
1.09E9
1.812E10
31622 4 10
1.23E9
1.983E10
31622 4 11
1.11E9
1.881E10
31622 4 10
1.11E9
1.885E10
31622 4 10
1.05E9
2.099E10
31622 4 10
1.06E9
1.903E10
31622 4 10
1.21E9
1.975E10
31622 4 10
1.15E9
2.026E10
31622 4 10
1.3E9
2.086E10
31622 4 10
1.28E9
1.925E10
31622 4 10
1.05E9
2.079E10
31622 4 10
1.01E9
2.069E10
31622 4 10
1.21E9
2.138E10
31622 4 10
1.05E9
2.101E10
31622 4 10
1.19E9
2.284E10
31622 4 10
1.19E9
2.144E10
31622 4 11
1.09E9
2.472E10
56234 4 11
2.04E9
6.153E10
56234 4 11
2.02E9
6.61E10
56234 4 11
2.23E9
6.338E10
56234 4 11
2.17E9
6.097E10
56234 4 11
1.99E9
6.731E10
56234 4 11
2.33E9
6.671E10
56234 4 11
2.33E9
6.524E10
56234 4 11
2.45E9
6.564E10
56234 4 11
2.37E9
6.898E10
56234 4 11
2.79E9
6.497E10
56234 4 11
2.33E9
6.881E10
56234 4 11
3.23E9
6.342E10
56234 4 11
2.16E9
7.105E10
56234 4 11
2.7E9
6.754E10
56234 4 11
2.53E9
6.855E10
56234 4 11
2.36E9
6.752E10
56234 4 11
2.46E9
6.824E10
56234 4 11
3.15E9
6.945E10
56234 4 11
3.48E9
6.783E10
56234 4 11
2.3E9
7.481E10
56234 4 11
2.24E9
6.734E10
56234 4 12
2.78E9
7.196E10
56234 4 11
2.73E9
7.121E10
56234 4 11
2.5E9
7.184E10
56234 4 11
3.65E9
7.073E10
56234 4 11
2.59E9
7.251E10
56234 4 11
2.39E9
7.693E10
56234 4 11
2.34E9
8.132E10
56234 4 11
2.54E9
7.578E10
56234 4 11
2.46E9
8.671E10
56234 4 11
2.5E9
9.124E10
56234 4 11
3.06E9
8.974E10
100000 4 13
4.88E9
1.851E11
100000 4 12
4.63E9
1.7936E11
100000 4 13
4.37E9
2.1325E11
100000 4 13
4.77E9
2.0121E11
100000 4 12
4.43E9
2.1677E11
100000 4 13
5.8E9
2.1545E11
100000 4 12
5.63E9
2.2278E11
100000 4 12
5.74E9
2.2184E11
100000 4 13
6.07E9
2.2635E11
100000 4 12
5.27E9
2.2731E11
100000 4 13
5.49E9
2.2635E11
100000 4 13
7.03E9
2.3007E11
100000 4 13
5.8E9
2.3655E11
100000 4 12
4.89E9
2.3796E11
100000 4 13
5.16E9
2.3089E11
100000 4 13
5.36E9
2.3426E11
100000 4 13
5.47E9
2.3631E11
100000 4 12
6.07E9
2.412E11
100000 4 12
5.95E9
2.3937E11
100000 4 12
4.25E9
2.1928E11
100000 4 13
6.76E9
2.3875E11
100000 4 12
4.78E9
2.4818E11
100000 4 13
5.9E9
2.4419E11
100000 4 13
4.99E9
2.4572E11
100000 4 13
6.02E9
2.4615E11
100000 4 12
5.91E9
2.431E11
100000 4 13
4.77E9
2.5336E11
100000 4 13
6.95E9
2.6704E11
100000 4 13
5.31E9
2.5899E11
100000 4 12
5.11E9
2.6112E11
100000 4 13
8.25E9
2.611E11
100000 4 13
5.45E9
2.3601E11
