100 6 1
546875.0
429687.5
100 6 2
546875.0
429687.5
100 6 1
546875.0
429687.5
100 6 1
546875.0
429687.5
100 6 2
507812.5
429687.5
100 6 2
507812.5
429687.5
100 6 2
585937.5
468750.0
100 6 2
585937.5
429687.5
100 6 2
546875.0
429687.5
100 6 1
546875.0
429687.5
100 6 2
507812.5
390625.0
100 6 1
585937.5
390625.0
100 6 2
546875.0
371093.75
100 6 2
546875.0
390625.0
100 6 2
585937.5
410156.25
100 6 2
507812.5
371093.75
100 6 1
546875.0
410156.25
100 6 2
546875.0
429687.5
100 6 1
585937.5
371093.75
100 6 2
546875.0
410156.25
100 6 2
585937.5
390625.0
100 6 2
546875.0
390625.0
100 6 2
546875.0
410156.25
100 6 2
546875.0
371093.75
100 6 2
546875.0
390625.0
100 6 2
546875.0
429687.5
100 6 1
546875.0
410156.25
100 6 1
546875.0
390625.0
100 6 2
546875.0
390625.0
100 6 2
546875.0
449218.75
100 6 1
468750.0
429687.5
100 6 2
585937.5
390625.0
177 6 2
1406250.0
1015625.0
177 6 2
1406250.0
1093750.0
177 6 2
1328125.0
1093750.0
177 6 2
1328125.0
1093750.0
177 6 2
1328125.0
1093750.0
177 6 2
1406250.0
1015625.0
177 6 2
1406250.0
1093750.0
177 6 2
1250000.0
1093750.0
177 6 2
1406250.0
1093750.0
177 6 1
1406250.0
1093750.0
177 6 2
1328125.0
1015625.0
177 6 1
1328125.0
1015625.0
177 6 2
1406250.0
1093750.0
177 6 2
1406250.0
1015625.0
177 6 2
1328125.0
1015625.0
177 6 2
1406250.0
1093750.0
177 6 2
1484375.0
1093750.0
177 6 2
1406250.0
937500.0
177 6 2
1328125.0
1015625.0
177 6 2
1406250.0
1015625.0
177 6 2
1484375.0
1093750.0
177 6 1
1328125.0
1093750.0
177 6 2
1406250.0
1093750.0
177 6 2
1406250.0
1171875.0
177 6 2
1406250.0
1015625.0
177 6 2
1328125.0
1015625.0
177 6 2
1484375.0
1093750.0
177 6 2
1328125.0
937500.0
177 6 2
1406250.0
1093750.0
177 6 2
1406250.0
1093750.0
177 6 2
1406250.0
1093750.0
177 6 2
1406250.0
1093750.0
316 6 2
3750000.0
3437500.0
316 6 2
3437500.0
3437500.0
316 6 2
3437500.0
3437500.0
316 6 2
3750000.0
3437500.0
316 6 2
3750000.0
3750000.0
316 6 2
3437500.0
3437500.0
316 6 2
3437500.0
4375000.0
316 6 2
3437500.0
3750000.0
316 6 2
3437500.0
3750000.0
316 6 2
3750000.0
3437500.0
316 6 2
3437500.0
3750000.0
316 6 2
3437500.0
4375000.0
316 6 2
3750000.0
4375000.0
316 6 2
3437500.0
4375000.0
316 6 2
3750000.0
3437500.0
316 6 2
3437500.0
3750000.0
316 6 2
3437500.0
3906250.0
316 6 2
3750000.0
4062500.0
316 6 2
3750000.0
4062500.0
316 6 2
3750000.0
4062500.0
316 6 2
3437500.0
3437500.0
316 6 2
4062500.0
3437500.0
316 6 2
3437500.0
3593750.0
316 6 2
3437500.0
3281250.0
316 6 2
3437500.0
3750000.0
316 6 2
3437500.0
3125000.0
316 6 2
3750000.0
3125000.0
316 6 2
3437500.0
2968750.0
316 6 2
3437500.0
3125000.0
316 6 2
3437500.0
2968750.0
316 6 2
3750000.0
2812500.0
562 6 2
8750000.0
8750000.0
316 6 2
3750000.0
3281250.0
562 6 2
8750000.0
8750000.0
562 6 2
8750000.0
9375000.0
562 6 2
8125000.0
8750000.0
562 6 2
8125000.0
1.5E7
562 6 2
8750000.0
9375000.0
562 6 2
8750000.0
1.0E7
562 6 2
8750000.0
1.1875E7
562 6 2
8125000.0
1.0E7
562 6 2
8125000.0
8750000.0
562 6 2
8750000.0
1.0E7
562 6 2
8125000.0
1.1875E7
562 6 2
8125000.0
1.1875E7
562 6 2
8750000.0
1.0E7
562 6 2
8125000.0
1.1875E7
562 6 2
8750000.0
1.1875E7
562 6 2
8750000.0
9375000.0
562 6 2
8750000.0
1.125E7
562 6 2
8750000.0
1.125E7
562 6 2
8750000.0
1.1875E7
562 6 2
8750000.0
9375000.0
562 6 2
8125000.0
1.125E7
562 6 2
8125000.0
1.125E7
562 6 2
8750000.0
8750000.0
562 6 2
8750000.0
8750000.0
562 6 2
8750000.0
8750000.0
562 6 2
8750000.0
8750000.0
562 6 2
9375000.0
8750000.0
562 6 2
1.0E7
6875000.0
562 6 2
1.0E7
8125000.0
562 6 2
1.0E7
8125000.0
562 6 2
9375000.0
8750000.0
1000 6 2
2.0E7
3.0E7
1000 6 2
2.0E7
3.25E7
1000 6 2
2.0E7
3.25E7
1000 6 2
2.0E7
3.25E7
1000 6 2
2.125E7
3.0E7
1000 6 2
2.0E7
3.25E7
1000 6 2
2.0E7
3.5E7
1000 6 2
2.0E7
2.75E7
1000 6 2
2.0E7
3.25E7
1000 6 2
2.125E7
3.25E7
1000 6 3
2.0E7
2.75E7
1000 6 2
2.0E7
3.0E7
1000 6 2
2.0E7
3.5E7
1000 6 2
2.125E7
3.0E7
1000 6 2
2.0E7
2.625E7
1000 6 2
2.0E7
2.75E7
1000 6 2
2.125E7
3.0E7
1000 6 2
2.0E7
3.0E7
1000 6 2
2.125E7
2.75E7
1000 6 2
2.0E7
3.125E7
1000 6 2
2.125E7
2.75E7
1000 6 2
2.125E7
2.75E7
1000 6 2
2.0E7
2.75E7
1000 6 2
2.0E7
2.625E7
1000 6 2
2.125E7
2.75E7
1000 6 2
2.0E7
2.5E7
1000 6 2
2.25E7
3.0E7
1000 6 2
2.0E7
2.375E7
1000 6 2
2.0E7
2.5E7
1000 6 2
2.5E7
2.5E7
1000 6 2
2.375E7
2.375E7
1000 6 2
2.25E7
2.75E7
1778 6 3
5.5E7
7.5E7
1778 6 2
5.5E7
8.5E7
1778 6 3
5.0E7
1.1E8
1778 6 3
5.25E7
1.1E8
1778 6 2
5.5E7
7.5E7
1778 6 3
5.25E7
1.2E8
1778 6 2
4.75E7
1.1E8
1778 6 2
5.0E7
1.1E8
1778 6 2
5.0E7
1.3E8
1778 6 2
4.75E7
8.5E7
1778 6 2
5.5E7
9.0E7
1778 6 2
5.0E7
9.5E7
1778 6 2
5.0E7
7.0E7
1778 6 3
5.0E7
8.5E7
1778 6 2
5.0E7
8.5E7
1778 6 2
5.5E7
7.5E7
1778 6 2
5.0E7
8.0E7
1778 6 3
5.0E7
8.5E7
1778 6 2
5.25E7
7.5E7
1778 6 2
5.0E7
8.0E7
1778 6 2
5.0E7
8.0E7
1778 6 3
5.0E7
7.0E7
1778 6 3
5.5E7
7.5E7
1778 6 2
5.5E7
7.5E7
1778 6 2
6.0E7
7.5E7
1778 6 2
6.0E7
7.5E7
1778 6 2
6.5E7
7.5E7
1778 6 2
5.75E7
7.5E7
1778 6 2
5.0E7
7.5E7
1778 6 3
5.0E7
7.5E7
3162 6 3
1.1E8
2.4E8
1778 6 2
5.0E7
1.4E8
1778 6 2
5.0E7
8.5E7
3162 6 3
1.2E8
2.4E8
3162 6 3
1.3E8
2.5E8
3162 6 3
1.2E8
3.0E8
3162 6 3
1.2E8
2.6E8
3162 6 3
1.2E8
3.5E8
3162 6 3
1.2E8
3.0E8
3162 6 3
1.1E8
3.2E8
3162 6 3
1.2E8
3.3E8
3162 6 3
1.1E8
2.8E8
3162 6 3
1.2E8
2.6E8
3162 6 3
1.2E8
3.2E8
3162 6 3
1.1E8
2.6E8
3162 6 3
1.1E8
2.7E8
3162 6 3
1.1E8
2.6E8
3162 6 3
1.2E8
2.9E8
3162 6 3
1.2E8
3.4E8
3162 6 2
1.2E8
2.5E8
3162 6 3
1.3E8
2.5E8
3162 6 3
1.2E8
3.1E8
3162 6 3
1.2E8
2.6E8
3162 6 3
1.3E8
2.4E8
3162 6 2
1.3E8
2.4E8
3162 6 3
1.2E8
2.8E8
3162 6 3
1.2E8
2.8E8
3162 6 2
1.3E8
2.6E8
3162 6 2
1.5E8
2.4E8
3162 6 3
1.2E8
2.3E8
3162 6 2
1.3E8
2.2E8
3162 6 3
1.1E8
2.2E8
3162 6 3
1.2E8
2.2E8
3162 6 3
1.2E8
2.2E8
5623 6 3
2.6E8
7.7E8
5623 6 3
2.6E8
8.4E8
5623 6 3
2.6E8
8.5E8
5623 6 3
2.7E8
9.8E8
5623 6 3
2.6E8
8.7E8
5623 6 3
2.6E8
8.8E8
5623 6 3
2.7E8
9.2E8
5623 6 3
2.7E8
9.9E8
5623 6 3
2.6E8
8.8E8
5623 6 3
2.6E8
9.7E8
5623 6 3
2.6E8
1.0E9
5623 6 3
2.7E8
9.1E8
5623 6 3
2.7E8
9.8E8
5623 6 3
2.6E8
1.06E9
5623 6 3
2.7E8
8.2E8
5623 6 3
2.7E8
8.9E8
5623 6 3
2.6E8
1.09E9
5623 6 3
2.6E8
1.0E9
5623 6 3
2.7E8
9.6E8
5623 6 3
2.7E8
1.11E9
5623 6 3
2.6E8
9.9E8
5623 6 3
2.6E8
9.8E8
5623 6 3
2.6E8
9.6E8
5623 6 3
2.7E8
1.12E9
5623 6 3
2.6E8
1.03E9
5623 6 3
2.7E8
1.06E9
5623 6 3
2.7E8
9.6E8
5623 6 3
3.4E8
8.1E8
5623 6 3
2.7E8
1.03E9
5623 6 3
3.4E8
8.2E8
5623 6 3
2.9E8
1.0E9
5623 6 3
3.0E8
9.7E8
10000 6 3
5.9E8
2.94E9
10000 6 3
6.2E8
2.86E9
10000 6 3
6.2E8
2.68E9
10000 6 3
6.4E8
3.02E9
10000 6 3
6.6E8
3.12E9
10000 6 3
6.0E8
3.3E9
10000 6 3
5.9E8
2.75E9
10000 6 3
7.0E8
2.92E9
10000 6 3
5.9E8
3.31E9
10000 6 3
6.0E8
2.93E9
10000 6 3
6.0E8
2.87E9
10000 6 3
6.4E8
3.11E9
10000 6 3
5.9E8
3.42E9
10000 6 3
5.9E8
3.37E9
10000 6 3
7.2E8
3.17E9
10000 6 3
6.6E8
3.31E9
10000 6 3
6.6E8
3.28E9
10000 6 3
6.1E8
3.18E9
10000 6 4
6.2E8
3.32E9
10000 6 3
6.9E8
3.07E9
10000 6 3
7.5E8
2.94E9
10000 6 3
6.2E8
3.24E9
10000 6 3
6.5E8
3.07E9
10000 6 3
6.0E8
3.47E9
10000 6 3
6.3E8
3.19E9
10000 6 3
6.5E8
3.5E9
10000 6 3
6.0E8
3.57E9
10000 6 3
6.9E8
3.3E9
10000 6 3
6.8E8
3.53E9
10000 6 3
6.2E8
3.36E9
10000 6 3
6.0E8
3.61E9
10000 6 3
6.9E8
3.45E9
17782 6 4
1.52E9
8.92E9
17782 6 3
1.36E9
9.71E9
17782 6 4
1.34E9
9.55E9
17782 6 3
1.37E9
9.64E9
17782 6 4
1.32E9
1.022E10
17782 6 4
1.34E9
1.054E10
17782 6 3
1.34E9
1.069E10
17782 6 4
1.34E9
1.105E10
17782 6 3
1.33E9
1.0E10
17782 6 3
1.33E9
1.126E10
17782 6 4
1.33E9
1.035E10
17782 6 3
1.57E9
1.061E10
17782 6 3
1.38E9
1.071E10
17782 6 3
1.34E9
1.098E10
17782 6 3
1.49E9
1.104E10
17782 6 3
1.3E9
1.116E10
17782 6 4
1.61E9
1.104E10
17782 6 3
1.41E9
1.127E10
17782 6 3
1.33E9
1.158E10
17782 6 3
1.37E9
1.145E10
17782 6 3
1.51E9
1.119E10
17782 6 3
1.53E9
1.119E10
17782 6 3
1.48E9
1.166E10
17782 6 3
1.53E9
1.108E10
17782 6 3
1.5E9
1.119E10
17782 6 3
1.35E9
1.141E10
17782 6 3
1.35E9
1.133E10
17782 6 3
1.61E9
1.085E10
17782 6 4
1.56E9
1.141E10
17782 6 3
1.49E9
1.152E10
17782 6 4
1.48E9
1.141E10
17782 6 3
1.34E9
1.142E10
31622 6 4
3.16E9
3.141E10
31622 6 3
3.01E9
3.342E10
31622 6 4
3.31E9
3.683E10
31622 6 3
3.17E9
3.792E10
31622 6 4
3.05E9
3.842E10
31622 6 4
3.34E9
3.791E10
31622 6 4
3.27E9
3.856E10
31622 6 4
3.28E9
3.921E10
31622 6 4
3.2E9
4.051E10
31622 6 4
3.16E9
3.938E10
31622 6 4
3.21E9
3.949E10
31622 6 3
3.43E9
4.096E10
31622 6 4
3.19E9
4.203E10
31622 6 4
3.0E9
4.017E10
31622 6 4
3.12E9
4.134E10
31622 6 4
3.16E9
4.306E10
31622 6 4
3.11E9
4.327E10
31622 6 4
3.18E9
4.307E10
31622 6 4
3.25E9
4.231E10
31622 6 4
3.34E9
4.102E10
31622 6 4
3.48E9
4.277E10
31622 6 4
2.95E9
4.558E10
31622 6 4
3.06E9
4.503E10
31622 6 4
3.19E9
4.485E10
31622 6 3
3.38E9
4.393E10
31622 6 4
3.31E9
4.54E10
31622 6 4
3.26E9
4.542E10
31622 6 4
3.31E9
4.438E10
31622 6 4
3.26E9
4.642E10
31622 6 4
3.07E9
4.944E10
31622 6 4
3.31E9
4.849E10
31622 6 4
3.03E9
4.837E10
56234 6 4
7.31E9
1.2184E11
56234 6 4
7.33E9
1.2738E11
56234 6 4
7.24E9
1.2862E11
56234 6 4
7.51E9
1.329E11
56234 6 4
7.56E9
1.3057E11
56234 6 4
7.31E9
1.35E11
56234 6 4
7.62E9
1.4015E11
56234 6 4
7.84E9
1.4047E11
56234 6 4
8.28E9
1.3841E11
56234 6 4
7.25E9
1.4802E11
56234 6 4
7.28E9
1.4549E11
56234 6 4
7.5E9
1.4755E11
56234 6 4
7.6E9
1.3949E11
56234 6 4
7.16E9
1.4465E11
56234 6 4
7.33E9
1.5075E11
56234 6 4
7.3E9
1.4972E11
56234 6 4
7.57E9
1.4905E11
56234 6 4
6.92E9
1.6065E11
56234 6 4
7.27E9
1.6149E11
56234 6 4
7.53E9
1.5662E11
56234 6 4
7.22E9
1.5993E11
56234 6 4
8.86E9
1.5666E11
56234 6 4
7.2E9
1.6613E11
56234 6 4
7.3E9
1.6456E11
56234 6 4
7.28E9
1.6886E11
56234 6 4
7.21E9
1.7774E11
56234 6 4
7.53E9
1.7907E11
56234 6 4
7.15E9
1.8235E11
56234 6 4
6.86E9
1.9157E11
56234 6 4
7.4E9
2.0518E11
56234 6 4
7.77E9
2.1111E11
56234 6 4
7.14E9
2.1773E11
100000 6 4
1.518E10
4.0652E11
100000 6 4
1.621E10
3.8331E11
100000 6 4
1.638E10
4.1882E11
100000 6 4
1.686E10
3.8757E11
100000 6 4
1.63E10
3.9278E11
100000 6 5
1.631E10
4.1274E11
100000 6 4
1.659E10
4.3547E11
100000 6 4
1.619E10
4.0317E11
100000 6 4
1.603E10
4.4718E11
100000 6 4
1.64E10
4.5363E11
100000 6 4
1.642E10
4.4088E11
100000 6 4
1.645E10
4.3296E11
100000 6 4
1.604E10
4.4761E11
100000 6 4
1.781E10
4.3967E11
100000 6 4
1.616E10
4.6639E11
100000 6 4
1.624E10
4.1004E11
100000 6 4
1.704E10
3.7881E11
100000 6 4
1.678E10
3.9441E11
100000 6 4
1.694E10
3.8563E11
100000 6 4
1.762E10
4.4375E11
100000 6 4
1.822E10
4.5682E11
100000 6 5
1.627E10
4.5593E11
100000 6 4
1.673E10
4.4793E11
100000 6 4
1.581E10
4.4258E11
100000 6 5
1.622E10
4.6226E11
100000 6 4
1.71E10
4.5333E11
100000 6 4
1.731E10
4.5445E11
100000 6 4
1.645E10
4.3491E11
100000 6 5
1.643E10
4.5957E11
100000 6 5
1.671E10
4.7199E11
100000 6 4
1.759E10
4.3997E11
100000 6 4
1.698E10
4.78E11
