100 5 2
468750.0
429687.5
100 5 2
507812.5
429687.5
100 5 2
468750.0
429687.5
100 5 2
468750.0
429687.5
100 5 2
507812.5
429687.5
100 5 2
507812.5
429687.5
100 5 2
468750.0
429687.5
100 5 2
468750.0
468750.0
100 5 2
507812.5
429687.5
100 5 2
468750.0
429687.5
100 5 2
429687.5
371093.75
100 5 2
507812.5
351562.5
100 5 2
468750.0
390625.0
100 5 2
507812.5
371093.75
100 5 2
468750.0
390625.0
100 5 2
468750.0
371093.75
100 5 2
429687.5
390625.0
100 5 2
507812.5
351562.5
100 5 2
468750.0
371093.75
100 5 2
507812.5
371093.75
100 5 2
468750.0
410156.25
100 5 2
507812.5
390625.0
100 5 2
507812.5
390625.0
100 5 2
468750.0
390625.0
100 5 2
468750.0
371093.75
100 5 2
468750.0
390625.0
100 5 2
507812.5
390625.0
100 5 2
507812.5
390625.0
100 5 2
468750.0
410156.25
100 5 2
468750.0
371093.75
100 5 2
468750.0
351562.5
100 5 2
507812.5
371093.75
177 5 2
1250000.0
937500.0
177 5 2
1093750.0
859375.0
177 5 2
1171875.0
1015625.0
177 5 2
1171875.0
1015625.0
177 5 2
1171875.0
937500.0
177 5 2
1250000.0
1015625.0
177 5 2
1171875.0
1015625.0
177 5 2
1250000.0
1015625.0
177 5 2
1093750.0
937500.0
177 5 2
1171875.0
937500.0
177 5 2
1250000.0
1015625.0
177 5 2
1093750.0
859375.0
177 5 2
1171875.0
937500.0
177 5 2
1093750.0
1015625.0
177 5 2
1250000.0
1015625.0
177 5 2
1250000.0
937500.0
177 5 2
1171875.0
1093750.0
177 5 2
1250000.0
937500.0
177 5 2
1093750.0
937500.0
177 5 2
1171875.0
1093750.0
177 5 2
1250000.0
937500.0
177 5 2
1250000.0
937500.0
177 5 2
1406250.0
937500.0
177 5 3
1171875.0
1015625.0
177 5 3
1171875.0
1015625.0
177 5 2
1640625.0
859375.0
177 5 2
1250000.0
1015625.0
177 5 2
1250000.0
937500.0
177 5 2
1562500.0
937500.0
177 5 2
1406250.0
937500.0
177 5 2
1250000.0
859375.0
177 5 2
1328125.0
1015625.0
316 5 2
2968750.0
4062500.0
316 5 2
2656250.0
3281250.0
316 5 2
2812500.0
2656250.0
316 5 2
2968750.0
3437500.0
316 5 2
2812500.0
3125000.0
316 5 3
2968750.0
3437500.0
316 5 2
2968750.0
3281250.0
316 5 2
2968750.0
3125000.0
316 5 2
2812500.0
3593750.0
316 5 2
2812500.0
3750000.0
316 5 2
2968750.0
3281250.0
316 5 2
2812500.0
3437500.0
316 5 2
2812500.0
3281250.0
316 5 2
3125000.0
2500000.0
316 5 2
2968750.0
2656250.0
316 5 2
3125000.0
2500000.0
316 5 3
2812500.0
2656250.0
316 5 2
2968750.0
2500000.0
316 5 2
3125000.0
2500000.0
316 5 3
3125000.0
2656250.0
316 5 2
2812500.0
2656250.0
316 5 3
2968750.0
2812500.0
316 5 2
2968750.0
2812500.0
316 5 2
2968750.0
2500000.0
316 5 3
2812500.0
2500000.0
316 5 2
2968750.0
2812500.0
316 5 2
3125000.0
2500000.0
316 5 2
3125000.0
2656250.0
316 5 2
2968750.0
2812500.0
316 5 3
3125000.0
2968750.0
316 5 2
2968750.0
2656250.0
316 5 2
3437500.0
2812500.0
562 5 3
7500000.0
6875000.0
562 5 3
7500000.0
8125000.0
562 5 3
6875000.0
1.125E7
562 5 3
6875000.0
7500000.0
562 5 3
6875000.0
8125000.0
562 5 3
6875000.0
7500000.0
562 5 3
6875000.0
8125000.0
562 5 4
7500000.0
1.0E7
562 5 3
7500000.0
1.0625E7
562 5 3
6875000.0
1.0625E7
562 5 2
6875000.0
8750000.0
562 5 2
7500000.0
8125000.0
562 5 3
6875000.0
9375000.0
562 5 3
6875000.0
8750000.0
562 5 3
6875000.0
7812500.0
562 5 3
6875000.0
8750000.0
562 5 3
7500000.0
8125000.0
562 5 2
7500000.0
8750000.0
562 5 3
6875000.0
8125000.0
562 5 3
7500000.0
8125000.0
562 5 2
7500000.0
8125000.0
562 5 3
6875000.0
7500000.0
562 5 3
6875000.0
8750000.0
562 5 3
7500000.0
8125000.0
562 5 3
8125000.0
8125000.0
562 5 3
6562500.0
7500000.0
562 5 3
6875000.0
6875000.0
562 5 3
8125000.0
6875000.0
562 5 3
8125000.0
7500000.0
562 5 3
8750000.0
7500000.0
562 5 3
7500000.0
6875000.0
562 5 3
7187500.0
6875000.0
1000 5 3
1.875E7
2.625E7
1000 5 3
1.75E7
2.625E7
1000 5 3
1.625E7
2.25E7
1000 5 3
1.625E7
2.25E7
1000 5 3
1.625E7
3.25E7
1000 5 3
1.625E7
8.0E7
1000 5 3
1.625E7
2.5E7
1000 5 3
1.75E7
7.0E7
1000 5 3
1.625E7
5.25E7
1000 5 3
1.625E7
5.0E7
1000 5 3
1.75E7
6.5E7
1000 5 3
1.5E7
5.0E7
1000 5 3
1.5E7
2.625E7
1000 5 4
1.5E7
2.5E7
1000 5 3
1.5E7
1.875E7
1000 5 3
1.625E7
3.875E7
1000 5 3
1.5E7
2.375E7
1000 5 3
1.5E7
2.25E7
1000 5 3
1.5E7
2.125E7
1000 5 3
1.625E7
2.125E7
1000 5 3
1.625E7
2.25E7
1000 5 3
1.75E7
2.125E7
1000 5 3
1.625E7
2.125E7
1000 5 3
1.75E7
2.125E7
1000 5 3
1.625E7
2.125E7
1000 5 3
1.625E7
2.125E7
1000 5 3
1.75E7
2.0E7
1000 5 3
1.75E7
2.125E7
1000 5 3
3.0E7
2.0E7
1000 5 3
2.0E7
2.0E7
1000 5 3
1.875E7
1.875E7
1000 5 3
2.0E7
2.125E7
1778 5 4
3.75E7
6.0E7
1778 5 3
3.75E7
5.5E7
1778 5 4
3.75E7
6.0E7
1778 5 3
3.5E7
6.5E7
1778 5 3
3.5E7
5.5E7
1778 5 3
3.5E7
6.0E7
1778 5 3
3.5E7
7.0E7
1778 5 4
3.75E7
8.0E7
1778 5 3
4.0E7
1.3E8
1778 5 4
3.75E7
1.1E8
1778 5 3
3.75E7
5.5E7
1778 5 3
3.75E7
6.5E7
1778 5 3
3.5E7
7.5E7
1778 5 3
3.5E7
1.1E8
1778 5 3
3.75E7
1.2E8
1778 5 3
3.5E7
6.0E7
1778 5 3
4.75E7
1.4E8
1778 5 3
3.75E7
1.15E8
1778 5 3
3.5E7
6.0E7
1778 5 3
5.5E7
1.1E8
1778 5 3
3.75E7
6.5E7
1778 5 3
3.5E7
8.0E7
1778 5 3
3.75E7
7.0E7
1778 5 3
4.0E7
6.0E7
1778 5 4
3.75E7
5.5E7
1778 5 3
3.75E7
6.0E7
1778 5 3
3.75E7
6.0E7
1778 5 3
4.0E7
6.0E7
1778 5 4
6.5E7
6.0E7
1778 5 3
4.25E7
5.5E7
1778 5 3
4.5E7
6.0E7
3162 5 4
1.1E8
1.9E8
1778 5 3
3.75E7
6.0E7
3162 5 4
8.5E7
2.1E8
3162 5 4
8.5E7
2.0E8
3162 5 4
9.0E7
1.9E8
3162 5 4
8.5E7
2.2E8
3162 5 4
8.0E7
2.2E8
3162 5 4
9.0E7
2.2E8
3162 5 4
9.0E7
2.0E8
3162 5 4
8.0E7
2.1E8
3162 5 4
9.0E7
2.0E8
3162 5 4
8.5E7
2.3E8
3162 5 4
9.0E7
2.2E8
3162 5 4
8.0E7
2.4E8
3162 5 4
9.0E7
2.4E8
3162 5 4
8.5E7
2.1E8
3162 5 4
8.0E7
3.1E8
3162 5 4
9.0E7
2.1E8
3162 5 3
9.0E7
2.2E8
3162 5 3
9.0E7
3.2E8
3162 5 4
9.0E7
3.1E8
3162 5 4
9.0E7
2.5E8
3162 5 4
8.5E7
2.4E8
3162 5 3
8.5E7
3.5E8
3162 5 4
9.0E7
3.2E8
3162 5 4
8.5E7
2.1E8
3162 5 4
8.5E7
2.3E8
3162 5 4
8.5E7
2.5E8
3162 5 4
1.0E8
2.3E8
3162 5 3
1.05E8
2.5E8
3162 5 3
9.0E7
2.3E8
3162 5 4
9.5E7
2.1E8
3162 5 4
1.05E8
2.5E8
5623 5 4
1.9E8
7.3E8
5623 5 4
1.9E8
7.3E8
5623 5 4
2.0E8
7.6E8
5623 5 4
1.9E8
7.5E8
5623 5 4
2.1E8
7.2E8
5623 5 4
2.0E8
7.5E8
5623 5 5
2.0E8
7.6E8
5623 5 4
1.9E8
7.7E8
5623 5 4
2.1E8
7.5E8
5623 5 4
1.9E8
8.4E8
5623 5 4
2.0E8
8.4E8
5623 5 5
2.0E8
8.2E8
5623 5 4
1.9E8
8.1E8
5623 5 4
1.9E8
7.7E8
5623 5 4
1.9E8
8.2E8
5623 5 4
2.1E8
7.5E8
5623 5 4
1.9E8
8.1E8
5623 5 4
2.1E8
7.4E8
5623 5 4
2.0E8
8.6E8
5623 5 4
2.2E8
8.3E8
5623 5 4
1.9E8
7.4E8
5623 5 4
2.0E8
7.6E8
5623 5 4
2.8E8
7.3E8
5623 5 4
2.1E8
1.02E9
5623 5 4
1.8E8
7.9E8
5623 5 4
2.0E8
9.9E8
5623 5 4
2.0E8
7.5E8
5623 5 4
2.0E8
9.5E8
5623 5 4
1.9E8
9.9E8
5623 5 4
2.0E8
1.0E9
5623 5 4
1.9E8
9.7E8
5623 5 4
2.9E8
8.3E8
10000 5 5
4.1E8
2.4E9
10000 5 4
4.2E8
2.35E9
10000 5 4
4.3E8
2.48E9
10000 5 5
4.2E8
2.45E9
10000 5 5
4.4E8
2.54E9
10000 5 4
4.5E8
2.73E9
10000 5 4
4.0E8
2.46E9
10000 5 4
4.2E8
2.38E9
10000 5 5
4.2E8
2.39E9
10000 5 5
4.1E8
2.37E9
10000 5 5
4.3E8
2.41E9
10000 5 4
4.2E8
2.85E9
10000 5 4
4.1E8
2.44E9
10000 5 5
4.3E8
2.46E9
10000 5 4
4.4E8
2.71E9
10000 5 4
4.3E8
2.48E9
10000 5 5
4.3E8
2.51E9
10000 5 5
4.3E8
2.51E9
10000 5 5
4.1E8
2.72E9
10000 5 4
4.4E8
2.66E9
10000 5 5
4.7E8
2.52E9
10000 5 4
4.5E8
2.66E9
10000 5 5
4.1E8
2.59E9
10000 5 4
3.6E8
2.91E9
10000 5 4
4.4E8
3.19E9
10000 5 5
5.5E8
2.83E9
10000 5 5
5.2E8
2.99E9
10000 5 4
5.3E8
3.14E9
10000 5 4
5.1E8
3.21E9
10000 5 4
5.2E8
3.15E9
10000 5 5
5.2E8
3.21E9
10000 5 5
5.5E8
3.14E9
17782 5 5
9.8E8
7.74E9
17782 5 5
9.3E8
8.18E9
17782 5 5
9.4E8
8.37E9
17782 5 5
1.02E9
8.57E9
17782 5 5
9.1E8
9.25E9
17782 5 5
9.5E8
8.78E9
17782 5 5
1.02E9
9.58E9
17782 5 5
9.6E8
9.73E9
17782 5 5
9.7E8
9.5E9
17782 5 5
1.02E9
9.69E9
17782 5 5
9.2E8
9.75E9
17782 5 5
1.03E9
9.58E9
17782 5 5
9.9E8
9.86E9
17782 5 5
9.8E8
9.54E9
17782 5 5
9.5E8
9.82E9
17782 5 5
9.8E8
1.002E10
17782 5 5
9.5E8
9.89E9
17782 5 5
1.01E9
1.041E10
17782 5 5
1.09E9
9.67E9
17782 5 5
1.05E9
1.0E10
17782 5 5
9.9E8
1.066E10
17782 5 5
1.0E9
1.083E10
17782 5 5
1.07E9
1.058E10
17782 5 5
9.7E8
1.068E10
17782 5 5
1.0E9
1.039E10
17782 5 5
9.8E8
1.03E10
17782 5 5
1.08E9
1.014E10
17782 5 5
9.9E8
1.087E10
17782 5 5
1.07E9
1.043E10
17782 5 5
1.02E9
1.074E10
17782 5 5
9.8E8
1.115E10
17782 5 5
1.03E9
1.067E10
31622 5 5
2.36E9
2.915E10
31622 5 6
2.24E9
2.71E10
31622 5 6
2.11E9
2.807E10
31622 5 6
2.31E9
2.858E10
31622 5 6
2.34E9
3.013E10
31622 5 5
2.36E9
2.79E10
31622 5 5
2.02E9
2.869E10
31622 5 6
2.16E9
3.075E10
31622 5 6
2.15E9
3.181E10
31622 5 6
2.44E9
2.956E10
31622 5 6
2.31E9
3.138E10
31622 5 5
2.21E9
2.969E10
31622 5 6
2.26E9
2.984E10
31622 5 6
2.31E9
3.289E10
31622 5 5
2.47E9
3.215E10
31622 5 5
2.23E9
3.277E10
31622 5 5
2.22E9
3.319E10
31622 5 5
2.25E9
3.415E10
31622 5 6
2.11E9
3.348E10
31622 5 6
2.35E9
3.596E10
31622 5 6
2.24E9
3.305E10
31622 5 5
2.33E9
3.585E10
31622 5 6
2.45E9
3.295E10
31622 5 5
2.25E9
3.408E10
31622 5 5
2.13E9
3.575E10
31622 5 6
2.28E9
3.294E10
31622 5 5
2.36E9
3.551E10
31622 5 6
2.32E9
3.57E10
31622 5 6
2.3E9
3.572E10
31622 5 5
2.17E9
3.633E10
31622 5 5
2.34E9
3.876E10
31622 5 5
2.56E9
3.77E10
56234 5 6
4.74E9
8.983E10
56234 5 6
4.61E9
9.784E10
56234 5 6
4.79E9
1.0525E11
56234 5 6
4.92E9
1.0699E11
56234 5 6
5.14E9
1.0786E11
56234 5 6
5.12E9
1.1048E11
56234 5 6
4.81E9
1.1074E11
56234 5 6
4.59E9
1.1036E11
56234 5 6
4.98E9
1.1445E11
56234 5 6
4.65E9
1.074E11
56234 5 6
5.52E9
1.0837E11
56234 5 6
5.08E9
1.1262E11
56234 5 6
5.75E9
1.1246E11
56234 5 6
4.82E9
1.1851E11
56234 5 6
4.78E9
1.1341E11
56234 5 6
4.98E9
1.1517E11
56234 5 6
5.26E9
1.1173E11
56234 5 6
5.13E9
1.1635E11
56234 5 6
5.29E9
1.1795E11
56234 5 6
5.42E9
1.1781E11
56234 5 6
4.7E9
1.1525E11
56234 5 6
5.08E9
1.2043E11
56234 5 6
4.91E9
1.195E11
56234 5 6
5.1E9
1.2376E11
56234 5 6
5.43E9
1.209E11
56234 5 6
5.13E9
1.2922E11
56234 5 6
5.24E9
1.2539E11
56234 5 6
5.35E9
1.2915E11
56234 5 6
5.57E9
1.3041E11
56234 5 6
7.33E9
1.311E11
56234 5 6
5.07E9
1.4021E11
56234 5 6
5.69E9
1.488E11
100000 5 7
1.016E10
3.2376E11
100000 5 7
9.65E9
3.2443E11
100000 5 6
9.52E9
3.1938E11
100000 5 7
1.04E10
3.054E11
100000 5 7
1.029E10
3.2308E11
100000 5 6
1.36E10
3.1916E11
100000 5 6
9.51E9
3.6445E11
100000 5 6
1.07E10
3.5043E11
100000 5 6
1.606E10
3.2654E11
100000 5 7
1.101E10
3.3624E11
100000 5 7
1.014E10
3.6728E11
100000 5 6
1.046E10
3.5528E11
100000 5 7
1.148E10
3.6473E11
100000 5 7
1.092E10
3.6076E11
100000 5 7
1.144E10
3.7123E11
100000 5 7
1.044E10
3.6076E11
100000 5 7
1.152E10
3.7969E11
100000 5 7
1.088E10
3.7082E11
100000 5 7
1.019E10
3.7573E11
100000 5 7
1.074E10
3.7119E11
100000 5 7
1.158E10
3.5669E11
100000 5 7
1.085E10
3.6596E11
100000 5 7
1.114E10
3.7049E11
100000 5 7
1.027E10
3.7354E11
100000 5 6
1.075E10
3.8154E11
100000 5 7
1.145E10
3.7099E11
100000 5 7
9.84E9
3.6504E11
100000 5 7
1.256E10
3.7353E11
100000 5 7
1.271E10
3.7269E11
100000 5 7
1.171E10
3.8442E11
100000 5 7
1.072E10
3.883E11
100000 5 7
1.242E10
3.7241E11
