100 5 2
468750.0
429687.5
100 5 2
507812.5
429687.5
100 5 2
468750.0
429687.5
100 5 2
468750.0
429687.5
100 5 2
429687.5
429687.5
100 5 2
468750.0
332031.25
100 5 2
507812.5
351562.5
100 5 2
507812.5
351562.5
100 5 2
507812.5
371093.75
100 5 2
468750.0
371093.75
100 5 2
507812.5
351562.5
100 5 2
468750.0
312500.0
100 5 2
507812.5
351562.5
100 5 2
507812.5
351562.5
100 5 2
507812.5
351562.5
100 5 2
468750.0
390625.0
100 5 2
507812.5
371093.75
100 5 2
507812.5
371093.75
100 5 2
507812.5
371093.75
100 5 2
468750.0
371093.75
100 5 2
468750.0
351562.5
100 5 2
507812.5
332031.25
100 5 2
468750.0
390625.0
100 5 2
507812.5
371093.75
100 5 2
507812.5
351562.5
100 5 2
468750.0
371093.75
100 5 2
507812.5
332031.25
100 5 2
507812.5
410156.25
100 5 2
507812.5
351562.5
100 5 2
468750.0
390625.0
100 5 2
468750.0
371093.75
100 5 2
507812.5
371093.75
177 5 2
1171875.0
859375.0
177 5 2
1171875.0
937500.0
177 5 2
1171875.0
937500.0
177 5 2
1250000.0
937500.0
177 5 2
1171875.0
1015625.0
177 5 2
1171875.0
1015625.0
177 5 2
1171875.0
937500.0
177 5 2
1250000.0
1015625.0
177 5 3
1250000.0
937500.0
177 5 2
1093750.0
1015625.0
177 5 2
1171875.0
937500.0
177 5 2
1171875.0
937500.0
177 5 2
1093750.0
1015625.0
177 5 2
1171875.0
937500.0
177 5 2
1171875.0
1015625.0
177 5 2
1171875.0
1093750.0
177 5 2
1093750.0
1015625.0
177 5 2
1250000.0
1015625.0
177 5 2
1250000.0
1093750.0
177 5 2
1250000.0
937500.0
177 5 2
1250000.0
1015625.0
177 5 2
1171875.0
1093750.0
177 5 2
1171875.0
1015625.0
177 5 2
1250000.0
1015625.0
177 5 2
1250000.0
1093750.0
177 5 2
1171875.0
937500.0
177 5 2
1093750.0
937500.0
177 5 2
1250000.0
937500.0
177 5 2
1250000.0
937500.0
177 5 2
1171875.0
1015625.0
177 5 2
1250000.0
859375.0
177 5 2
1171875.0
859375.0
316 5 2
2812500.0
2656250.0
316 5 2
2812500.0
3437500.0
316 5 2
2812500.0
3437500.0
316 5 2
2968750.0
3750000.0
316 5 2
2812500.0
2656250.0
316 5 2
2656250.0
3125000.0
316 5 3
2968750.0
3437500.0
316 5 2
2968750.0
3437500.0
316 5 2
2968750.0
2812500.0
316 5 2
2812500.0
3437500.0
316 5 2
2812500.0
3281250.0
316 5 2
2968750.0
3437500.0
316 5 3
2968750.0
3437500.0
316 5 2
2812500.0
3437500.0
316 5 3
3125000.0
3437500.0
316 5 2
2968750.0
2656250.0
316 5 2
2812500.0
2812500.0
316 5 2
2812500.0
2812500.0
316 5 2
2968750.0
2656250.0
316 5 2
2968750.0
2812500.0
316 5 2
2656250.0
2656250.0
316 5 2
2812500.0
2500000.0
316 5 2
2968750.0
2656250.0
316 5 2
2812500.0
2500000.0
316 5 2
2968750.0
2500000.0
316 5 2
3125000.0
2656250.0
316 5 3
3125000.0
2656250.0
316 5 2
2968750.0
2812500.0
316 5 3
2968750.0
2500000.0
316 5 2
3281250.0
2656250.0
316 5 3
2812500.0
2656250.0
316 5 3
3125000.0
2656250.0
562 5 3
6875000.0
6875000.0
562 5 3
6875000.0
6875000.0
562 5 3
6875000.0
6875000.0
562 5 3
7500000.0
7500000.0
562 5 3
6875000.0
7500000.0
562 5 3
7500000.0
8125000.0
562 5 3
6875000.0
6875000.0
562 5 2
6875000.0
7500000.0
562 5 3
6875000.0
6875000.0
562 5 3
6875000.0
1.0E7
562 5 2
6875000.0
7500000.0
562 5 3
6875000.0
9375000.0
562 5 2
6875000.0
9375000.0
562 5 3
6875000.0
8125000.0
562 5 2
6875000.0
7500000.0
562 5 3
6875000.0
8125000.0
562 5 3
6875000.0
7500000.0
562 5 2
6875000.0
7500000.0
562 5 3
7500000.0
6875000.0
562 5 3
7500000.0
6875000.0
562 5 3
7500000.0
7500000.0
562 5 3
6875000.0
6875000.0
562 5 3
7500000.0
7500000.0
562 5 3
6875000.0
6875000.0
562 5 2
6875000.0
7500000.0
562 5 3
7500000.0
7500000.0
562 5 3
6875000.0
6875000.0
562 5 3
6875000.0
6875000.0
562 5 3
6875000.0
6562500.0
562 5 3
7500000.0
7500000.0
562 5 3
7500000.0
7812500.0
562 5 2
7500000.0
7812500.0
1000 5 3
1.375E7
2.125E7
1000 5 3
1.75E7
2.125E7
1000 5 3
1.625E7
2.0E7
1000 5 3
1.625E7
2.375E7
1000 5 3
1.625E7
2.375E7
1000 5 3
1.625E7
2.5E7
1000 5 3
1.75E7
2.75E7
1000 5 3
1.5E7
2.125E7
1000 5 3
1.625E7
2.5E7
1000 5 3
1.625E7
2.25E7
1000 5 3
1.75E7
2.5E7
1000 5 3
1.625E7
2.25E7
1000 5 3
1.625E7
2.125E7
1000 5 3
1.75E7
2.375E7
1000 5 3
1.625E7
2.125E7
1000 5 3
1.625E7
2.125E7
1000 5 3
1.625E7
2.0E7
1000 5 3
1.625E7
2.0E7
1000 5 3
1.625E7
2.0E7
1000 5 3
2.0E7
2.0E7
1000 5 3
1.625E7
2.0E7
1000 5 3
1.625E7
2.625E7
1000 5 3
1.75E7
2.125E7
1000 5 3
1.75E7
2.25E7
1000 5 3
1.875E7
2.25E7
1000 5 3
1.75E7
2.375E7
1000 5 3
1.75E7
2.5E7
1000 5 4
1.875E7
2.625E7
1000 5 3
1.875E7
2.375E7
1778 5 3
4.0E7
8.0E7
1000 5 3
1.75E7
2.625E7
1778 5 3
4.0E7
5.5E7
1000 5 3
1.875E7
2.375E7
1000 5 3
1.75E7
2.125E7
1778 5 3
3.75E7
5.5E7
1778 5 3
3.75E7
6.5E7
1778 5 3
3.75E7
6.5E7
1778 5 3
4.0E7
6.0E7
1778 5 3
3.5E7
5.5E7
1778 5 3
4.25E7
6.0E7
1778 5 3
4.25E7
5.5E7
1778 5 3
4.0E7
7.5E7
1778 5 3
3.75E7
8.0E7
1778 5 4
4.0E7
7.0E7
1778 5 3
3.5E7
6.5E7
1778 5 3
3.5E7
5.5E7
1778 5 3
4.0E7
7.5E7
1778 5 4
3.75E7
7.0E7
1778 5 3
4.0E7
6.0E7
1778 5 3
3.75E7
5.5E7
1778 5 3
3.75E7
5.5E7
1778 5 3
4.0E7
5.5E7
1778 5 3
3.75E7
6.0E7
1778 5 4
4.0E7
5.5E7
1778 5 3
4.0E7
6.0E7
1778 5 3
3.5E7
6.5E7
1778 5 3
4.25E7
6.5E7
1778 5 3
4.25E7
6.0E7
3162 5 4
1.1E8
2.1E8
1778 5 3
3.5E7
6.0E7
1778 5 3
3.5E7
6.0E7
1778 5 4
4.0E7
7.0E7
1778 5 3
3.5E7
7.0E7
1778 5 3
3.75E7
7.0E7
1778 5 3
3.75E7
6.25E7
3162 5 4
8.0E7
2.3E8
3162 5 4
8.0E7
2.3E8
3162 5 4
8.0E7
2.2E8
3162 5 4
8.5E7
2.3E8
3162 5 4
9.0E7
2.1E8
3162 5 4
8.5E7
2.3E8
3162 5 4
8.0E7
2.5E8
3162 5 4
8.5E7
2.3E8
3162 5 4
9.5E7
2.3E8
3162 5 3
8.5E7
2.1E8
3162 5 4
8.0E7
2.2E8
3162 5 4
8.5E7
2.0E8
3162 5 4
9.0E7
2.2E8
3162 5 4
8.5E7
2.8E8
3162 5 4
8.5E7
2.1E8
3162 5 3
8.5E7
2.6E8
3162 5 4
9.0E7
2.6E8
3162 5 4
8.5E7
2.4E8
3162 5 4
8.5E7
2.3E8
3162 5 4
9.5E7
2.2E8
3162 5 3
8.5E7
1.9E8
3162 5 4
9.0E7
2.5E8
3162 5 4
8.5E7
2.5E8
3162 5 3
9.0E7
2.2E8
3162 5 4
9.0E7
2.6E8
3162 5 4
8.5E7
2.0E8
3162 5 3
1.15E8
2.2E8
3162 5 4
9.5E7
2.6E8
3162 5 4
9.0E7
2.2E8
3162 5 3
1.0E8
2.5E8
3162 5 3
1.0E8
2.6E8
5623 5 4
1.9E8
6.4E8
5623 5 4
1.9E8
7.8E8
5623 5 4
1.8E8
6.6E8
5623 5 4
2.3E8
7.3E8
5623 5 4
1.9E8
6.7E8
5623 5 4
2.3E8
8.2E8
5623 5 4
2.3E8
8.1E8
5623 5 4
2.2E8
8.1E8
5623 5 4
1.9E8
8.3E8
5623 5 4
1.9E8
7.1E8
5623 5 4
1.9E8
8.4E8
5623 5 4
2.2E8
8.4E8
5623 5 4
2.0E8
8.0E8
5623 5 4
2.0E8
6.8E8
5623 5 4
2.1E8
8.3E8
5623 5 4
2.0E8
8.1E8
5623 5 4
2.2E8
7.5E8
5623 5 4
2.1E8
8.8E8
5623 5 4
2.1E8
6.6E8
5623 5 4
2.0E8
8.7E8
5623 5 4
1.9E8
9.2E8
5623 5 4
2.0E8
8.2E8
5623 5 4
1.9E8
7.9E8
5623 5 4
2.2E8
8.3E8
5623 5 4
2.0E8
9.0E8
5623 5 4
2.3E8
8.3E8
5623 5 4
2.1E8
8.6E8
5623 5 4
2.2E8
8.6E8
5623 5 4
2.3E8
7.8E8
5623 5 4
2.3E8
7.6E8
5623 5 4
2.8E8
7.5E8
5623 5 4
2.2E8
8.0E8
10000 5 4
4.3E8
2.13E9
10000 5 4
4.0E8
2.47E9
10000 5 4
4.0E8
2.18E9
10000 5 4
3.9E8
2.11E9
10000 5 5
4.1E8
2.55E9
10000 5 4
4.0E8
2.53E9
10000 5 4
3.9E8
2.46E9
10000 5 4
3.9E8
2.2E9
10000 5 5
4.5E8
2.62E9
10000 5 4
4.0E8
2.25E9
10000 5 5
4.3E8
2.59E9
10000 5 4
4.1E8
2.21E9
10000 5 5
4.1E8
2.66E9
10000 5 5
4.9E8
2.42E9
10000 5 4
4.5E8
2.46E9
10000 5 4
4.7E8
2.11E9
10000 5 4
4.2E8
2.63E9
10000 5 5
4.0E8
2.29E9
10000 5 4
4.2E8
2.55E9
10000 5 4
4.5E8
2.66E9
10000 5 4
5.0E8
2.53E9
10000 5 4
4.2E8
2.68E9
10000 5 4
4.0E8
2.57E9
10000 5 4
5.1E8
2.36E9
10000 5 5
4.4E8
2.63E9
10000 5 5
4.3E8
2.71E9
10000 5 5
4.3E8
2.63E9
10000 5 4
4.3E8
2.58E9
10000 5 4
4.0E8
2.61E9
10000 5 4
4.3E8
2.51E9
10000 5 4
4.7E8
2.59E9
10000 5 4
5.1E8
2.56E9
17782 5 5
9.0E8
7.14E9
17782 5 5
8.3E8
7.85E9
17782 5 5
7.7E8
8.12E9
17782 5 5
9.0E8
8.35E9
17782 5 5
8.9E8
8.69E9
17782 5 5
9.1E8
8.28E9
17782 5 5
7.7E8
8.81E9
17782 5 5
9.4E8
8.67E9
17782 5 5
9.2E8
8.58E9
17782 5 5
1.06E9
8.18E9
17782 5 5
9.4E8
8.32E9
17782 5 5
9.2E8
9.05E9
17782 5 5
9.0E8
8.78E9
17782 5 5
9.5E8
8.64E9
17782 5 5
9.5E8
8.76E9
17782 5 5
9.8E8
8.53E9
17782 5 5
9.5E8
8.69E9
17782 5 5
9.3E8
8.84E9
17782 5 5
9.1E8
9.25E9
17782 5 5
1.0E9
9.22E9
17782 5 5
9.4E8
8.79E9
17782 5 5
9.1E8
9.21E9
17782 5 5
9.3E8
9.13E9
17782 5 5
1.07E9
8.92E9
17782 5 5
1.0E9
9.02E9
17782 5 5
9.3E8
8.99E9
17782 5 5
1.0E9
9.08E9
17782 5 5
9.7E8
9.3E9
17782 5 5
9.9E8
9.38E9
17782 5 5
1.0E9
9.94E9
17782 5 5
1.01E9
1.029E10
17782 5 5
9.8E8
1.022E10
31622 5 5
1.98E9
2.572E10
31622 5 5
2.31E9
2.663E10
31622 5 5
2.11E9
2.892E10
31622 5 6
2.15E9
2.727E10
31622 5 5
2.02E9
2.742E10
31622 5 6
2.06E9
2.85E10
31622 5 6
2.19E9
2.901E10
31622 5 6
2.19E9
2.968E10
31622 5 5
1.99E9
3.023E10
31622 5 5
1.99E9
2.939E10
31622 5 5
2.1E9
3.072E10
31622 5 6
1.98E9
3.051E10
31622 5 6
2.23E9
3.049E10
31622 5 6
2.25E9
3.099E10
31622 5 5
2.17E9
3.052E10
31622 5 5
2.34E9
2.868E10
31622 5 6
2.08E9
3.045E10
31622 5 5
2.28E9
3.169E10
31622 5 5
2.15E9
3.074E10
31622 5 5
2.23E9
3.142E10
31622 5 6
2.18E9
3.144E10
31622 5 5
1.93E9
3.171E10
31622 5 6
2.17E9
3.148E10
31622 5 5
2.08E9
3.174E10
31622 5 6
2.11E9
3.031E10
31622 5 5
2.13E9
3.193E10
31622 5 6
2.02E9
3.261E10
31622 5 5
2.12E9
3.307E10
31622 5 5
2.05E9
3.373E10
31622 5 5
2.07E9
3.37E10
31622 5 5
2.19E9
3.264E10
31622 5 6
2.44E9
3.28E10
56234 5 6
4.57E9
8.902E10
56234 5 6
4.77E9
8.515E10
56234 5 6
4.71E9
8.805E10
56234 5 6
4.6E9
1.0108E11
56234 5 6
4.58E9
9.918E10
56234 5 6
4.7E9
9.872E10
56234 5 6
4.61E9
9.791E10
56234 5 6
4.67E9
1.0363E11
56234 5 6
4.31E9
1.0358E11
56234 5 6
4.91E9
1.014E11
56234 5 6
4.63E9
1.0393E11
56234 5 6
4.69E9
1.0436E11
56234 5 6
4.63E9
1.0753E11
56234 5 6
4.98E9
1.0006E11
56234 5 6
4.68E9
1.0565E11
56234 5 6
4.66E9
1.0985E11
56234 5 6
4.77E9
1.0884E11
56234 5 6
4.68E9
1.1082E11
56234 5 6
4.7E9
1.0846E11
56234 5 6
4.69E9
1.161E11
56234 5 6
5.01E9
1.1374E11
56234 5 6
4.56E9
1.1479E11
56234 5 6
5.14E9
1.1459E11
56234 5 6
4.46E9
1.1836E11
56234 5 6
5.48E9
1.1286E11
56234 5 6
5.01E9
1.1815E11
56234 5 6
5.12E9
1.1789E11
56234 5 6
4.74E9
1.2024E11
56234 5 6
4.83E9
1.2096E11
56234 5 6
4.89E9
1.2091E11
56234 5 6
4.98E9
1.2589E11
56234 5 6
5.05E9
1.2861E11
100000 5 6
1.0E10
3.129E11
100000 5 7
1.071E10
3.1545E11
100000 5 6
1.166E10
3.2002E11
100000 5 7
1.038E10
3.2708E11
100000 5 6
9.92E9
3.3041E11
100000 5 6
1.038E10
3.31E11
100000 5 6
1.005E10
3.4929E11
100000 5 6
9.99E9
3.5185E11
100000 5 7
1.122E10
3.5515E11
100000 5 7
1.039E10
3.394E11
100000 5 6
1.078E10
3.4142E11
100000 5 6
9.65E9
3.5275E11
100000 5 7
1.023E10
3.2799E11
100000 5 7
1.013E10
3.446E11
100000 5 6
1.055E10
3.4812E11
100000 5 7
9.9E9
3.594E11
100000 5 7
9.91E9
3.63E11
100000 5 7
1.109E10
3.5929E11
100000 5 7
1.051E10
3.457E11
100000 5 7
9.54E9
3.5364E11
100000 5 7
9.48E9
3.629E11
100000 5 6
9.36E9
3.4343E11
100000 5 6
1.222E10
3.5091E11
100000 5 6
1.13E10
3.4855E11
100000 5 7
1.063E10
3.6106E11
100000 5 6
9.81E9
3.6269E11
100000 5 7
1.072E10
3.5749E11
100000 5 7
1.056E10
3.6152E11
100000 5 7
1.222E10
3.5725E11
100000 5 7
1.276E10
3.5845E11
100000 5 7
9.79E9
3.6832E11
100000 5 7
9.7E9
3.5866E11
