100 6 2
546875.0
429687.5
100 6 2
507812.5
429687.5
100 6 1
546875.0
429687.5
100 6 1
546875.0
507812.5
100 6 1
507812.5
468750.0
100 6 2
546875.0
429687.5
100 6 2
585937.5
429687.5
100 6 1
507812.5
507812.5
100 6 1
585937.5
429687.5
100 6 2
546875.0
429687.5
100 6 2
507812.5
429687.5
100 6 1
585937.5
429687.5
100 6 1
546875.0
507812.5
100 6 2
546875.0
429687.5
100 6 2
507812.5
429687.5
100 6 2
546875.0
468750.0
100 6 2
546875.0
429687.5
100 6 1
585937.5
429687.5
100 6 2
546875.0
507812.5
100 6 2
546875.0
429687.5
100 6 1
585937.5
468750.0
100 6 2
546875.0
468750.0
100 6 2
546875.0
468750.0
100 6 1
507812.5
429687.5
100 6 2
585937.5
429687.5
100 6 2
546875.0
468750.0
100 6 2
585937.5
429687.5
100 6 1
546875.0
410156.25
100 6 2
507812.5
410156.25
100 6 2
546875.0
390625.0
100 6 1
546875.0
390625.0
100 6 1
585937.5
410156.25
177 6 2
1328125.0
2031250.0
177 6 2
1406250.0
2031250.0
177 6 2
1406250.0
2187500.0
177 6 2
1406250.0
2343750.0
177 6 2
1406250.0
1875000.0
177 6 2
1328125.0
2187500.0
177 6 2
1406250.0
1328125.0
177 6 1
1328125.0
1328125.0
177 6 2
1328125.0
1171875.0
177 6 1
1406250.0
1093750.0
177 6 2
1406250.0
1093750.0
177 6 2
1171875.0
1171875.0
177 6 2
1328125.0
1171875.0
177 6 1
1484375.0
1093750.0
177 6 2
1484375.0
1171875.0
177 6 2
1328125.0
1093750.0
177 6 2
1484375.0
1093750.0
177 6 2
1406250.0
1250000.0
177 6 2
1328125.0
1093750.0
177 6 2
1328125.0
1406250.0
177 6 2
1406250.0
1171875.0
177 6 2
1328125.0
1171875.0
177 6 2
1406250.0
1015625.0
177 6 1
1484375.0
1171875.0
177 6 2
1406250.0
1015625.0
177 6 1
1484375.0
1093750.0
177 6 2
1406250.0
1093750.0
177 6 2
1406250.0
1015625.0
177 6 2
1562500.0
1093750.0
177 6 2
1562500.0
1015625.0
177 6 2
1640625.0
937500.0
177 6 2
1328125.0
1093750.0
316 6 2
3437500.0
3437500.0
316 6 2
3437500.0
3437500.0
316 6 2
3750000.0
5937500.0
316 6 2
3750000.0
3437500.0
316 6 2
3750000.0
3437500.0
316 6 2
3437500.0
3750000.0
316 6 2
3750000.0
3437500.0
316 6 2
3437500.0
3750000.0
316 6 2
3437500.0
5937500.0
316 6 2
3750000.0
5937500.0
316 6 2
3437500.0
3750000.0
316 6 2
3437500.0
3437500.0
316 6 2
3437500.0
5312500.0
316 6 2
3437500.0
3437500.0
316 6 2
3750000.0
4062500.0
316 6 2
3750000.0
3437500.0
316 6 2
3750000.0
3437500.0
316 6 2
3437500.0
3437500.0
316 6 2
3437500.0
2968750.0
316 6 2
4062500.0
3437500.0
316 6 2
3593750.0
3437500.0
316 6 2
3437500.0
3125000.0
316 6 2
3437500.0
3125000.0
316 6 2
3437500.0
3125000.0
316 6 2
3750000.0
3437500.0
316 6 2
4062500.0
3437500.0
316 6 2
3750000.0
2968750.0
316 6 2
4687500.0
3593750.0
316 6 2
3593750.0
3437500.0
316 6 2
3437500.0
4375000.0
316 6 2
3437500.0
3750000.0
316 6 2
3750000.0
5625000.0
562 6 2
1.0625E7
1.625E7
562 6 2
8125000.0
1.75E7
562 6 2
8750000.0
9375000.0
562 6 2
1.0E7
1.5E7
562 6 2
8750000.0
9375000.0
562 6 2
8750000.0
9375000.0
562 6 2
8750000.0
9375000.0
562 6 2
1.0E7
2.5E7
562 6 2
8750000.0
1.375E7
562 6 2
8750000.0
1.3125E7
562 6 2
8750000.0
1.25E7
562 6 2
8750000.0
1.3125E7
562 6 2
8750000.0
1.25E7
562 6 2
1.1875E7
2.75E7
562 6 2
1.0E7
2.625E7
562 6 2
1.0E7
1.3125E7
562 6 2
1.0E7
1.125E7
562 6 2
8750000.0
9375000.0
562 6 2
9375000.0
1.875E7
562 6 2
8750000.0
9375000.0
562 6 2
1.25E7
1.5E7
562 6 2
1.0E7
1.0E7
562 6 2
8750000.0
8750000.0
562 6 2
9375000.0
1.5E7
562 6 2
9375000.0
1.375E7
562 6 2
1.0625E7
9375000.0
562 6 2
8750000.0
1.0625E7
562 6 2
8750000.0
9375000.0
562 6 2
1.125E7
1.0E7
562 6 2
1.5E7
1.125E7
562 6 2
9375000.0
1.0625E7
1000 6 3
3.0E7
4.0E7
562 6 2
9375000.0
1.25E7
1000 6 2
2.5E7
3.5E7
1000 6 2
2.125E7
4.25E7
1000 6 2
2.125E7
2.75E7
1000 6 2
3.0E7
1.3E8
1000 6 2
3.0E7
6.75E7
1000 6 2
2.75E7
1.5E8
1000 6 2
2.25E7
3.75E7
1000 6 2
2.25E7
3.75E7
1000 6 2
2.25E7
3.75E7
1000 6 2
2.75E7
9.5E7
1000 6 2
2.375E7
3.5E7
1000 6 2
2.125E7
3.5E7
1000 6 2
2.25E7
2.625E7
1000 6 2
2.0E7
2.75E7
1000 6 2
2.25E7
2.75E7
1000 6 2
2.25E7
3.5E7
1000 6 2
2.25E7
7.0E7
1000 6 2
2.0E7
2.75E7
1000 6 2
2.375E7
3.0E7
1000 6 2
2.375E7
3.0E7
1000 6 2
2.75E7
3.25E7
1000 6 2
2.875E7
3.25E7
1000 6 2
2.125E7
4.25E7
1000 6 2
2.5E7
4.0E7
1000 6 2
2.375E7
3.0E7
1000 6 2
2.5E7
3.25E7
1000 6 2
3.5E7
3.5E7
1000 6 2
2.125E7
2.5E7
1000 6 2
2.25E7
3.75E7
1778 6 2
5.5E7
1.4E8
1778 6 2
5.5E7
1.5E8
1778 6 2
5.5E7
1.1E8
1778 6 2
6.5E7
1.1E8
1778 6 2
5.5E7
8.0E7
1778 6 2
6.5E7
1.2E8
1000 6 2
2.25E7
3.75E7
1778 6 2
6.0E7
1.1E8
1778 6 2
6.5E7
1.4E8
1778 6 2
5.5E7
1.1E8
1000 6 2
3.0E7
2.75E7
1778 6 2
5.5E7
9.0E7
1778 6 2
5.5E7
8.5E7
1778 6 2
5.5E7
1.1E8
1778 6 2
6.0E7
8.5E7
1778 6 2
5.5E7
9.5E7
1778 6 2
5.0E7
1.4E8
1778 6 2
5.5E7
1.6E8
1778 6 2
5.0E7
9.5E7
1778 6 2
5.5E7
1.7E8
1778 6 2
5.0E7
1.5E8
1778 6 2
5.5E7
1.0E8
1778 6 2
5.5E7
1.15E8
1778 6 3
5.5E7
1.1E8
1778 6 2
5.5E7
8.0E7
1778 6 2
5.5E7
8.0E7
1778 6 2
5.25E7
1.5E8
1778 6 2
5.75E7
7.5E7
1778 6 3
6.5E7
1.8E8
1778 6 2
6.5E7
1.9E8
1778 6 2
5.5E7
1.5E8
1778 6 2
6.0E7
1.5E8
1778 6 2
6.5E7
1.6E8
3162 6 2
1.2E8
2.8E8
1778 6 2
5.25E7
1.05E8
3162 6 3
1.3E8
3.1E8
3162 6 2
1.1E8
2.5E8
3162 6 2
1.4E8
4.3E8
3162 6 2
1.7E8
4.5E8
3162 6 3
1.2E8
2.7E8
3162 6 3
1.4E8
4.1E8
3162 6 3
1.3E8
4.4E8
3162 6 2
1.4E8
4.2E8
3162 6 3
1.3E8
4.1E8
3162 6 2
1.2E8
2.7E8
3162 6 3
1.2E8
2.7E8
3162 6 2
1.2E8
4.0E8
3162 6 2
1.2E8
2.7E8
3162 6 2
1.3E8
6.5E8
3162 6 2
1.4E8
4.1E8
3162 6 3
1.4E8
4.2E8
3162 6 3
1.3E8
4.2E8
3162 6 3
1.8E8
4.4E8
3162 6 2
1.1E8
2.5E8
3162 6 3
1.6E8
4.5E8
3162 6 3
1.2E8
2.8E8
3162 6 3
1.2E8
4.4E8
3162 6 3
1.4E8
7.6E8
3162 6 3
1.4E8
4.8E8
3162 6 3
1.3E8
8.2E8
3162 6 2
2.0E8
7.1E8
3162 6 3
1.5E8
3.9E8
3162 6 3
1.7E8
6.7E8
3162 6 3
1.9E8
6.2E8
3162 6 3
3.2E8
5.1E8
3162 6 3
3.2E8
5.9E8
5623 6 3
3.2E8
8.3E8
5623 6 3
2.9E8
8.1E8
5623 6 3
2.8E8
7.7E8
5623 6 3
3.0E8
8.4E8
5623 6 3
2.8E8
7.7E8
5623 6 3
2.9E8
8.1E8
5623 6 3
3.7E8
8.4E8
5623 6 3
3.0E8
1.16E9
5623 6 3
3.3E8
9.4E8
5623 6 3
3.1E8
1.23E9
5623 6 3
3.0E8
1.22E9
5623 6 3
3.3E8
1.38E9
5623 6 3
3.1E8
1.24E9
5623 6 3
3.3E8
1.32E9
5623 6 3
3.1E8
1.29E9
5623 6 3
3.1E8
1.31E9
5623 6 3
3.1E8
1.26E9
5623 6 3
3.6E8
1.33E9
5623 6 3
3.3E8
1.34E9
5623 6 3
3.3E8
1.22E9
5623 6 3
3.0E8
1.61E9
5623 6 3
3.3E8
1.33E9
5623 6 3
3.3E8
1.73E9
5623 6 3
3.4E8
1.43E9
5623 6 3
3.1E8
1.96E9
5623 6 3
4.2E8
1.47E9
5623 6 3
3.8E8
1.29E9
5623 6 3
4.2E8
1.91E9
5623 6 3
5.0E8
1.95E9
5623 6 3
4.2E8
2.22E9
5623 6 3
4.4E8
1.63E9
5623 6 3
6.5E8
2.04E9
10000 6 3
6.6E8
2.62E9
10000 6 3
6.6E8
2.66E9
10000 6 3
6.2E8
2.49E9
10000 6 3
7.9E8
2.55E9
10000 6 3
6.3E8
2.79E9
10000 6 3
6.3E8
2.6E9
10000 6 3
6.6E8
2.66E9
10000 6 3
7.5E8
3.48E9
10000 6 3
6.5E8
3.02E9
10000 6 3
6.3E8
3.15E9
10000 6 3
6.4E8
2.98E9
10000 6 3
6.8E8
3.17E9
10000 6 3
6.4E8
3.04E9
10000 6 3
6.9E8
3.23E9
10000 6 3
6.1E8
2.42E9
10000 6 3
7.1E8
2.88E9
10000 6 3
6.8E8
3.4E9
10000 6 3
7.1E8
4.05E9
10000 6 3
7.1E8
3.76E9
10000 6 3
6.7E8
3.84E9
10000 6 3
6.9E8
3.74E9
10000 6 3
6.7E8
3.87E9
10000 6 3
6.9E8
3.21E9
10000 6 3
6.9E8
3.75E9
10000 6 3
8.9E8
4.05E9
10000 6 3
6.5E8
4.94E9
10000 6 3
7.4E8
5.22E9
10000 6 3
8.1E8
5.34E9
10000 6 3
9.6E8
4.8E9
10000 6 3
8.5E8
5.06E9
10000 6 3
1.06E9
4.61E9
10000 6 3
1.1E9
5.14E9
17782 6 3
1.38E9
8.94E9
17782 6 3
1.48E9
9.67E9
17782 6 3
1.43E9
1.04E10
17782 6 3
1.37E9
9.54E9
17782 6 3
1.42E9
8.68E9
17782 6 3
1.39E9
1.004E10
17782 6 3
1.38E9
9.38E9
17782 6 3
1.36E9
1.04E10
17782 6 3
1.49E9
9.53E9
17782 6 3
1.47E9
1.006E10
17782 6 3
1.46E9
1.076E10
17782 6 3
1.44E9
1.083E10
17782 6 3
1.44E9
1.041E10
17782 6 3
1.41E9
1.144E10
17782 6 3
1.43E9
1.169E10
17782 6 3
1.67E9
1.099E10
17782 6 3
1.71E9
1.131E10
17782 6 3
1.49E9
1.249E10
17782 6 3
1.7E9
1.161E10
17782 6 3
1.59E9
1.242E10
17782 6 3
1.41E9
1.025E10
17782 6 3
1.6E9
1.216E10
17782 6 3
1.48E9
1.389E10
17782 6 3
1.66E9
1.216E10
17782 6 3
1.56E9
1.263E10
17782 6 3
2.15E9
1.208E10
17782 6 3
2.08E9
1.294E10
17782 6 3
1.86E9
1.305E10
17782 6 3
2.07E9
1.244E10
17782 6 3
2.11E9
1.22E10
17782 6 3
1.82E9
1.432E10
17782 6 3
1.89E9
1.412E10
31622 6 3
3.34E9
3.977E10
31622 6 3
3.39E9
4.331E10
31622 6 3
3.16E9
4.411E10
31622 6 3
3.15E9
4.47E10
31622 6 3
3.18E9
4.477E10
31622 6 3
3.26E9
4.493E10
31622 6 3
3.19E9
4.573E10
31622 6 3
3.49E9
4.778E10
31622 6 3
3.23E9
4.173E10
31622 6 3
3.51E9
4.463E10
31622 6 3
3.33E9
4.871E10
31622 6 3
3.23E9
4.273E10
31622 6 3
3.22E9
5.093E10
31622 6 3
3.42E9
5.079E10
31622 6 3
3.43E9
4.827E10
31622 6 3
3.29E9
4.986E10
31622 6 3
3.18E9
4.912E10
31622 6 3
3.21E9
4.425E10
31622 6 3
3.17E9
5.008E10
31622 6 3
3.32E9
4.884E10
31622 6 3
3.29E9
4.873E10
31622 6 3
3.47E9
4.898E10
31622 6 3
3.18E9
4.859E10
31622 6 3
3.22E9
4.389E10
31622 6 3
3.22E9
4.39E10
31622 6 3
3.3E9
4.736E10
31622 6 3
3.38E9
4.787E10
31622 6 3
3.45E9
4.722E10
31622 6 3
3.18E9
5.241E10
31622 6 3
3.47E9
4.576E10
31622 6 3
3.46E9
5.007E10
31622 6 3
3.22E9
4.746E10
56234 6 3
7.01E9
1.2013E11
56234 6 3
7.13E9
1.2831E11
56234 6 3
7.0E9
1.3596E11
56234 6 3
7.4E9
1.3707E11
56234 6 3
7.1E9
1.5205E11
56234 6 3
7.22E9
1.5611E11
56234 6 3
7.17E9
1.4861E11
56234 6 3
7.62E9
1.5112E11
56234 6 3
6.99E9
1.5228E11
56234 6 3
7.2E9
1.5069E11
56234 6 3
7.08E9
1.5355E11
56234 6 3
7.16E9
1.5156E11
56234 6 3
6.97E9
1.5509E11
56234 6 3
7.06E9
1.5539E11
56234 6 3
7.11E9
1.5793E11
56234 6 3
6.96E9
1.5895E11
56234 6 3
7.04E9
1.6193E11
56234 6 3
7.2E9
1.5885E11
56234 6 3
7.09E9
1.5778E11
56234 6 3
7.78E9
1.5969E11
56234 6 3
7.41E9
1.6552E11
56234 6 3
7.21E9
1.6607E11
56234 6 3
7.05E9
1.6031E11
56234 6 3
7.85E9
1.5985E11
56234 6 3
7.26E9
1.6193E11
56234 6 3
7.05E9
1.5835E11
56234 6 3
7.12E9
1.6105E11
56234 6 3
6.91E9
1.6364E11
56234 6 3
6.88E9
1.6658E11
56234 6 3
7.43E9
1.625E11
56234 6 3
7.12E9
1.6318E11
56234 6 3
7.01E9
1.698E11
100000 6 3
1.558E10
3.7214E11
100000 6 3
1.458E10
3.9087E11
100000 6 3
1.555E10
4.0957E11
100000 6 3
1.623E10
3.7281E11
100000 6 3
1.616E10
3.8397E11
100000 6 3
1.593E10
3.9947E11
100000 6 3
1.609E10
3.9476E11
100000 6 3
1.596E10
4.0437E11
100000 6 3
1.646E10
4.3462E11
100000 6 3
1.554E10
4.1938E11
100000 6 3
1.659E10
4.2919E11
100000 6 3
1.602E10
4.3478E11
100000 6 3
1.738E10
4.6295E11
100000 6 3
1.829E10
4.716E11
100000 6 3
1.55E10
4.8096E11
100000 6 3
1.672E10
4.7891E11
100000 6 3
1.597E10
4.8681E11
100000 6 3
1.793E10
4.8342E11
100000 6 3
1.669E10
4.7828E11
100000 6 3
1.732E10
4.8764E11
100000 6 3
1.643E10
4.939E11
100000 6 3
1.578E10
4.9746E11
100000 6 3
1.695E10
4.9778E11
100000 6 3
1.592E10
4.9086E11
100000 6 3
1.728E10
5.0113E11
100000 6 3
1.602E10
4.9397E11
100000 6 3
1.58E10
4.9721E11
100000 6 3
1.551E10
4.9598E11
100000 6 3
1.63E10
5.0443E11
100000 6 3
1.67E10
5.0687E11
100000 6 3
1.564E10
5.0852E11
100000 6 3
1.574E10
5.0917E11
