100 6 2
507812.5
429687.5
100 6 1
585937.5
429687.5
100 6 1
507812.5
468750.0
100 6 2
546875.0
429687.5
100 6 2
546875.0
429687.5
100 6 2
546875.0
468750.0
100 6 2
507812.5
429687.5
100 6 2
585937.5
429687.5
100 6 2
546875.0
429687.5
100 6 1
546875.0
429687.5
100 6 1
507812.5
429687.5
100 6 1
546875.0
429687.5
100 6 2
546875.0
429687.5
100 6 1
507812.5
429687.5
100 6 2
585937.5
429687.5
100 6 2
507812.5
429687.5
100 6 2
507812.5
429687.5
100 6 2
585937.5
429687.5
100 6 2
546875.0
351562.5
100 6 2
507812.5
371093.75
100 6 2
546875.0
371093.75
100 6 2
546875.0
390625.0
100 6 1
546875.0
390625.0
100 6 2
585937.5
351562.5
100 6 1
546875.0
390625.0
100 6 1
507812.5
371093.75
100 6 1
585937.5
390625.0
100 6 2
507812.5
410156.25
100 6 1
546875.0
390625.0
100 6 1
585937.5
332031.25
100 6 1
585937.5
390625.0
100 6 2
468750.0
390625.0
177 6 2
1328125.0
1015625.0
177 6 2
1328125.0
1015625.0
177 6 2
1406250.0
1015625.0
177 6 2
1406250.0
1171875.0
177 6 2
1484375.0
1015625.0
177 6 2
1718750.0
1093750.0
177 6 2
1406250.0
1015625.0
177 6 2
1328125.0
1015625.0
177 6 2
1406250.0
1093750.0
177 6 1
1406250.0
1171875.0
177 6 2
1406250.0
1015625.0
177 6 2
1328125.0
1015625.0
177 6 2
1328125.0
1093750.0
177 6 2
1406250.0
1093750.0
177 6 2
1406250.0
1171875.0
177 6 2
1406250.0
1093750.0
177 6 2
1328125.0
937500.0
177 6 2
1406250.0
1015625.0
177 6 2
1328125.0
937500.0
177 6 2
1328125.0
1015625.0
177 6 2
1562500.0
1015625.0
177 6 2
1406250.0
1093750.0
177 6 2
1328125.0
1015625.0
177 6 2
1484375.0
1093750.0
177 6 2
1406250.0
937500.0
177 6 2
1484375.0
1093750.0
177 6 2
1406250.0
1015625.0
177 6 2
1406250.0
1015625.0
177 6 2
1406250.0
1015625.0
177 6 2
1484375.0
937500.0
177 6 2
1484375.0
1015625.0
177 6 2
1328125.0
1015625.0
316 6 2
3437500.0
3437500.0
316 6 2
3437500.0
3750000.0
316 6 2
3437500.0
3437500.0
316 6 2
3437500.0
3437500.0
316 6 2
3437500.0
3437500.0
316 6 2
3437500.0
3750000.0
316 6 2
3437500.0
3437500.0
316 6 2
3750000.0
3125000.0
316 6 2
3437500.0
3750000.0
316 6 2
3750000.0
3750000.0
316 6 2
3437500.0
2968750.0
316 6 2
3437500.0
4062500.0
316 6 2
3437500.0
3125000.0
316 6 2
3750000.0
3125000.0
316 6 2
3750000.0
3437500.0
316 6 2
3750000.0
4062500.0
316 6 2
3437500.0
3593750.0
316 6 2
3750000.0
4062500.0
316 6 2
3750000.0
4375000.0
316 6 2
3437500.0
3906250.0
316 6 2
3437500.0
3750000.0
316 6 2
3437500.0
3437500.0
316 6 2
3750000.0
3593750.0
316 6 2
3437500.0
3593750.0
316 6 2
3437500.0
2968750.0
316 6 2
3437500.0
2968750.0
316 6 2
3437500.0
3281250.0
316 6 2
3750000.0
2812500.0
316 6 2
3750000.0
3281250.0
316 6 2
3750000.0
3125000.0
316 6 2
3750000.0
2968750.0
316 6 2
3437500.0
2968750.0
562 6 2
8750000.0
8750000.0
562 6 2
8125000.0
8125000.0
562 6 2
9375000.0
8750000.0
562 6 2
9375000.0
9375000.0
562 6 2
8750000.0
8750000.0
562 6 2
8125000.0
1.0625E7
562 6 2
8125000.0
8750000.0
562 6 2
8750000.0
8750000.0
562 6 2
8750000.0
1.125E7
562 6 2
8125000.0
8750000.0
562 6 2
8750000.0
1.375E7
562 6 2
8750000.0
8750000.0
562 6 2
8750000.0
9375000.0
562 6 2
8750000.0
1.0625E7
562 6 2
8750000.0
8750000.0
562 6 2
8750000.0
1.125E7
562 6 2
8750000.0
1.125E7
562 6 2
8750000.0
1.0625E7
562 6 2
8125000.0
1.1875E7
562 6 2
8125000.0
9375000.0
562 6 2
8750000.0
8750000.0
562 6 2
8750000.0
1.0E7
562 6 2
8750000.0
8750000.0
562 6 2
8750000.0
9375000.0
562 6 2
8750000.0
8750000.0
562 6 2
9375000.0
8125000.0
562 6 2
8750000.0
8125000.0
562 6 2
8750000.0
8125000.0
562 6 2
9375000.0
8125000.0
562 6 2
9375000.0
8750000.0
562 6 2
8750000.0
7500000.0
562 6 2
9375000.0
8125000.0
1000 6 2
2.0E7
2.75E7
1000 6 2
2.125E7
2.75E7
1000 6 2
2.0E7
3.0E7
1000 6 2
2.0E7
3.0E7
1000 6 2
2.125E7
3.0E7
1000 6 2
2.125E7
2.75E7
1000 6 2
2.0E7
3.0E7
1000 6 2
2.125E7
3.0E7
1000 6 2
2.125E7
3.125E7
1000 6 2
2.125E7
2.75E7
1000 6 2
2.0E7
3.75E7
1000 6 2
2.0E7
3.25E7
1000 6 2
2.0E7
4.0E7
1000 6 3
2.125E7
4.25E7
1000 6 2
2.0E7
2.75E7
1000 6 2
2.125E7
3.0E7
1000 6 2
2.0E7
2.5E7
1000 6 2
2.25E7
2.75E7
1000 6 2
2.125E7
2.625E7
1000 6 2
2.0E7
2.5E7
1000 6 2
2.25E7
3.0E7
1000 6 2
2.25E7
2.75E7
1000 6 2
1.875E7
3.125E7
1000 6 3
2.0E7
2.625E7
1000 6 2
2.375E7
3.0E7
1000 6 2
2.0E7
2.625E7
1000 6 2
2.25E7
2.125E7
1000 6 2
2.0E7
2.375E7
1000 6 2
2.0E7
2.625E7
1000 6 2
2.25E7
2.625E7
1000 6 2
2.25E7
2.375E7
1778 6 2
5.5E7
1.1E8
1778 6 3
4.75E7
1.1E8
1778 6 3
5.5E7
7.0E7
1778 6 2
5.5E7
9.0E7
1778 6 2
5.0E7
1.2E8
1000 6 2
2.125E7
2.625E7
1778 6 2
5.5E7
9.0E7
1778 6 2
5.25E7
1.1E8
1778 6 2
5.5E7
1.3E8
1778 6 3
5.5E7
1.0E8
1778 6 3
5.5E7
9.5E7
1778 6 3
5.5E7
1.0E8
1778 6 2
5.0E7
6.5E7
1778 6 2
5.0E7
7.0E7
1778 6 2
5.5E7
7.0E7
1778 6 2
6.0E7
7.0E7
1778 6 2
6.0E7
7.0E7
1778 6 2
4.75E7
6.5E7
1778 6 2
5.5E7
7.5E7
1778 6 3
5.5E7
8.0E7
1778 6 2
4.75E7
7.0E7
1778 6 2
4.75E7
7.0E7
1778 6 2
5.0E7
7.0E7
1778 6 3
4.75E7
7.0E7
1778 6 2
4.75E7
7.5E7
1778 6 2
5.5E7
9.5E7
1778 6 2
5.0E7
7.0E7
3162 6 3
1.1E8
2.1E8
1778 6 2
5.25E7
8.0E7
1778 6 2
4.75E7
7.0E7
1778 6 3
5.0E7
6.5E7
3162 6 3
1.1E8
2.3E8
3162 6 3
1.2E8
3.0E8
3162 6 3
1.2E8
3.1E8
3162 6 3
1.2E8
2.8E8
1778 6 2
4.75E7
7.0E7
1778 6 2
4.75E7
8.5E7
3162 6 3
1.2E8
2.9E8
3162 6 3
1.2E8
3.1E8
1778 6 2
5.0E7
7.5E7
3162 6 3
1.2E8
2.8E8
3162 6 3
1.2E8
3.6E8
3162 6 3
1.2E8
3.1E8
3162 6 3
1.2E8
3.5E8
3162 6 3
1.2E8
3.4E8
3162 6 3
1.4E8
2.7E8
3162 6 3
1.2E8
2.6E8
3162 6 3
1.1E8
2.6E8
3162 6 2
1.4E8
2.6E8
3162 6 3
1.1E8
2.7E8
3162 6 3
1.2E8
2.7E8
3162 6 3
1.1E8
2.6E8
3162 6 3
1.5E8
3.1E8
3162 6 3
1.5E8
3.2E8
3162 6 2
1.4E8
3.3E8
3162 6 3
1.2E8
2.2E8
3162 6 2
1.2E8
2.4E8
3162 6 2
1.2E8
2.5E8
3162 6 3
1.4E8
2.4E8
3162 6 3
1.3E8
2.3E8
3162 6 2
1.3E8
2.3E8
3162 6 3
1.2E8
2.1E8
3162 6 3
1.2E8
2.4E8
3162 6 3
1.2E8
2.5E8
3162 6 3
1.3E8
2.2E8
5623 6 3
2.8E8
8.0E8
5623 6 3
2.7E8
8.0E8
5623 6 3
2.7E8
8.1E8
5623 6 3
2.6E8
8.3E8
5623 6 3
2.6E8
1.02E9
5623 6 3
2.4E8
1.02E9
5623 6 3
2.6E8
9.4E8
5623 6 3
2.6E8
1.09E9
5623 6 3
2.7E8
9.3E8
5623 6 3
2.8E8
1.1E9
5623 6 3
2.7E8
9.1E8
5623 6 3
2.8E8
8.4E8
5623 6 3
2.6E8
1.12E9
5623 6 3
2.7E8
9.6E8
5623 6 3
2.6E8
1.0E9
5623 6 3
2.6E8
9.6E8
5623 6 3
2.8E8
8.3E8
5623 6 3
2.8E8
7.6E8
5623 6 3
2.5E8
1.21E9
5623 6 3
3.1E8
8.2E8
5623 6 3
2.7E8
1.21E9
5623 6 3
2.8E8
1.08E9
5623 6 3
2.7E8
1.17E9
5623 6 3
3.1E8
9.5E8
5623 6 3
2.6E8
1.27E9
5623 6 3
3.0E8
9.3E8
5623 6 3
2.8E8
9.9E8
5623 6 3
3.0E8
1.14E9
5623 6 3
2.9E8
1.11E9
5623 6 3
4.0E8
1.01E9
5623 6 3
2.8E8
9.9E8
5623 6 3
3.8E8
8.3E8
10000 6 3
6.0E8
2.63E9
10000 6 3
6.3E8
2.81E9
10000 6 3
6.3E8
2.84E9
10000 6 3
6.0E8
2.67E9
10000 6 3
6.1E8
2.91E9
10000 6 3
6.2E8
2.81E9
10000 6 3
6.1E8
2.89E9
10000 6 3
6.7E8
2.82E9
10000 6 3
6.9E8
2.8E9
10000 6 3
6.8E8
3.0E9
10000 6 3
6.4E8
3.12E9
10000 6 3
7.0E8
2.92E9
10000 6 3
6.1E8
2.81E9
10000 6 3
6.5E8
3.25E9
10000 6 3
6.2E8
3.18E9
10000 6 3
6.5E8
3.36E9
10000 6 3
6.4E8
3.24E9
10000 6 3
6.7E8
3.28E9
10000 6 3
7.1E8
2.98E9
10000 6 4
6.0E8
3.22E9
10000 6 3
6.9E8
3.17E9
10000 6 3
6.3E8
3.32E9
10000 6 3
6.6E8
3.56E9
10000 6 3
6.2E8
3.4E9
10000 6 3
6.2E8
3.45E9
10000 6 3
6.2E8
3.39E9
10000 6 3
6.2E8
3.61E9
10000 6 3
6.1E8
3.7E9
10000 6 3
6.5E8
3.86E9
10000 6 3
6.2E8
3.85E9
10000 6 3
7.1E8
3.77E9
10000 6 3
6.3E8
3.88E9
17782 6 3
1.48E9
8.68E9
17782 6 3
1.38E9
9.3E9
17782 6 3
1.51E9
9.33E9
17782 6 4
1.46E9
9.09E9
17782 6 3
1.36E9
9.39E9
17782 6 4
1.35E9
9.82E9
17782 6 3
1.55E9
9.54E9
17782 6 3
1.43E9
1.055E10
17782 6 3
1.33E9
1.015E10
17782 6 3
1.46E9
1.038E10
17782 6 3
1.37E9
1.021E10
17782 6 3
1.41E9
1.087E10
17782 6 3
1.47E9
1.038E10
17782 6 3
1.36E9
1.117E10
17782 6 3
1.74E9
9.31E9
17782 6 4
1.43E9
1.001E10
17782 6 3
1.36E9
1.054E10
17782 6 3
1.43E9
1.05E10
17782 6 3
1.34E9
1.084E10
17782 6 3
1.49E9
1.067E10
17782 6 3
1.54E9
1.114E10
17782 6 3
1.51E9
1.047E10
17782 6 4
1.44E9
1.081E10
17782 6 3
1.51E9
1.156E10
17782 6 3
1.35E9
1.118E10
17782 6 3
1.43E9
1.172E10
17782 6 3
1.49E9
1.078E10
17782 6 3
1.48E9
1.122E10
17782 6 3
1.49E9
1.084E10
17782 6 3
1.43E9
1.137E10
17782 6 4
1.5E9
1.081E10
17782 6 3
1.62E9
1.135E10
31622 6 4
3.11E9
3.56E10
31622 6 4
3.1E9
3.641E10
31622 6 4
3.0E9
3.589E10
31622 6 3
3.08E9
3.766E10
31622 6 4
3.04E9
3.829E10
31622 6 3
3.29E9
3.853E10
31622 6 4
3.02E9
3.782E10
31622 6 4
3.26E9
3.931E10
31622 6 3
3.16E9
3.825E10
31622 6 4
3.19E9
3.855E10
31622 6 4
3.19E9
3.877E10
31622 6 4
3.42E9
3.862E10
31622 6 4
3.17E9
4.12E10
31622 6 4
3.1E9
4.004E10
31622 6 4
3.34E9
3.861E10
31622 6 4
3.42E9
3.947E10
31622 6 4
3.12E9
3.873E10
31622 6 4
3.27E9
4.013E10
31622 6 4
3.24E9
4.047E10
31622 6 4
3.42E9
4.129E10
31622 6 3
3.38E9
4.107E10
31622 6 4
3.25E9
4.143E10
31622 6 3
3.19E9
4.208E10
31622 6 4
3.03E9
4.311E10
31622 6 4
3.75E9
4.173E10
31622 6 4
3.49E9
4.217E10
31622 6 3
3.15E9
4.267E10
31622 6 4
3.17E9
4.313E10
31622 6 4
3.59E9
4.39E10
31622 6 4
3.09E9
4.373E10
31622 6 3
3.25E9
4.28E10
31622 6 4
3.18E9
4.372E10
56234 6 4
7.6E9
1.1919E11
56234 6 4
7.86E9
1.1926E11
56234 6 4
6.87E9
1.1645E11
56234 6 4
6.99E9
1.2349E11
56234 6 4
7.63E9
1.1998E11
56234 6 4
7.32E9
1.2124E11
56234 6 4
7.47E9
1.2133E11
56234 6 4
7.0E9
1.2538E11
56234 6 4
7.14E9
1.2381E11
56234 6 4
8.03E9
1.2441E11
56234 6 4
6.98E9
1.2693E11
56234 6 4
7.14E9
1.2841E11
56234 6 4
6.88E9
1.3214E11
56234 6 4
7.39E9
1.3151E11
56234 6 4
7.52E9
1.3312E11
56234 6 4
6.96E9
1.3606E11
56234 6 4
7.13E9
1.3457E11
56234 6 4
7.11E9
1.3284E11
56234 6 4
9.04E9
1.335E11
56234 6 4
7.43E9
1.3548E11
56234 6 4
7.86E9
1.3895E11
56234 6 4
7.69E9
1.4918E11
56234 6 4
7.21E9
1.5067E11
56234 6 4
7.47E9
1.4974E11
56234 6 4
9.45E9
1.534E11
56234 6 4
7.34E9
1.6199E11
56234 6 4
7.27E9
1.624E11
56234 6 4
7.85E9
1.642E11
56234 6 4
7.21E9
1.6422E11
56234 6 4
7.61E9
1.71E11
56234 6 4
7.32E9
1.8573E11
56234 6 4
8.11E9
1.869E11
100000 6 4
1.76E10
4.3944E11
100000 6 5
1.81E10
4.575E11
100000 6 4
1.82E10
4.6512E11
100000 6 5
1.693E10
4.7467E11
100000 6 4
1.826E10
4.6912E11
100000 6 4
1.725E10
4.7527E11
100000 6 4
1.718E10
4.7519E11
100000 6 4
1.656E10
4.5048E11
100000 6 4
1.569E10
4.6743E11
100000 6 5
1.766E10
5.0591E11
100000 6 4
1.781E10
5.0789E11
100000 6 4
1.671E10
4.9139E11
100000 6 4
1.597E10
4.6673E11
100000 6 4
1.63E10
5.0587E11
100000 6 4
1.697E10
4.8435E11
100000 6 4
1.738E10
5.0589E11
100000 6 4
1.663E10
4.9921E11
100000 6 5
1.711E10
5.1217E11
100000 6 4
1.696E10
4.7602E11
100000 6 5
1.81E10
5.2532E11
100000 6 4
1.645E10
5.3094E11
100000 6 5
1.835E10
5.3452E11
100000 6 5
1.628E10
4.9613E11
100000 6 4
1.715E10
4.6176E11
100000 6 4
1.674E10
5.0214E11
100000 6 4
1.658E10
4.6333E11
100000 6 4
1.814E10
5.2507E11
100000 6 4
1.557E10
4.8576E11
100000 6 4
1.722E10
5.14E11
100000 6 4
1.69E10
5.1707E11
100000 6 5
2.125E10
4.9476E11
100000 6 4
1.646E10
5.3093E11
