100 5 2
507812.5
429687.5
100 5 2
468750.0
429687.5
100 5 2
468750.0
429687.5
100 5 2
468750.0
429687.5
100 5 2
468750.0
390625.0
100 5 2
507812.5
390625.0
100 5 2
468750.0
371093.75
100 5 3
468750.0
371093.75
100 5 2
507812.5
371093.75
100 5 2
468750.0
351562.5
100 5 2
468750.0
390625.0
100 5 2
468750.0
390625.0
100 5 2
429687.5
390625.0
100 5 2
468750.0
390625.0
100 5 2
468750.0
351562.5
100 5 2
468750.0
390625.0
100 5 2
429687.5
410156.25
100 5 2
546875.0
371093.75
100 5 2
468750.0
332031.25
100 5 2
468750.0
351562.5
100 5 2
468750.0
371093.75
100 5 2
468750.0
410156.25
100 5 2
468750.0
410156.25
100 5 2
507812.5
371093.75
100 5 2
468750.0
371093.75
100 5 2
585937.5
371093.75
100 5 2
468750.0
371093.75
100 5 2
585937.5
371093.75
100 5 2
468750.0
371093.75
100 5 2
468750.0
351562.5
100 5 2
468750.0
371093.75
100 5 2
468750.0
390625.0
177 5 2
1171875.0
937500.0
177 5 2
1171875.0
937500.0
177 5 2
1093750.0
937500.0
177 5 2
1171875.0
1015625.0
177 5 2
1250000.0
1015625.0
177 5 2
1171875.0
1093750.0
177 5 2
1171875.0
1093750.0
177 5 2
1171875.0
1015625.0
177 5 2
1171875.0
937500.0
177 5 2
1171875.0
859375.0
177 5 2
1093750.0
1093750.0
177 5 2
1250000.0
1015625.0
177 5 2
1171875.0
1093750.0
177 5 2
1171875.0
1015625.0
177 5 2
1250000.0
1093750.0
177 5 2
1171875.0
1015625.0
177 5 3
1250000.0
1015625.0
177 5 2
1171875.0
1093750.0
177 5 2
1250000.0
1093750.0
177 5 2
1250000.0
1015625.0
177 5 2
1171875.0
1015625.0
177 5 2
1171875.0
937500.0
177 5 2
1250000.0
1015625.0
177 5 2
1171875.0
937500.0
177 5 2
1250000.0
1093750.0
177 5 2
1250000.0
1015625.0
177 5 2
1171875.0
937500.0
177 5 2
1250000.0
1015625.0
177 5 2
1250000.0
937500.0
177 5 2
1171875.0
937500.0
177 5 2
1250000.0
1015625.0
177 5 2
1250000.0
1093750.0
316 5 2
3437500.0
2812500.0
316 5 2
3750000.0
2812500.0
316 5 2
2812500.0
3437500.0
316 5 2
2812500.0
3437500.0
316 5 2
2812500.0
3750000.0
316 5 2
2812500.0
3437500.0
316 5 2
2812500.0
3750000.0
316 5 2
2812500.0
2656250.0
316 5 3
2968750.0
4062500.0
316 5 3
2812500.0
3437500.0
316 5 2
3125000.0
4062500.0
316 5 3
3125000.0
4062500.0
316 5 3
2812500.0
3125000.0
316 5 3
2968750.0
3125000.0
316 5 2
2812500.0
2812500.0
316 5 2
2812500.0
2968750.0
316 5 2
2968750.0
2968750.0
316 5 2
2968750.0
3125000.0
316 5 3
2812500.0
3593750.0
316 5 2
2812500.0
2968750.0
316 5 2
2812500.0
2968750.0
316 5 2
2812500.0
2656250.0
316 5 3
2812500.0
2343750.0
316 5 2
2812500.0
2656250.0
316 5 3
2812500.0
2812500.0
316 5 2
2812500.0
2500000.0
316 5 2
3125000.0
2968750.0
316 5 2
2968750.0
2812500.0
562 5 3
8125000.0
6875000.0
316 5 2
2968750.0
2968750.0
316 5 2
3125000.0
2968750.0
316 5 2
2968750.0
2656250.0
316 5 3
2968750.0
2812500.0
562 5 3
7500000.0
8125000.0
562 5 3
7500000.0
7500000.0
562 5 3
6875000.0
7500000.0
562 5 2
7500000.0
7500000.0
562 5 3
6875000.0
6875000.0
562 5 3
6875000.0
7500000.0
562 5 2
6875000.0
9375000.0
562 5 3
6875000.0
8750000.0
562 5 3
7500000.0
7500000.0
562 5 3
7500000.0
7500000.0
562 5 3
6875000.0
7500000.0
562 5 3
6875000.0
6875000.0
562 5 3
6875000.0
6875000.0
562 5 3
7500000.0
7500000.0
562 5 2
6875000.0
7500000.0
562 5 3
7500000.0
7500000.0
562 5 3
6875000.0
7500000.0
562 5 3
6875000.0
8125000.0
562 5 3
6875000.0
7500000.0
562 5 3
6875000.0
7500000.0
562 5 3
8750000.0
8750000.0
562 5 3
7500000.0
6875000.0
562 5 3
6875000.0
8125000.0
562 5 3
6875000.0
7500000.0
562 5 3
7500000.0
8125000.0
562 5 3
7500000.0
8125000.0
562 5 3
6875000.0
7500000.0
562 5 2
8125000.0
7500000.0
562 5 3
7500000.0
7500000.0
562 5 3
6875000.0
8125000.0
562 5 3
6875000.0
7187500.0
1000 5 3
1.625E7
2.25E7
1000 5 3
1.625E7
3.0E7
1000 5 3
1.75E7
2.125E7
1000 5 3
1.625E7
2.375E7
1000 5 3
1.625E7
4.0E7
1000 5 3
1.75E7
3.25E7
1000 5 3
1.625E7
4.0E7
1000 5 3
1.5E7
3.0E7
1000 5 3
2.0E7
4.25E7
1000 5 3
1.625E7
2.625E7
1000 5 3
1.75E7
2.625E7
1000 5 3
1.75E7
2.25E7
1000 5 3
2.0E7
2.625E7
1000 5 3
1.5E7
2.5E7
1000 5 3
1.625E7
2.25E7
1000 5 3
1.625E7
2.375E7
1000 5 3
1.625E7
2.125E7
1000 5 3
1.5E7
2.375E7
1000 5 3
1.625E7
2.5E7
1000 5 3
1.625E7
2.375E7
1000 5 3
2.25E7
2.75E7
1000 5 3
1.5E7
2.375E7
1000 5 3
1.625E7
2.25E7
1000 5 3
1.75E7
2.0E7
1000 5 3
1.75E7
2.25E7
1000 5 3
1.75E7
2.375E7
1000 5 3
1.625E7
2.0E7
1000 5 4
1.75E7
2.0E7
1000 5 3
2.5E7
2.125E7
1000 5 3
1.875E7
2.0E7
1778 5 3
4.0E7
6.0E7
1778 5 3
3.75E7
6.5E7
1778 5 3
4.0E7
6.5E7
1000 5 3
1.75E7
2.375E7
1778 5 3
3.75E7
7.0E7
1000 5 3
1.625E7
2.5E7
1778 5 3
3.75E7
6.5E7
1778 5 3
3.75E7
8.5E7
1778 5 3
3.75E7
6.5E7
1778 5 3
3.5E7
6.0E7
1778 5 3
3.75E7
6.5E7
1778 5 4
4.25E7
1.0E8
1778 5 4
4.0E7
1.1E8
1778 5 4
4.25E7
1.2E8
1778 5 3
4.25E7
1.0E8
1778 5 3
4.25E7
7.0E7
1778 5 3
4.25E7
6.0E7
1778 5 3
4.0E7
6.5E7
1778 5 3
3.75E7
5.5E7
1778 5 3
3.75E7
7.0E7
1778 5 3
4.0E7
6.0E7
1778 5 3
4.0E7
5.5E7
1778 5 3
4.0E7
6.0E7
1778 5 4
3.75E7
6.0E7
1778 5 3
5.0E7
6.0E7
1778 5 4
4.0E7
5.5E7
1778 5 4
3.75E7
6.0E7
1778 5 3
4.0E7
6.5E7
1778 5 3
4.75E7
6.5E7
1778 5 3
4.0E7
6.0E7
1778 5 3
4.0E7
6.0E7
1778 5 3
5.0E7
6.0E7
1778 5 3
3.75E7
5.5E7
1778 5 3
3.75E7
6.0E7
3162 5 4
8.5E7
2.0E8
3162 5 4
8.5E7
2.4E8
3162 5 4
8.0E7
2.2E8
3162 5 4
8.5E7
2.6E8
3162 5 3
8.5E7
2.5E8
3162 5 4
8.5E7
2.4E8
3162 5 3
9.0E7
2.2E8
3162 5 3
8.0E7
2.3E8
3162 5 3
8.5E7
2.8E8
3162 5 4
9.0E7
2.6E8
3162 5 4
9.0E7
2.1E8
3162 5 4
8.5E7
2.5E8
3162 5 4
8.5E7
3.0E8
3162 5 3
8.5E7
3.2E8
3162 5 4
8.5E7
2.6E8
3162 5 3
8.0E7
2.4E8
3162 5 3
9.0E7
2.0E8
3162 5 4
8.5E7
3.1E8
3162 5 4
8.5E7
2.1E8
3162 5 4
8.5E7
2.3E8
3162 5 4
9.0E7
2.3E8
3162 5 3
1.0E8
2.2E8
3162 5 3
9.5E7
3.0E8
3162 5 4
1.1E8
2.1E8
3162 5 3
1.0E8
2.2E8
3162 5 4
8.5E7
2.2E8
3162 5 4
9.0E7
2.6E8
3162 5 4
9.5E7
2.2E8
3162 5 4
1.2E8
2.4E8
3162 5 4
8.5E7
2.0E8
3162 5 4
1.25E8
2.3E8
3162 5 4
1.0E8
2.3E8
5623 5 4
2.0E8
7.1E8
5623 5 4
1.9E8
7.1E8
5623 5 4
1.9E8
7.6E8
5623 5 4
2.1E8
8.0E8
5623 5 4
2.2E8
7.2E8
5623 5 4
2.0E8
8.2E8
5623 5 4
1.8E8
7.2E8
5623 5 4
2.1E8
7.1E8
5623 5 4
1.8E8
7.1E8
5623 5 4
2.1E8
7.7E8
5623 5 4
2.0E8
8.1E8
5623 5 4
1.9E8
8.7E8
5623 5 4
2.0E8
7.7E8
5623 5 4
1.8E8
8.7E8
5623 5 4
1.9E8
7.4E8
5623 5 4
2.0E8
1.03E9
5623 5 4
2.0E8
6.8E8
5623 5 4
2.2E8
7.4E8
5623 5 4
2.1E8
7.7E8
5623 5 4
2.0E8
1.03E9
5623 5 4
2.5E8
7.8E8
5623 5 4
2.1E8
9.6E8
5623 5 4
1.9E8
1.03E9
5623 5 4
2.0E8
7.8E8
5623 5 4
2.1E8
1.06E9
5623 5 4
2.2E8
7.1E8
5623 5 4
2.0E8
8.8E8
5623 5 4
2.0E8
1.03E9
5623 5 4
2.0E8
7.9E8
5623 5 4
2.1E8
6.8E8
5623 5 4
2.6E8
9.6E8
5623 5 4
2.3E8
9.5E8
10000 5 4
4.1E8
2.29E9
10000 5 5
4.3E8
2.41E9
10000 5 5
4.3E8
2.25E9
10000 5 4
4.2E8
2.34E9
10000 5 4
4.1E8
2.34E9
10000 5 5
4.3E8
2.52E9
10000 5 4
4.3E8
2.22E9
10000 5 5
4.1E8
2.39E9
10000 5 4
4.4E8
2.36E9
10000 5 4
4.2E8
2.4E9
10000 5 5
4.1E8
2.78E9
10000 5 4
5.0E8
2.42E9
10000 5 5
4.5E8
2.44E9
10000 5 5
4.5E8
2.64E9
10000 5 4
4.2E8
2.52E9
10000 5 4
4.3E8
2.39E9
10000 5 4
4.3E8
2.42E9
10000 5 5
4.2E8
2.53E9
10000 5 4
4.5E8
2.54E9
10000 5 4
4.6E8
2.59E9
10000 5 5
4.0E8
2.6E9
10000 5 5
4.5E8
2.53E9
10000 5 4
4.2E8
2.62E9
10000 5 4
4.1E8
2.98E9
10000 5 4
4.6E8
2.95E9
10000 5 5
4.3E8
2.84E9
10000 5 4
4.6E8
2.81E9
10000 5 5
4.3E8
3.05E9
10000 5 4
5.0E8
3.13E9
10000 5 4
4.5E8
3.05E9
10000 5 4
4.6E8
3.05E9
10000 5 5
5.1E8
3.27E9
17782 5 5
9.5E8
7.65E9
17782 5 5
9.2E8
7.66E9
17782 5 5
9.8E8
7.48E9
17782 5 5
9.7E8
7.76E9
17782 5 5
8.4E8
7.64E9
17782 5 5
9.4E8
8.14E9
17782 5 5
8.9E8
8.44E9
17782 5 5
9.8E8
7.82E9
17782 5 5
9.0E8
8.41E9
17782 5 5
9.0E8
8.19E9
17782 5 5
1.02E9
8.06E9
17782 5 5
8.9E8
8.01E9
17782 5 5
9.9E8
8.61E9
17782 5 5
1.0E9
8.13E9
17782 5 5
9.4E8
8.93E9
17782 5 5
1.0E9
8.68E9
17782 5 5
8.9E8
9.12E9
17782 5 5
9.8E8
8.98E9
17782 5 5
1.05E9
8.99E9
17782 5 5
1.11E9
8.79E9
17782 5 5
9.6E8
9.67E9
17782 5 5
9.2E8
9.82E9
17782 5 5
1.15E9
8.77E9
17782 5 5
8.6E8
9.77E9
17782 5 5
9.4E8
1.041E10
17782 5 5
1.13E9
9.76E9
17782 5 5
1.07E9
1.012E10
17782 5 5
1.25E9
1.0E10
17782 5 5
9.7E8
1.157E10
17782 5 5
1.2E9
1.037E10
17782 5 5
1.16E9
1.112E10
17782 5 5
1.34E9
1.149E10
31622 5 6
2.1E9
2.41E10
31622 5 6
2.18E9
2.612E10
31622 5 6
2.1E9
2.835E10
31622 5 6
2.08E9
2.853E10
31622 5 5
2.01E9
2.858E10
31622 5 6
2.09E9
2.672E10
31622 5 5
2.0E9
2.91E10
31622 5 5
2.09E9
2.9E10
31622 5 5
2.65E9
2.674E10
31622 5 6
2.36E9
2.968E10
31622 5 6
2.15E9
2.932E10
31622 5 6
2.84E9
2.758E10
31622 5 5
2.16E9
2.989E10
31622 5 6
2.25E9
3.121E10
31622 5 5
2.18E9
3.05E10
31622 5 6
2.18E9
3.12E10
31622 5 5
2.16E9
3.056E10
31622 5 5
2.1E9
3.219E10
31622 5 5
2.3E9
3.052E10
31622 5 6
2.16E9
3.255E10
31622 5 5
2.22E9
3.23E10
31622 5 5
2.09E9
3.379E10
31622 5 6
2.4E9
3.172E10
31622 5 6
2.05E9
3.373E10
31622 5 5
2.59E9
3.234E10
31622 5 5
2.12E9
3.129E10
31622 5 5
2.63E9
3.121E10
31622 5 5
2.27E9
3.343E10
31622 5 5
2.74E9
3.385E10
31622 5 6
2.15E9
4.198E10
31622 5 6
2.56E9
4.348E10
31622 5 5
2.81E9
4.327E10
56234 5 6
4.41E9
7.438E10
56234 5 6
4.45E9
7.707E10
56234 5 6
4.55E9
9.378E10
56234 5 6
5.38E9
9.635E10
56234 5 6
4.72E9
1.0273E11
56234 5 6
4.73E9
9.768E10
56234 5 6
4.76E9
1.0173E11
56234 5 6
4.85E9
1.0054E11
56234 5 6
5.29E9
1.0052E11
56234 5 6
4.58E9
1.0149E11
56234 5 7
4.71E9
1.0129E11
56234 5 6
4.8E9
1.051E11
56234 5 6
4.7E9
1.0773E11
56234 5 6
5.21E9
1.0303E11
56234 5 6
4.63E9
1.0926E11
56234 5 6
5.14E9
1.1055E11
56234 5 6
4.91E9
1.071E11
56234 5 6
5.05E9
1.0828E11
56234 5 6
5.41E9
1.1036E11
56234 5 6
6.21E9
1.074E11
56234 5 6
4.97E9
1.1019E11
56234 5 6
4.8E9
1.1326E11
56234 5 6
4.69E9
1.1587E11
56234 5 6
4.76E9
1.1936E11
56234 5 6
4.45E9
1.0598E11
56234 5 6
5.23E9
1.1874E11
56234 5 6
5.81E9
1.106E11
56234 5 6
5.79E9
1.2174E11
56234 5 6
4.85E9
1.287E11
56234 5 6
5.27E9
1.3182E11
56234 5 6
6.17E9
1.2454E11
56234 5 6
4.88E9
1.4153E11
100000 5 6
1.015E10
2.925E11
100000 5 7
1.009E10
3.1606E11
100000 5 7
1.098E10
3.329E11
100000 5 7
1.125E10
3.4508E11
100000 5 7
9.79E9
3.2832E11
100000 5 7
9.56E9
3.3274E11
100000 5 7
9.74E9
3.472E11
100000 5 7
1.102E10
3.4141E11
100000 5 7
1.063E10
3.5243E11
100000 5 7
1.231E10
3.4714E11
100000 5 7
9.64E9
3.4656E11
100000 5 7
9.76E9
3.7096E11
100000 5 7
1.08E10
3.5454E11
100000 5 7
9.56E9
3.4136E11
100000 5 7
9.68E9
3.521E11
100000 5 7
9.71E9
3.4179E11
100000 5 6
1.015E10
3.6632E11
100000 5 7
1.161E10
3.4528E11
100000 5 7
1.056E10
3.372E11
100000 5 7
9.84E9
3.571E11
100000 5 7
1.091E10
3.7481E11
100000 5 7
1.077E10
3.8686E11
100000 5 7
1.334E10
3.3973E11
100000 5 7
9.68E9
3.8727E11
100000 5 7
9.81E9
3.9001E11
100000 5 7
1.051E10
3.8493E11
100000 5 7
1.07E10
3.5918E11
100000 5 7
9.57E9
3.7391E11
100000 5 7
1.123E10
3.7289E11
100000 5 7
1.242E10
3.7337E11
100000 5 7
9.8E9
3.7394E11
100000 5 6
1.007E10
3.9056E11
