100 3 4
234375.0
214843.75
100 3 5
253906.25
214843.75
100 3 5
253906.25
214843.75
100 3 5
234375.0
214843.75
100 3 4
214843.75
253906.25
100 3 4
214843.75
234375.0
100 3 4
253906.25
253906.25
100 3 4
234375.0
234375.0
100 3 4
273437.5
234375.0
100 3 4
253906.25
214843.75
100 3 4
214843.75
214843.75
100 3 4
253906.25
253906.25
100 3 5
253906.25
234375.0
100 3 4
292968.75
234375.0
100 3 4
273437.5
253906.25
100 3 4
273437.5
214843.75
100 3 4
292968.75
214843.75
100 3 4
214843.75
234375.0
100 3 4
273437.5
234375.0
100 3 4
273437.5
234375.0
100 3 4
273437.5
234375.0
100 3 4
292968.75
253906.25
100 3 5
312500.0
214843.75
100 3 4
312500.0
234375.0
100 3 4
273437.5
253906.25
100 3 3
273437.5
253906.25
100 3 5
234375.0
214843.75
100 3 4
214843.75
234375.0
100 3 5
205078.125
214843.75
100 3 4
234375.0
224609.375
100 3 4
273437.5
214843.75
100 3 5
253906.25
214843.75
177 3 6
468750.0
507812.5
177 3 6
546875.0
507812.5
177 3 5
468750.0
664062.5
177 3 5
507812.5
507812.5
177 3 6
429687.5
546875.0
177 3 5
429687.5
507812.5
177 3 5
468750.0
625000.0
177 3 5
546875.0
507812.5
177 3 5
546875.0
625000.0
177 3 5
468750.0
546875.0
177 3 6
468750.0
546875.0
177 3 5
585937.5
585937.5
177 3 4
468750.0
585937.5
177 3 5
507812.5
585937.5
177 3 5
429687.5
625000.0
177 3 5
468750.0
664062.5
177 3 5
429687.5
742187.5
177 3 5
429687.5
625000.0
177 3 6
546875.0
546875.0
177 3 5
664062.5
546875.0
177 3 6
625000.0
585937.5
177 3 5
585937.5
664062.5
177 3 6
468750.0
664062.5
177 3 5
703125.0
585937.5
177 3 5
468750.0
859375.0
177 3 6
468750.0
507812.5
177 3 5
546875.0
664062.5
177 3 5
468750.0
859375.0
177 3 5
507812.5
585937.5
177 3 5
468750.0
625000.0
177 3 5
507812.5
625000.0
177 3 6
468750.0
703125.0
316 3 6
937500.0
1875000.0
316 3 6
1093750.0
1875000.0
316 3 7
937500.0
2187500.0
316 3 7
1171875.0
1484375.0
316 3 6
1093750.0
1875000.0
316 3 6
1171875.0
1875000.0
316 3 6
937500.0
1875000.0
316 3 6
1171875.0
1406250.0
316 3 7
1250000.0
1406250.0
316 3 7
1328125.0
1406250.0
316 3 6
1718750.0
1484375.0
316 3 6
1328125.0
1406250.0
316 3 6
1328125.0
1406250.0
316 3 7
1171875.0
1406250.0
316 3 6
1015625.0
1718750.0
316 3 7
1171875.0
1328125.0
316 3 6
1015625.0
1484375.0
316 3 6
1250000.0
1484375.0
316 3 7
1093750.0
1406250.0
316 3 7
937500.0
1718750.0
316 3 6
1250000.0
1640625.0
316 3 6
1093750.0
1562500.0
316 3 6
1015625.0
1562500.0
316 3 7
1015625.0
1718750.0
316 3 7
937500.0
1406250.0
316 3 6
1093750.0
1406250.0
316 3 6
937500.0
1562500.0
316 3 6
937500.0
2265625.0
316 3 6
1015625.0
1562500.0
316 3 7
1093750.0
1250000.0
316 3 6
937500.0
1796875.0
316 3 6
937500.0
2109375.0
562 3 8
2031250.0
3437500.0
562 3 7
3750000.0
3750000.0
562 3 7
4687500.0
3437500.0
562 3 7
2343750.0
4375000.0
562 3 8
2812500.0
4062500.0
562 3 8
1875000.0
5937500.0
562 3 7
2500000.0
4375000.0
562 3 8
3281250.0
4375000.0
562 3 8
2656250.0
3750000.0
562 3 7
2343750.0
4375000.0
562 3 7
2656250.0
4687500.0
562 3 7
3906250.0
4062500.0
562 3 9
3125000.0
4062500.0
562 3 8
4062500.0
4062500.0
562 3 7
1875000.0
5000000.0
562 3 7
2656250.0
4687500.0
562 3 8
2500000.0
4375000.0
562 3 8
2656250.0
4375000.0
562 3 7
4062500.0
4218750.0
562 3 7
2656250.0
5000000.0
562 3 7
2187500.0
4375000.0
562 3 8
2031250.0
3750000.0
562 3 8
2187500.0
4375000.0
562 3 7
3750000.0
3750000.0
562 3 7
2343750.0
6562500.0
562 3 7
2343750.0
6562500.0
562 3 7
4062500.0
4062500.0
562 3 8
2343750.0
4062500.0
562 3 8
3437500.0
3750000.0
562 3 7
2500000.0
4062500.0
562 3 8
2500000.0
4375000.0
562 3 8
2500000.0
4687500.0
1000 3 10
4062500.0
2.125E7
1000 3 9
8125000.0
1.25E7
1000 3 8
5312500.0
1.125E7
1000 3 9
5000000.0
1.375E7
1000 3 9
4062500.0
1.75E7
1000 3 9
9375000.0
1.25E7
1000 3 9
6562500.0
1.1875E7
1000 3 10
4375000.0
1.0E7
1000 3 9
4687500.0
1.625E7
1000 3 9
6875000.0
1.375E7
1000 3 9
7812500.0
1.3125E7
1000 3 8
5000000.0
1.1875E7
1000 3 9
5625000.0
1.5625E7
1000 3 9
5000000.0
2.0E7
1000 3 9
8125000.0
1.75E7
1000 3 10
4375000.0
1.0E7
1000 3 8
5937500.0
1.3125E7
1000 3 9
5000000.0
1.3125E7
1000 3 10
5312500.0
1.0625E7
1000 3 9
5937500.0
1.0625E7
1000 3 8
5625000.0
1.0625E7
1000 3 9
4687500.0
1.0E7
1000 3 8
7187500.0
1.0625E7
1000 3 9
8750000.0
1.0625E7
1000 3 9
5625000.0
1.375E7
1000 3 8
5312500.0
1.0625E7
1000 3 9
5000000.0
1.1875E7
1000 3 9
5937500.0
1.375E7
1000 3 9
5312500.0
1.1875E7
1000 3 8
7187500.0
1.4375E7
1000 3 9
5312500.0
1.25E7
1778 3 10
8750000.0
3.25E7
1778 3 10
1.625E7
2.75E7
1000 3 10
6875000.0
1.0625E7
1778 3 10
8750000.0
3.25E7
1778 3 10
1.0E7
2.75E7
1778 3 10
1.5E7
3.0E7
1778 3 11
1.25E7
3.5E7
1778 3 11
1.375E7
3.75E7
1778 3 11
1.0E7
5.5E7
1778 3 10
1.1875E7
2.75E7
1778 3 11
9375000.0
6.0E7
1778 3 11
1.375E7
3.0E7
1778 3 11
9375000.0
6.5E7
1778 3 11
1.125E7
5.25E7
1778 3 11
1.4375E7
2.75E7
1778 3 12
1.0E7
6.0E7
1778 3 10
9375000.0
3.25E7
1778 3 11
9375000.0
3.0E7
1778 3 11
1.0E7
2.75E7
1778 3 10
1.0E7
2.75E7
1778 3 10
1.0E7
3.75E7
1778 3 10
1.0E7
5.0E7
1778 3 11
9375000.0
3.25E7
1778 3 11
1.0E7
3.25E7
1778 3 12
1.0625E7
2.75E7
1778 3 11
1.125E7
3.25E7
3162 3 13
3.5E7
1.2E8
3162 3 13
3.5E7
1.2E8
1778 3 10
1.0625E7
3.5E7
1778 3 11
9375000.0
3.75E7
3162 3 13
2.125E7
1.2E8
1778 3 10
1.0E7
2.75E7
1778 3 11
1.0E7
4.75E7
1778 3 11
1.0625E7
6.0E7
1778 3 11
9375000.0
3.25E7
1778 3 10
1.1875E7
3.0E7
3162 3 13
3.0E7
1.4E8
3162 3 13
2.0E7
1.1E8
3162 3 13
2.75E7
1.6E8
3162 3 13
2.5E7
1.2E8
3162 3 13
2.5E7
1.2E8
3162 3 13
3.25E7
1.1E8
3162 3 14
2.125E7
1.3E8
3162 3 13
2.0E7
1.6E8
3162 3 12
2.25E7
1.3E8
3162 3 12
2.0E7
1.9E8
3162 3 13
2.375E7
1.3E8
3162 3 13
2.125E7
2.0E8
3162 3 13
2.125E7
7.5E7
3162 3 13
2.125E7
1.4E8
3162 3 13
1.875E7
1.1E8
3162 3 14
2.625E7
1.7E8
3162 3 15
2.5E7
1.9E8
3162 3 13
1.625E7
1.1E8
3162 3 13
2.0E7
8.0E7
3162 3 13
1.625E7
1.2E8
3162 3 12
3.0E7
8.5E7
3162 3 13
1.875E7
8.0E7
3162 3 13
2.125E7
8.5E7
3162 3 13
2.875E7
1.0E8
3162 3 13
2.125E7
8.5E7
3162 3 13
2.0E7
1.2E8
3162 3 13
2.875E7
1.3E8
3162 3 12
3.25E7
1.3E8
3162 3 13
3.0E7
1.2E8
5623 3 14
6.0E7
4.1E8
5623 3 15
3.75E7
3.3E8
5623 3 15
5.5E7
3.4E8
5623 3 15
5.5E7
3.8E8
5623 3 15
4.0E7
3.7E8
5623 3 15
4.0E7
3.9E8
5623 3 15
4.25E7
3.0E8
5623 3 15
5.25E7
3.2E8
5623 3 15
5.25E7
3.5E8
5623 3 14
5.25E7
3.6E8
5623 3 16
6.0E7
2.9E8
5623 3 15
6.0E7
2.9E8
5623 3 15
7.0E7
3.0E8
5623 3 15
5.5E7
2.9E8
5623 3 15
6.0E7
2.9E8
5623 3 15
5.5E7
4.1E8
5623 3 15
4.25E7
2.8E8
5623 3 15
5.0E7
3.5E8
5623 3 15
4.0E7
3.0E8
5623 3 15
4.0E7
2.9E8
5623 3 14
4.25E7
2.9E8
5623 3 15
4.5E7
3.0E8
5623 3 15
3.5E7
2.8E8
5623 3 15
4.0E7
4.1E8
5623 3 15
4.25E7
4.3E8
5623 3 17
3.5E7
2.7E8
5623 3 15
4.0E7
4.1E8
5623 3 16
3.75E7
3.5E8
5623 3 16
6.0E7
2.9E8
5623 3 15
6.25E7
2.9E8
5623 3 15
6.0E7
2.8E8
5623 3 15
5.0E7
4.0E8
10000 3 17
1.1E8
1.03E9
10000 3 18
9.0E7
9.7E8
10000 3 18
1.3E8
9.9E8
10000 3 17
1.2E8
1.0E9
10000 3 18
1.2E8
9.7E8
10000 3 18
1.2E8
1.0E9
10000 3 18
8.5E7
8.7E8
10000 3 18
1.0E8
1.0E9
10000 3 17
1.2E8
9.9E8
10000 3 18
8.5E7
8.7E8
10000 3 19
9.0E7
1.05E9
10000 3 18
1.0E8
1.08E9
10000 3 17
8.5E7
8.9E8
10000 3 17
8.5E7
8.6E8
10000 3 18
8.0E7
8.5E8
10000 3 18
1.1E8
8.6E8
10000 3 17
9.5E7
1.05E9
10000 3 18
9.0E7
1.04E9
10000 3 17
8.5E7
8.8E8
10000 3 17
8.0E7
1.07E9
10000 3 18
9.5E7
1.08E9
10000 3 18
8.5E7
1.06E9
10000 3 18
1.3E8
1.06E9
10000 3 18
8.0E7
8.8E8
10000 3 18
1.1E8
1.02E9
10000 3 18
1.0E8
1.0E9
10000 3 18
1.0E8
1.04E9
10000 3 18
1.2E8
1.04E9
10000 3 18
1.25E8
1.08E9
10000 3 18
1.2E8
1.01E9
10000 3 18
1.15E8
9.6E8
10000 3 18
7.5E7
1.09E9
17782 3 20
1.7E8
2.6E9
17782 3 20
1.5E8
2.63E9
17782 3 20
1.6E8
2.82E9
17782 3 20
2.6E8
2.77E9
17782 3 20
1.4E8
2.88E9
17782 3 20
2.5E8
3.2E9
17782 3 20
1.7E8
2.77E9
17782 3 20
1.4E8
2.95E9
17782 3 20
1.4E8
2.87E9
17782 3 20
1.6E8
3.04E9
17782 3 20
1.5E8
3.05E9
17782 3 20
1.9E8
3.1E9
17782 3 20
2.4E8
3.1E9
17782 3 20
1.8E8
3.15E9
17782 3 20
2.6E8
2.96E9
17782 3 20
1.8E8
3.19E9
17782 3 20
1.5E8
3.03E9
17782 3 20
2.7E8
3.06E9
17782 3 20
1.8E8
2.94E9
17782 3 20
2.4E8
3.14E9
17782 3 20
1.6E8
3.21E9
17782 3 20
1.8E8
3.14E9
17782 3 20
1.8E8
3.36E9
17782 3 20
1.7E8
3.23E9
17782 3 20
1.8E8
3.55E9
17782 3 20
2.2E8
3.3E9
17782 3 20
2.2E8
3.51E9
17782 3 20
1.9E8
3.31E9
17782 3 20
2.2E8
3.36E9
17782 3 20
2.2E8
3.72E9
17782 3 20
2.6E8
3.48E9
17782 3 20
3.3E8
4.22E9
31622 3 20
4.3E8
8.21E9
31622 3 20
3.9E8
7.79E9
31622 3 20
3.6E8
8.79E9
31622 3 20
4.3E8
9.74E9
31622 3 20
3.6E8
1.038E10
31622 3 20
4.0E8
9.98E9
31622 3 20
3.2E8
1.042E10
31622 3 20
3.0E8
1.085E10
31622 3 20
3.4E8
1.03E10
31622 3 20
3.2E8
1.103E10
31622 3 20
3.6E8
1.081E10
31622 3 20
3.6E8
1.08E10
31622 3 20
3.6E8
1.163E10
31622 3 20
4.4E8
1.136E10
31622 3 20
2.9E8
1.1E10
31622 3 20
4.2E8
1.11E10
31622 3 20
4.3E8
1.197E10
31622 3 20
3.6E8
1.151E10
31622 3 20
3.8E8
1.234E10
31622 3 20
4.2E8
1.231E10
31622 3 20
4.8E8
1.155E10
31622 3 20
2.9E8
1.175E10
31622 3 20
4.5E8
1.239E10
31622 3 20
4.5E8
1.153E10
31622 3 20
3.1E8
1.179E10
31622 3 20
4.3E8
1.24E10
31622 3 20
4.1E8
1.262E10
31622 3 20
4.9E8
1.237E10
31622 3 20
4.9E8
1.205E10
31622 3 20
4.1E8
1.283E10
31622 3 20
3.2E8
1.202E10
31622 3 20
3.9E8
1.274E10
56234 3 20
6.2E8
3.497E10
56234 3 20
5.5E8
3.685E10
56234 3 20
9.6E8
3.639E10
56234 3 20
8.8E8
3.784E10
56234 3 20
8.0E8
3.823E10
56234 3 20
7.4E8
4.02E10
56234 3 20
6.7E8
3.696E10
56234 3 20
7.2E8
4.074E10
56234 3 20
7.9E8
4.243E10
56234 3 20
8.1E8
4.105E10
56234 3 20
8.3E8
4.021E10
56234 3 20
7.8E8
4.042E10
56234 3 20
6.9E8
4.502E10
56234 3 20
8.0E8
4.253E10
56234 3 20
7.9E8
4.205E10
56234 3 20
6.2E8
4.146E10
56234 3 20
7.9E8
4.516E10
56234 3 20
9.9E8
4.389E10
56234 3 20
7.2E8
4.242E10
56234 3 20
7.8E8
4.414E10
56234 3 20
8.4E8
4.603E10
56234 3 20
8.1E8
4.374E10
56234 3 20
6.6E8
4.683E10
56234 3 20
7.8E8
4.354E10
56234 3 20
8.5E8
4.388E10
56234 3 20
8.8E8
4.742E10
56234 3 20
8.1E8
4.82E10
56234 3 20
7.7E8
5.285E10
56234 3 20
8.1E8
4.851E10
56234 3 20
6.6E8
5.416E10
56234 3 20
9.3E8
5.593E10
56234 3 20
7.6E8
5.959E10
100000 3 20
1.28E9
1.3514E11
100000 3 20
1.99E9
1.4434E11
100000 3 20
1.1E9
1.5744E11
100000 3 20
1.9E9
1.5227E11
100000 3 20
1.34E9
1.4504E11
100000 3 20
1.91E9
1.5225E11
100000 3 20
1.46E9
1.6081E11
100000 3 20
1.41E9
1.6326E11
100000 3 20
1.39E9
1.6476E11
100000 3 20
1.3E9
1.611E11
100000 3 20
1.2E9
1.48E11
100000 3 20
1.38E9
1.6557E11
100000 3 20
1.44E9
1.6279E11
100000 3 20
1.22E9
1.5416E11
100000 3 20
1.74E9
1.58E11
100000 3 20
1.33E9
1.5775E11
100000 3 20
1.49E9
1.6611E11
100000 3 20
1.52E9
1.6112E11
100000 3 20
1.46E9
1.5834E11
100000 3 20
2.15E9
1.6265E11
100000 3 20
2.07E9
1.6368E11
100000 3 20
2.49E9
1.6386E11
100000 3 20
1.28E9
1.6997E11
100000 3 20
1.88E9
1.6663E11
100000 3 20
1.4E9
1.6714E11
100000 3 20
1.42E9
1.7312E11
100000 3 20
2.13E9
1.6694E11
100000 3 20
2.16E9
1.7071E11
100000 3 20
1.48E9
1.6943E11
100000 3 20
1.34E9
1.7209E11
100000 3 20
1.81E9
1.7225E11
100000 3 20
1.6E9
1.6835E11
