100 4 2
371093.75
273437.5
100 4 2
332031.25
273437.5
100 4 2
351562.5
312500.0
100 4 2
351562.5
312500.0
100 4 2
390625.0
312500.0
100 4 2
351562.5
312500.0
100 4 2
332031.25
332031.25
100 4 2
332031.25
273437.5
100 4 2
351562.5
312500.0
100 4 2
351562.5
273437.5
100 4 2
371093.75
292968.75
100 4 2
371093.75
312500.0
100 4 2
371093.75
312500.0
100 4 2
390625.0
332031.25
100 4 2
351562.5
312500.0
100 4 2
371093.75
332031.25
100 4 2
371093.75
312500.0
100 4 2
390625.0
292968.75
100 4 2
351562.5
312500.0
100 4 2
351562.5
332031.25
100 4 2
371093.75
273437.5
100 4 2
371093.75
312500.0
100 4 2
371093.75
371093.75
100 4 2
371093.75
312500.0
100 4 2
371093.75
312500.0
100 4 2
371093.75
332031.25
100 4 2
390625.0
312500.0
100 4 2
371093.75
312500.0
100 4 2
371093.75
312500.0
100 4 2
390625.0
312500.0
100 4 2
371093.75
312500.0
100 4 2
410156.25
332031.25
177 4 2
937500.0
859375.0
177 4 2
937500.0
859375.0
177 4 2
859375.0
859375.0
177 4 2
937500.0
859375.0
177 4 2
937500.0
859375.0
177 4 2
937500.0
859375.0
177 4 2
937500.0
859375.0
177 4 2
859375.0
859375.0
177 4 2
937500.0
703125.0
177 4 2
859375.0
781250.0
177 4 2
859375.0
664062.5
177 4 2
859375.0
742187.5
177 4 2
937500.0
742187.5
177 4 2
937500.0
859375.0
177 4 2
859375.0
703125.0
177 4 2
859375.0
820312.5
177 4 2
859375.0
664062.5
177 4 2
859375.0
859375.0
177 4 2
859375.0
781250.0
177 4 2
859375.0
742187.5
177 4 2
859375.0
781250.0
177 4 2
859375.0
742187.5
177 4 2
859375.0
742187.5
177 4 2
937500.0
742187.5
177 4 2
859375.0
703125.0
177 4 2
937500.0
859375.0
177 4 2
859375.0
859375.0
177 4 2
937500.0
859375.0
177 4 2
859375.0
781250.0
177 4 2
898437.5
781250.0
177 4 2
976562.5
820312.5
177 4 2
937500.0
820312.5
316 4 2
2031250.0
2343750.0
316 4 2
2187500.0
2500000.0
316 4 2
2187500.0
3437500.0
316 4 2
2031250.0
2343750.0
316 4 2
2031250.0
2968750.0
316 4 2
2187500.0
2343750.0
316 4 2
2031250.0
3125000.0
316 4 2
2187500.0
2031250.0
316 4 2
2187500.0
2031250.0
316 4 2
2031250.0
2031250.0
316 4 2
2187500.0
2500000.0
316 4 2
2187500.0
2656250.0
316 4 2
2031250.0
2343750.0
316 4 2
2031250.0
1875000.0
316 4 2
2187500.0
2343750.0
316 4 2
2031250.0
2343750.0
316 4 2
2343750.0
2187500.0
316 4 2
2031250.0
2343750.0
316 4 2
2187500.0
1875000.0
316 4 2
2031250.0
2343750.0
316 4 2
2187500.0
2031250.0
316 4 2
2187500.0
2187500.0
316 4 2
2031250.0
2343750.0
316 4 2
2031250.0
2500000.0
316 4 2
2187500.0
2500000.0
316 4 2
2031250.0
2343750.0
316 4 2
2500000.0
2343750.0
316 4 2
2343750.0
2812500.0
316 4 2
2500000.0
2343750.0
316 4 2
2500000.0
2343750.0
316 4 2
2500000.0
2343750.0
316 4 2
2187500.0
2500000.0
562 4 2
5312500.0
6875000.0
562 4 2
4687500.0
6875000.0
562 4 2
5000000.0
6875000.0
562 4 2
4687500.0
6875000.0
562 4 2
5312500.0
6875000.0
562 4 2
5000000.0
6875000.0
562 4 2
5625000.0
1.0E7
562 4 2
4687500.0
6875000.0
562 4 2
5312500.0
6875000.0
562 4 2
5625000.0
9375000.0
562 4 2
5000000.0
8125000.0
562 4 2
5937500.0
8125000.0
562 4 2
4687500.0
6562500.0
562 4 2
5000000.0
8750000.0
562 4 2
5625000.0
7500000.0
562 4 2
5000000.0
6875000.0
562 4 2
5000000.0
8125000.0
562 4 2
5312500.0
8125000.0
562 4 2
5625000.0
8125000.0
562 4 2
4687500.0
8750000.0
562 4 2
5000000.0
6250000.0
562 4 2
6250000.0
6875000.0
562 4 2
6875000.0
6875000.0
562 4 2
5312500.0
7812500.0
562 4 2
4687500.0
8125000.0
562 4 2
5312500.0
7812500.0
562 4 2
5000000.0
7812500.0
562 4 2
5000000.0
8125000.0
562 4 2
5312500.0
6875000.0
562 4 2
5312500.0
7187500.0
562 4 2
5000000.0
7500000.0
1000 4 2
1.375E7
2.125E7
562 4 2
5000000.0
8125000.0
1000 4 2
1.0E7
2.0E7
1000 4 2
1.5E7
3.5E7
1000 4 2
1.625E7
3.75E7
1000 4 2
1.125E7
2.0E7
1000 4 2
1.3125E7
3.5E7
1000 4 2
1.1875E7
1.875E7
1000 4 2
1.0625E7
2.0E7
1000 4 2
1.375E7
2.75E7
1000 4 2
1.375E7
2.125E7
1000 4 2
1.0625E7
2.0E7
1000 4 2
1.375E7
3.0E7
1000 4 2
1.0625E7
2.125E7
1000 4 2
1.1875E7
2.125E7
1000 4 2
1.1875E7
2.125E7
1000 4 2
1.25E7
2.25E7
1000 4 2
1.125E7
2.125E7
1000 4 2
1.3125E7
2.25E7
1000 4 2
1.125E7
2.25E7
1000 4 2
1.1875E7
2.125E7
1000 4 2
1.1875E7
2.125E7
1000 4 2
1.1875E7
2.125E7
1000 4 2
1.1875E7
2.0E7
1000 4 2
1.0E7
2.375E7
1000 4 2
1.25E7
2.375E7
1000 4 2
1.0E7
2.125E7
1000 4 2
1.3125E7
2.25E7
1000 4 2
1.1875E7
2.125E7
1000 4 2
1.0625E7
2.0E7
1778 4 2
2.75E7
7.0E7
1778 4 2
2.75E7
7.0E7
1000 4 2
1.6875E7
2.5E7
1000 4 2
1.125E7
2.125E7
1778 4 2
3.0E7
8.0E7
1778 4 2
2.375E7
7.5E7
1778 4 2
2.5E7
7.0E7
1000 4 2
1.125E7
2.0E7
1778 4 2
2.25E7
6.0E7
1778 4 2
2.0E7
6.0E7
1778 4 2
2.75E7
9.5E7
1778 4 2
2.625E7
1.0E8
1778 4 2
2.0E7
6.0E7
1778 4 2
2.375E7
6.0E7
1778 4 2
2.375E7
7.5E7
1778 4 2
2.0E7
7.0E7
1778 4 2
2.75E7
7.5E7
1778 4 2
2.75E7
8.0E7
1778 4 2
3.0E7
6.0E7
1778 4 2
2.375E7
6.5E7
1778 4 2
3.0E7
5.5E7
1778 4 2
3.0E7
8.5E7
1778 4 2
3.5E7
8.5E7
1778 4 2
2.75E7
8.0E7
1778 4 2
3.5E7
8.0E7
1778 4 2
2.75E7
9.0E7
1778 4 2
3.0E7
8.0E7
1778 4 2
2.5E7
8.5E7
1778 4 2
2.75E7
6.5E7
1778 4 2
2.75E7
7.0E7
1778 4 2
3.0E7
9.0E7
3162 4 2
5.5E7
2.3E8
1778 4 2
3.25E7
6.5E7
3162 4 2
7.0E7
2.6E8
3162 4 2
6.5E7
2.5E8
3162 4 2
6.0E7
2.7E8
3162 4 2
6.5E7
2.7E8
1778 4 2
3.25E7
5.5E7
1778 4 2
3.125E7
6.5E7
3162 4 2
6.5E7
2.2E8
3162 4 2
6.0E7
2.9E8
3162 4 2
6.0E7
2.6E8
3162 4 2
6.5E7
2.3E8
1778 4 2
2.75E7
8.5E7
3162 4 2
6.0E7
2.4E8
3162 4 2
5.0E7
2.3E8
3162 4 2
6.5E7
2.2E8
3162 4 2
7.0E7
2.2E8
3162 4 2
5.25E7
2.4E8
3162 4 2
6.0E7
2.1E8
3162 4 2
5.5E7
2.7E8
3162 4 2
4.75E7
2.2E8
3162 4 2
6.0E7
2.4E8
3162 4 2
4.5E7
2.7E8
3162 4 2
6.0E7
2.8E8
3162 4 2
5.5E7
2.7E8
3162 4 2
5.5E7
2.6E8
3162 4 2
7.0E7
2.4E8
3162 4 2
6.0E7
2.6E8
3162 4 2
5.5E7
2.9E8
3162 4 2
6.0E7
2.8E8
3162 4 2
6.0E7
2.7E8
3162 4 2
7.0E7
2.8E8
3162 4 2
5.75E7
2.2E8
3162 4 2
7.0E7
2.4E8
3162 4 2
6.25E7
2.8E8
3162 4 2
6.0E7
2.4E8
5623 4 2
1.3E8
6.8E8
5623 4 2
1.2E8
8.0E8
5623 4 2
1.1E8
6.8E8
5623 4 2
1.1E8
9.5E8
5623 4 2
1.4E8
8.7E8
5623 4 2
1.1E8
9.2E8
5623 4 2
1.4E8
9.2E8
5623 4 2
1.1E8
8.1E8
5623 4 2
1.3E8
9.4E8
5623 4 2
1.3E8
7.7E8
5623 4 2
1.3E8
7.8E8
5623 4 2
1.4E8
8.7E8
5623 4 2
1.2E8
9.2E8
5623 4 2
1.1E8
8.4E8
5623 4 2
1.8E8
8.0E8
5623 4 2
1.1E8
7.0E8
5623 4 2
1.4E8
8.9E8
5623 4 2
1.3E8
9.1E8
5623 4 2
1.4E8
8.9E8
5623 4 2
1.15E8
7.2E8
5623 4 2
1.3E8
7.5E8
5623 4 2
1.4E8
9.4E8
5623 4 2
1.3E8
8.4E8
5623 4 2
1.4E8
9.7E8
5623 4 2
1.3E8
9.3E8
5623 4 2
1.3E8
9.7E8
5623 4 2
1.2E8
7.1E8
5623 4 2
1.2E8
9.1E8
5623 4 2
1.3E8
9.2E8
5623 4 2
1.5E8
8.6E8
5623 4 2
1.2E8
9.1E8
5623 4 2
1.6E8
8.5E8
10000 4 2
2.6E8
2.53E9
10000 4 2
2.3E8
2.33E9
10000 4 2
2.9E8
2.7E9
10000 4 2
2.2E8
2.56E9
10000 4 2
3.0E8
2.86E9
10000 4 2
2.7E8
2.78E9
10000 4 2
2.6E8
2.98E9
10000 4 2
3.4E8
2.9E9
10000 4 2
3.4E8
2.96E9
10000 4 2
2.4E8
3.24E9
10000 4 2
2.8E8
2.99E9
10000 4 2
2.4E8
2.69E9
10000 4 2
2.5E8
3.35E9
10000 4 2
2.8E8
2.95E9
10000 4 2
2.3E8
2.86E9
10000 4 2
2.8E8
3.25E9
10000 4 2
2.5E8
2.88E9
10000 4 2
2.9E8
3.35E9
10000 4 2
2.7E8
3.22E9
10000 4 2
3.2E8
3.03E9
10000 4 2
2.8E8
3.02E9
10000 4 2
3.2E8
2.97E9
10000 4 2
3.2E8
3.24E9
10000 4 2
3.0E8
2.98E9
10000 4 2
2.5E8
3.0E9
10000 4 2
3.5E8
3.41E9
10000 4 2
2.7E8
3.09E9
10000 4 2
2.8E8
3.08E9
10000 4 2
3.6E8
3.73E9
10000 4 2
3.3E8
3.85E9
10000 4 2
2.7E8
3.6E9
10000 4 2
2.9E8
3.57E9
17782 4 2
4.7E8
7.68E9
17782 4 2
6.0E8
8.95E9
17782 4 2
5.5E8
9.02E9
17782 4 2
5.4E8
9.26E9
17782 4 2
5.0E8
9.03E9
17782 4 2
6.6E8
9.23E9
17782 4 2
5.4E8
9.74E9
17782 4 2
5.3E8
9.56E9
17782 4 2
4.8E8
9.47E9
17782 4 2
6.7E8
9.61E9
17782 4 2
4.9E8
1.03E10
17782 4 2
5.3E8
9.89E9
17782 4 2
5.0E8
1.001E10
17782 4 2
5.2E8
9.94E9
17782 4 2
6.0E8
1.025E10
17782 4 2
5.9E8
1.026E10
17782 4 2
4.9E8
1.025E10
17782 4 2
4.7E8
1.06E10
17782 4 2
6.0E8
1.056E10
17782 4 2
5.1E8
1.063E10
17782 4 2
4.6E8
1.126E10
17782 4 2
6.8E8
1.141E10
17782 4 2
5.6E8
1.152E10
17782 4 2
6.7E8
1.174E10
17782 4 2
7.4E8
1.186E10
17782 4 2
6.6E8
1.168E10
17782 4 2
6.2E8
1.328E10
17782 4 2
6.9E8
1.349E10
17782 4 2
7.8E8
1.309E10
17782 4 2
6.5E8
1.412E10
17782 4 2
6.9E8
1.386E10
17782 4 2
7.2E8
1.47E10
31622 4 2
1.06E9
3.266E10
31622 4 2
1.05E9
3.794E10
31622 4 2
1.1E9
3.602E10
31622 4 2
1.15E9
3.481E10
31622 4 2
1.11E9
3.652E10
31622 4 2
1.28E9
3.627E10
31622 4 2
1.1E9
3.61E10
31622 4 2
1.11E9
3.562E10
31622 4 2
1.08E9
3.829E10
31622 4 2
1.05E9
3.756E10
31622 4 2
1.13E9
3.649E10
31622 4 2
1.01E9
3.85E10
31622 4 2
1.17E9
3.721E10
31622 4 2
1.12E9
3.753E10
31622 4 2
1.13E9
3.923E10
31622 4 2
1.05E9
4.035E10
31622 4 2
1.12E9
3.642E10
31622 4 2
1.17E9
4.153E10
31622 4 2
1.2E9
3.942E10
31622 4 2
1.12E9
3.93E10
31622 4 2
1.07E9
3.892E10
31622 4 2
1.21E9
4.175E10
31622 4 2
1.13E9
4.128E10
31622 4 2
1.22E9
4.432E10
31622 4 2
1.01E9
4.364E10
31622 4 2
1.49E9
4.646E10
31622 4 2
1.09E9
4.73E10
31622 4 2
1.45E9
4.563E10
31622 4 2
1.47E9
4.612E10
31622 4 2
1.38E9
4.769E10
31622 4 2
1.49E9
5.738E10
31622 4 2
1.44E9
6.357E10
56234 4 2
2.12E9
1.2207E11
56234 4 2
2.03E9
1.3587E11
56234 4 2
2.21E9
1.4305E11
56234 4 2
2.05E9
1.4113E11
56234 4 2
2.45E9
1.5043E11
56234 4 2
2.24E9
1.5051E11
56234 4 2
2.26E9
1.539E11
56234 4 2
2.94E9
1.5372E11
56234 4 2
2.32E9
1.6069E11
56234 4 2
2.49E9
1.5094E11
56234 4 2
2.19E9
1.5941E11
56234 4 2
3.8E9
1.5316E11
56234 4 2
2.12E9
1.5478E11
56234 4 2
2.06E9
1.5692E11
56234 4 2
2.47E9
1.6062E11
56234 4 2
2.22E9
1.63E11
56234 4 2
2.27E9
1.6727E11
56234 4 2
2.66E9
1.6418E11
56234 4 2
1.95E9
1.5977E11
56234 4 2
2.37E9
1.6902E11
56234 4 2
2.22E9
1.7701E11
56234 4 2
2.45E9
1.8023E11
56234 4 2
1.91E9
1.7176E11
56234 4 2
2.34E9
1.8535E11
56234 4 2
2.38E9
2.0404E11
56234 4 2
2.52E9
1.9229E11
56234 4 2
2.53E9
2.1743E11
56234 4 2
2.5E9
2.1846E11
56234 4 2
2.97E9
2.4124E11
56234 4 2
2.88E9
2.2356E11
56234 4 2
2.97E9
2.2787E11
56234 4 2
3.6E9
2.5399E11
100000 4 2
4.54E9
4.7752E11
100000 4 2
4.23E9
5.6638E11
100000 4 2
5.44E9
5.4061E11
100000 4 2
4.89E9
6.1999E11
100000 4 2
5.32E9
5.8808E11
100000 4 2
4.24E9
5.8983E11
100000 4 2
4.72E9
5.5427E11
100000 4 2
5.14E9
6.1117E11
100000 4 2
4.47E9
6.1397E11
100000 4 2
4.14E9
5.8614E11
100000 4 2
4.18E9
6.1755E11
100000 4 2
4.9E9
5.9362E11
100000 4 2
4.99E9
6.2723E11
100000 4 2
3.96E9
6.3281E11
100000 4 2
4.74E9
5.3387E11
100000 4 2
3.96E9
6.3698E11
100000 4 2
4.36E9
6.4368E11
100000 4 2
4.66E9
5.2703E11
100000 4 2
4.95E9
6.6663E11
100000 4 2
6.1E9
6.1724E11
100000 4 2
5.83E9
5.7108E11
100000 4 2
5.97E9
5.6669E11
100000 4 2
4.47E9
6.4138E11
100000 4 2
5.48E9
6.2846E11
100000 4 2
4.23E9
6.4242E11
100000 4 2
6.89E9
6.134E11
100000 4 2
5.33E9
6.2402E11
100000 4 2
4.66E9
6.4319E11
100000 4 2
5.23E9
6.4705E11
100000 4 2
5.01E9
6.5954E11
100000 4 2
6.15E9
5.5703E11
100000 4 2
4.27E9
6.6396E11
