100 7 1
468750.0
468750.0
100 7 1
585937.5
429687.5
100 7 1
546875.0
468750.0
100 7 1
546875.0
507812.5
100 7 1
546875.0
468750.0
100 7 1
585937.5
585937.5
100 7 1
468750.0
468750.0
100 7 1
625000.0
546875.0
100 7 1
546875.0
859375.0
100 7 1
546875.0
664062.5
100 7 1
546875.0
546875.0
100 7 1
585937.5
664062.5
100 7 1
585937.5
664062.5
100 7 2
585937.5
507812.5
100 7 1
585937.5
585937.5
100 7 1
546875.0
625000.0
100 7 1
585937.5
664062.5
100 7 1
625000.0
625000.0
100 7 1
507812.5
703125.0
100 7 1
585937.5
507812.5
100 7 1
585937.5
625000.0
100 7 1
625000.0
625000.0
100 7 1
546875.0
664062.5
100 7 1
585937.5
625000.0
100 7 1
546875.0
546875.0
100 7 1
546875.0
390625.0
100 7 2
546875.0
371093.75
100 7 1
546875.0
429687.5
100 7 1
585937.5
390625.0
100 7 1
546875.0
410156.25
100 7 1
585937.5
410156.25
100 7 2
625000.0
371093.75
177 7 2
1328125.0
2031250.0
177 7 1
1328125.0
1875000.0
177 7 2
1328125.0
1093750.0
177 7 1
1484375.0
1015625.0
177 7 1
1406250.0
2031250.0
177 7 1
1562500.0
1093750.0
177 7 1
1406250.0
2031250.0
177 7 2
1484375.0
2031250.0
177 7 1
1484375.0
2031250.0
177 7 1
1406250.0
2031250.0
177 7 2
1406250.0
2031250.0
177 7 2
1484375.0
4375000.0
177 7 1
1562500.0
4687500.0
177 7 2
1406250.0
4375000.0
177 7 1
1484375.0
3437500.0
177 7 1
1406250.0
1406250.0
177 7 1
1562500.0
1484375.0
177 7 2
1562500.0
1093750.0
177 7 2
1406250.0
1328125.0
177 7 2
1484375.0
2812500.0
177 7 1
1484375.0
1406250.0
177 7 1
1484375.0
1796875.0
177 7 2
1562500.0
1250000.0
177 7 1
1406250.0
1015625.0
177 7 1
1562500.0
1093750.0
177 7 1
1562500.0
1171875.0
177 7 1
1562500.0
1093750.0
177 7 2
1484375.0
1093750.0
177 7 2
2031250.0
1015625.0
177 7 1
1562500.0
1093750.0
177 7 1
1718750.0
1015625.0
177 7 1
1484375.0
1093750.0
316 7 2
3750000.0
3437500.0
316 7 2
3750000.0
3437500.0
316 7 2
3750000.0
3750000.0
316 7 2
3750000.0
3750000.0
316 7 2
3750000.0
3437500.0
316 7 1
3437500.0
4062500.0
316 7 1
3750000.0
3750000.0
316 7 2
4062500.0
4687500.0
316 7 1
4062500.0
4062500.0
316 7 2
3750000.0
3437500.0
316 7 2
4062500.0
4375000.0
316 7 1
4062500.0
4062500.0
316 7 2
3750000.0
3750000.0
316 7 2
4062500.0
4062500.0
316 7 2
3750000.0
6562500.0
316 7 2
3750000.0
4687500.0
316 7 2
3750000.0
4062500.0
316 7 2
3750000.0
6875000.0
316 7 1
3750000.0
3750000.0
316 7 1
3750000.0
6875000.0
316 7 2
3750000.0
6875000.0
316 7 2
3750000.0
6875000.0
316 7 2
4062500.0
3750000.0
316 7 1
3750000.0
4375000.0
316 7 2
3750000.0
5625000.0
316 7 2
3750000.0
3281250.0
316 7 1
3750000.0
2812500.0
316 7 1
3750000.0
2968750.0
316 7 2
4375000.0
2968750.0
316 7 2
3437500.0
2968750.0
316 7 2
3750000.0
2812500.0
316 7 1
3750000.0
3125000.0
562 7 2
9375000.0
1.625E7
562 7 2
1.0E7
1.625E7
562 7 2
8750000.0
1.5E7
562 7 2
9375000.0
3.25E7
562 7 2
1.0E7
1.375E7
562 7 2
9375000.0
1.625E7
562 7 2
1.0E7
6.0E7
562 7 2
9375000.0
1.625E7
562 7 2
9375000.0
9375000.0
562 7 2
1.0E7
1.5E7
562 7 2
1.0E7
5.5E7
562 7 2
1.0625E7
5.5E7
562 7 2
1.0E7
1.5E7
562 7 2
9375000.0
1.4375E7
562 7 2
9375000.0
3.5E7
562 7 2
9375000.0
1.25E7
562 7 2
9375000.0
1.1875E7
562 7 2
1.0E7
8750000.0
562 7 2
9375000.0
1.9375E7
562 7 2
9375000.0
1.0625E7
562 7 2
9375000.0
1.125E7
562 7 2
1.0E7
1.125E7
562 7 2
1.0E7
1.0625E7
562 7 2
1.0625E7
1.0E7
562 7 2
1.5E7
1.0E7
562 7 2
1.0E7
8750000.0
562 7 2
9375000.0
8750000.0
562 7 2
1.0E7
8125000.0
562 7 2
1.0E7
8750000.0
562 7 2
9375000.0
8750000.0
562 7 2
1.0E7
8125000.0
562 7 2
1.0E7
8750000.0
1000 7 2
2.375E7
3.5E7
1000 7 2
2.5E7
4.25E7
1000 7 2
2.375E7
3.0E7
1000 7 2
2.5E7
3.0E7
1000 7 2
2.375E7
3.0E7
1000 7 2
2.5E7
3.75E7
1000 7 2
2.5E7
2.75E7
1000 7 2
2.25E7
3.5E7
1000 7 2
2.25E7
3.25E7
1000 7 2
2.5E7
3.5E7
1000 7 2
2.375E7
3.75E7
1000 7 2
2.25E7
5.25E7
1000 7 2
2.625E7
4.75E7
1000 7 2
2.5E7
3.25E7
1000 7 2
2.375E7
2.75E7
1000 7 2
2.375E7
4.5E7
1000 7 2
2.5E7
2.75E7
1000 7 2
2.5E7
3.25E7
1000 7 2
2.25E7
5.5E7
1000 7 2
2.75E7
2.75E7
1000 7 2
2.625E7
3.5E7
1000 7 2
2.75E7
2.75E7
1000 7 2
2.25E7
7.0E7
1778 7 2
7.5E7
1.1E8
1000 7 2
2.375E7
3.75E7
1778 7 2
7.0E7
1.1E8
1000 7 2
2.5E7
2.5E7
1000 7 2
2.5E7
5.5E7
1000 7 2
2.375E7
2.75E7
1778 7 2
6.5E7
1.1E8
1000 7 2
2.75E7
5.0E7
1000 7 2
2.25E7
2.75E7
1000 7 2
2.5E7
6.25E7
1000 7 2
2.75E7
6.25E7
1778 7 2
7.0E7
2.2E8
1000 7 2
2.75E7
6.5E7
1778 7 2
6.0E7
2.1E8
1778 7 2
8.0E7
1.9E8
1778 7 2
8.5E7
1.6E8
1778 7 2
9.5E7
1.2E8
1778 7 2
6.0E7
7.5E7
1778 7 2
6.0E7
1.4E8
1778 7 2
6.0E7
1.6E8
1778 7 2
6.5E7
1.2E8
1778 7 2
6.0E7
1.15E8
1778 7 2
5.5E7
8.0E7
1778 7 2
6.5E7
1.2E8
1778 7 2
6.0E7
1.3E8
1778 7 2
6.0E7
8.0E7
1778 7 2
6.0E7
2.5E8
1778 7 2
6.5E7
1.2E8
1778 7 2
6.5E7
1.2E8
1778 7 2
5.5E7
8.0E7
1778 7 2
6.0E7
1.3E8
1778 7 2
6.0E7
8.0E7
1778 7 2
7.0E7
1.3E8
1778 7 2
6.5E7
1.2E8
1778 7 2
6.0E7
8.0E7
1778 7 2
6.0E7
2.0E8
1778 7 2
8.0E7
2.3E8
1778 7 2
6.0E7
8.0E7
1778 7 2
6.0E7
1.55E8
1778 7 2
1.0E8
1.7E8
1778 7 2
8.0E7
1.9E8
3162 7 2
1.4E8
2.3E8
3162 7 2
1.5E8
2.4E8
3162 7 2
1.5E8
4.5E8
3162 7 2
1.5E8
4.9E8
3162 7 2
1.7E8
3.7E8
3162 7 2
1.9E8
3.4E8
3162 7 2
1.4E8
4.7E8
3162 7 2
1.6E8
5.0E8
3162 7 2
1.4E8
2.7E8
3162 7 2
2.3E8
3.3E8
3162 7 2
1.8E8
4.5E8
3162 7 2
1.5E8
2.9E8
3162 7 2
1.4E8
3.1E8
3162 7 2
1.4E8
2.8E8
3162 7 2
1.4E8
3.3E8
3162 7 2
1.5E8
3.4E8
3162 7 2
1.5E8
3.5E8
3162 7 2
1.5E8
4.1E8
3162 7 2
1.7E8
3.2E8
3162 7 2
1.7E8
2.9E8
3162 7 2
1.7E8
3.2E8
3162 7 2
1.5E8
4.1E8
3162 7 2
1.5E8
3.7E8
3162 7 2
1.4E8
3.6E8
3162 7 2
1.6E8
3.1E8
3162 7 2
1.5E8
4.8E8
3162 7 2
1.5E8
4.1E8
3162 7 2
1.5E8
4.3E8
3162 7 2
1.6E8
5.0E8
3162 7 2
1.6E8
4.2E8
3162 7 2
1.6E8
3.3E8
3162 7 2
1.5E8
3.9E8
5623 7 2
3.4E8
8.4E8
5623 7 2
3.4E8
8.0E8
5623 7 2
3.4E8
8.8E8
5623 7 2
4.9E8
1.25E9
5623 7 2
3.5E8
8.1E8
5623 7 2
3.8E8
8.4E8
5623 7 2
3.6E8
1.06E9
5623 7 2
3.4E8
1.19E9
5623 7 2
3.9E8
1.51E9
5623 7 2
3.9E8
1.01E9
5623 7 2
3.3E8
1.26E9
5623 7 2
3.4E8
1.21E9
5623 7 2
3.5E8
1.1E9
5623 7 2
3.5E8
1.16E9
5623 7 2
3.6E8
1.63E9
5623 7 2
3.6E8
1.24E9
5623 7 2
3.6E8
1.18E9
5623 7 2
3.5E8
1.69E9
5623 7 2
4.0E8
1.01E9
5623 7 2
4.0E8
1.23E9
5623 7 2
3.4E8
1.47E9
5623 7 2
3.5E8
1.4E9
5623 7 2
4.1E8
1.46E9
5623 7 2
3.4E8
1.6E9
5623 7 2
4.4E8
1.87E9
5623 7 2
3.9E8
1.41E9
5623 7 2
3.5E8
1.96E9
5623 7 2
4.4E8
1.91E9
5623 7 2
3.4E8
1.68E9
5623 7 2
3.4E8
1.98E9
5623 7 2
4.1E8
1.66E9
5623 7 2
5.7E8
1.56E9
10000 7 3
8.0E8
2.59E9
10000 7 2
7.9E8
2.69E9
10000 7 2
8.2E8
2.58E9
10000 7 2
7.9E8
2.45E9
10000 7 2
8.2E8
2.77E9
10000 7 2
7.8E8
2.74E9
10000 7 2
7.9E8
3.06E9
10000 7 2
7.7E8
2.85E9
10000 7 2
7.8E8
2.69E9
10000 7 2
7.8E8
3.14E9
10000 7 2
8.0E8
3.14E9
10000 7 3
8.7E8
3.42E9
10000 7 3
7.8E8
3.13E9
10000 7 2
8.8E8
3.68E9
10000 7 2
7.8E8
3.23E9
10000 7 2
8.1E8
3.2E9
10000 7 2
8.0E8
3.66E9
10000 7 2
9.7E8
3.57E9
10000 7 2
7.9E8
3.24E9
10000 7 2
1.0E9
3.88E9
10000 7 2
8.0E8
3.79E9
10000 7 2
7.8E8
3.94E9
10000 7 2
8.1E8
4.51E9
10000 7 2
8.2E8
4.18E9
10000 7 3
7.7E8
4.56E9
10000 7 2
1.0E9
2.2E9
10000 7 2
9.6E8
2.53E9
10000 7 3
9.7E8
2.66E9
10000 7 2
1.08E9
2.57E9
10000 7 2
1.12E9
2.61E9
10000 7 2
1.04E9
2.75E9
10000 7 2
1.08E9
2.76E9
17782 7 2
1.85E9
8.72E9
17782 7 3
1.94E9
9.16E9
17782 7 3
2.0E9
8.94E9
17782 7 3
1.87E9
1.019E10
17782 7 3
1.84E9
1.008E10
17782 7 3
1.97E9
1.05E10
17782 7 3
1.87E9
1.078E10
17782 7 3
1.96E9
1.092E10
17782 7 3
1.87E9
1.147E10
17782 7 3
2.02E9
8.99E9
17782 7 3
2.0E9
1.126E10
17782 7 3
2.1E9
1.24E10
17782 7 3
1.94E9
1.195E10
17782 7 3
1.85E9
1.268E10
17782 7 3
1.98E9
1.308E10
17782 7 3
1.85E9
1.308E10
17782 7 3
2.01E9
1.168E10
17782 7 3
2.22E9
1.294E10
17782 7 2
2.21E9
1.064E10
17782 7 3
1.91E9
1.293E10
17782 7 3
2.01E9
1.26E10
17782 7 2
1.79E9
1.4E10
17782 7 3
1.95E9
1.414E10
17782 7 3
2.55E9
1.166E10
17782 7 3
2.97E9
1.096E10
17782 7 3
1.93E9
1.374E10
17782 7 3
1.94E9
1.443E10
17782 7 3
2.53E9
1.212E10
17782 7 2
1.96E9
1.445E10
17782 7 3
2.0E9
1.447E10
17782 7 3
2.83E9
1.231E10
17782 7 3
3.08E9
1.3E10
31622 7 3
4.49E9
3.852E10
31622 7 3
4.35E9
4.199E10
31622 7 3
4.17E9
4.136E10
31622 7 3
4.37E9
4.161E10
31622 7 3
4.41E9
4.334E10
31622 7 3
4.49E9
4.558E10
31622 7 3
4.23E9
4.649E10
31622 7 3
4.32E9
4.379E10
31622 7 3
4.56E9
4.141E10
31622 7 3
4.42E9
4.454E10
31622 7 3
4.48E9
4.834E10
31622 7 3
4.3E9
4.763E10
31622 7 3
4.23E9
4.866E10
31622 7 3
4.27E9
4.653E10
31622 7 3
4.27E9
4.84E10
31622 7 3
4.4E9
4.75E10
31622 7 3
4.51E9
4.71E10
31622 7 3
4.42E9
4.837E10
31622 7 3
4.56E9
4.803E10
31622 7 3
4.43E9
4.775E10
31622 7 3
4.43E9
4.928E10
31622 7 3
5.9E9
4.479E10
31622 7 3
4.31E9
5.086E10
31622 7 3
4.56E9
4.71E10
31622 7 3
4.35E9
4.743E10
31622 7 3
4.39E9
4.929E10
31622 7 3
4.54E9
5.034E10
31622 7 3
4.36E9
4.857E10
31622 7 3
4.32E9
5.175E10
31622 7 3
4.24E9
5.148E10
31622 7 3
4.51E9
4.931E10
31622 7 3
4.72E9
4.998E10
56234 7 3
1.011E10
1.7122E11
56234 7 3
1.054E10
1.7997E11
56234 7 3
1.055E10
1.6568E11
56234 7 3
9.66E9
1.7631E11
56234 7 3
9.75E9
1.8168E11
56234 7 3
1.019E10
1.7743E11
56234 7 3
1.015E10
1.8213E11
56234 7 3
1.03E10
1.8078E11
56234 7 3
1.049E10
1.7946E11
56234 7 3
9.61E9
1.861E11
56234 7 3
9.97E9
1.9535E11
56234 7 3
1.075E10
1.8129E11
56234 7 3
1.065E10
1.8506E11
56234 7 3
1.034E10
1.9408E11
56234 7 3
9.86E9
1.8212E11
56234 7 3
1.037E10
1.8572E11
56234 7 3
1.014E10
1.8607E11
56234 7 3
1.044E10
1.8615E11
56234 7 3
1.022E10
1.8848E11
56234 7 3
9.39E9
2.0225E11
56234 7 3
1.06E10
1.999E11
56234 7 3
9.15E9
1.9928E11
56234 7 3
1.033E10
2.0437E11
56234 7 3
1.001E10
2.1064E11
56234 7 3
1.038E10
1.9581E11
56234 7 3
1.054E10
1.9635E11
56234 7 3
9.74E9
2.068E11
56234 7 3
1.058E10
2.0073E11
56234 7 3
9.87E9
2.1853E11
56234 7 3
1.031E10
2.2259E11
56234 7 3
1.016E10
2.2788E11
56234 7 3
9.84E9
2.2812E11
100000 7 3
2.381E10
5.422E11
100000 7 3
2.31E10
5.5366E11
100000 7 3
2.326E10
5.4999E11
100000 7 3
2.493E10
5.5529E11
100000 7 3
2.319E10
5.5853E11
100000 7 3
2.332E10
6.07E11
100000 7 3
2.358E10
6.0831E11
100000 7 3
2.314E10
5.6475E11
100000 7 3
2.685E10
5.6191E11
100000 7 3
2.313E10
5.9665E11
100000 7 3
2.372E10
5.6865E11
100000 7 3
2.311E10
6.0165E11
100000 7 3
2.694E10
5.4931E11
100000 7 3
2.331E10
5.7604E11
100000 7 3
2.313E10
5.9833E11
100000 7 3
2.319E10
5.6593E11
100000 7 3
2.335E10
6.0377E11
100000 7 3
2.318E10
5.869E11
100000 7 3
2.385E10
6.2364E11
100000 7 3
2.391E10
5.7788E11
100000 7 3
2.499E10
6.0938E11
100000 7 3
2.595E10
5.7709E11
100000 7 3
2.498E10
5.9994E11
100000 7 3
2.286E10
6.2442E11
100000 7 3
2.356E10
6.3245E11
100000 7 3
2.429E10
6.2288E11
100000 7 3
2.709E10
6.4245E11
100000 7 3
2.3E10
6.5139E11
100000 7 3
2.342E10
6.5257E11
100000 7 3
2.301E10
6.5816E11
100000 7 3
2.392E10
6.553E11
100000 7 3
2.3E10
6.748E11
