100 8 1
507812.5
429687.5
100 8 1
468750.0
429687.5
100 8 1
507812.5
468750.0
100 8 1
546875.0
429687.5
100 8 1
585937.5
468750.0
100 8 1
585937.5
429687.5
100 8 1
585937.5
429687.5
100 8 1
585937.5
429687.5
100 8 1
546875.0
429687.5
100 8 1
625000.0
429687.5
100 8 1
585937.5
429687.5
100 8 1
546875.0
429687.5
100 8 1
585937.5
468750.0
100 8 1
625000.0
429687.5
100 8 1
507812.5
429687.5
100 8 1
546875.0
429687.5
100 8 1
585937.5
429687.5
100 8 1
546875.0
429687.5
100 8 1
546875.0
390625.0
100 8 1
546875.0
390625.0
100 8 1
585937.5
410156.25
100 8 1
625000.0
410156.25
100 8 1
585937.5
390625.0
100 8 1
625000.0
351562.5
100 8 1
585937.5
390625.0
100 8 1
625000.0
390625.0
100 8 1
585937.5
390625.0
100 8 1
507812.5
371093.75
100 8 1
546875.0
390625.0
100 8 1
585937.5
390625.0
100 8 1
546875.0
390625.0
100 8 1
546875.0
371093.75
177 8 1
1484375.0
1015625.0
177 8 1
1406250.0
1015625.0
177 8 1
1406250.0
1093750.0
177 8 1
1484375.0
1093750.0
177 8 1
1328125.0
1171875.0
177 8 1
1484375.0
1171875.0
177 8 1
1562500.0
1171875.0
177 8 1
1484375.0
1015625.0
177 8 1
1484375.0
1093750.0
177 8 1
1562500.0
1328125.0
177 8 1
1406250.0
1328125.0
177 8 1
1562500.0
1171875.0
177 8 1
1328125.0
1093750.0
177 8 2
1484375.0
1328125.0
177 8 1
1562500.0
1171875.0
177 8 1
1406250.0
1328125.0
177 8 1
1484375.0
1093750.0
177 8 1
1562500.0
937500.0
177 8 1
1562500.0
1015625.0
177 8 1
1640625.0
1015625.0
177 8 1
1640625.0
1015625.0
177 8 1
1484375.0
1015625.0
177 8 1
1484375.0
1015625.0
177 8 1
1484375.0
1093750.0
177 8 1
1718750.0
937500.0
177 8 1
1406250.0
1093750.0
177 8 1
1718750.0
1093750.0
177 8 1
1484375.0
1093750.0
177 8 1
1484375.0
1093750.0
177 8 1
1640625.0
937500.0
177 8 1
1718750.0
1093750.0
177 8 1
1640625.0
1093750.0
316 8 1
4062500.0
3437500.0
316 8 1
4062500.0
2968750.0
316 8 1
3750000.0
2656250.0
316 8 1
4062500.0
2968750.0
316 8 1
4062500.0
2968750.0
316 8 1
4062500.0
2968750.0
316 8 1
3750000.0
2968750.0
316 8 1
3750000.0
3437500.0
316 8 2
3750000.0
3125000.0
316 8 1
4062500.0
3125000.0
316 8 1
3750000.0
2968750.0
316 8 1
3750000.0
2968750.0
316 8 1
3750000.0
2812500.0
316 8 1
4062500.0
2968750.0
316 8 1
4062500.0
3281250.0
316 8 1
4062500.0
3437500.0
316 8 1
4062500.0
2812500.0
316 8 1
4062500.0
2812500.0
316 8 1
3750000.0
3750000.0
316 8 1
4062500.0
2968750.0
316 8 2
3750000.0
2968750.0
316 8 1
4062500.0
2968750.0
316 8 1
4062500.0
3437500.0
316 8 2
4375000.0
3437500.0
316 8 1
4375000.0
3281250.0
316 8 1
4062500.0
2968750.0
316 8 2
3750000.0
3281250.0
316 8 1
4375000.0
3437500.0
316 8 1
4062500.0
2968750.0
316 8 1
3750000.0
2812500.0
316 8 1
4062500.0
2812500.0
316 8 1
3750000.0
2968750.0
562 8 2
1.0625E7
8750000.0
562 8 1
1.0E7
8125000.0
562 8 2
1.0625E7
8125000.0
562 8 2
1.0625E7
8125000.0
562 8 1
1.0625E7
9375000.0
562 8 1
9375000.0
8750000.0
562 8 1
9375000.0
8750000.0
562 8 1
1.0E7
7500000.0
562 8 1
1.0E7
8750000.0
562 8 1
1.0E7
8125000.0
562 8 1
1.0625E7
8750000.0
562 8 1
1.0E7
8750000.0
562 8 1
1.0E7
8750000.0
562 8 1
1.0E7
9375000.0
562 8 1
9375000.0
8125000.0
562 8 1
1.0E7
8125000.0
562 8 1
1.0E7
9375000.0
562 8 2
1.0E7
8125000.0
562 8 1
1.0625E7
8750000.0
562 8 1
9375000.0
8125000.0
562 8 1
9375000.0
8750000.0
562 8 1
1.0E7
8750000.0
562 8 1
1.0E7
7500000.0
562 8 1
1.0625E7
8125000.0
562 8 1
9375000.0
8125000.0
562 8 1
1.0625E7
8125000.0
562 8 1
1.0E7
8125000.0
562 8 1
1.0E7
7500000.0
562 8 1
1.125E7
8125000.0
562 8 2
9375000.0
8125000.0
562 8 2
1.0E7
8750000.0
562 8 1
8750000.0
8125000.0
1000 8 2
2.375E7
2.75E7
1000 8 2
2.5E7
3.0E7
1000 8 2
2.375E7
2.75E7
1000 8 2
2.5E7
3.5E7
1000 8 2
2.25E7
2.875E7
1000 8 2
2.5E7
4.75E7
1000 8 2
2.375E7
4.0E7
1000 8 2
2.75E7
2.75E7
1000 8 1
2.75E7
5.5E7
1000 8 2
2.5E7
3.5E7
1000 8 2
2.5E7
4.0E7
1000 8 2
2.25E7
3.875E7
1000 8 1
2.375E7
4.125E7
1000 8 1
2.25E7
4.75E7
1000 8 2
2.375E7
4.0E7
1000 8 2
2.375E7
2.5E7
1000 8 2
2.75E7
3.0E7
1000 8 1
3.0E7
3.0E7
1000 8 1
2.625E7
2.75E7
1000 8 2
2.75E7
2.75E7
1000 8 1
2.25E7
2.5E7
1000 8 2
2.625E7
2.75E7
1778 8 2
7.0E7
7.0E7
1000 8 2
2.5E7
2.375E7
1778 8 2
6.5E7
7.5E7
1000 8 2
3.0E7
2.75E7
1778 8 2
6.5E7
7.0E7
1778 8 2
6.5E7
1.2E8
1000 8 2
2.875E7
2.5E7
1778 8 2
6.0E7
1.1E8
1778 8 2
6.5E7
1.1E8
1000 8 2
3.125E7
3.0E7
1778 8 2
6.5E7
1.3E8
1778 8 2
6.5E7
1.3E8
1000 8 2
2.5E7
2.5E7
1778 8 2
6.5E7
1.3E8
1000 8 2
2.875E7
3.5E7
1778 8 2
7.0E7
8.0E7
1778 8 2
6.0E7
1.1E8
1778 8 2
7.0E7
1.1E8
1778 8 2
6.5E7
1.3E8
1000 8 2
2.375E7
2.5E7
1000 8 1
2.5E7
3.5E7
1778 8 2
6.5E7
8.5E7
1778 8 2
6.5E7
9.0E7
1000 8 2
2.75E7
3.25E7
1778 8 2
6.5E7
1.0E8
1778 8 2
6.0E7
9.5E7
1778 8 2
6.5E7
7.5E7
1000 8 2
2.5E7
2.625E7
1778 8 2
6.0E7
7.5E7
1778 8 2
7.0E7
8.5E7
1778 8 2
6.5E7
8.0E7
1778 8 2
6.5E7
7.5E7
1778 8 2
6.0E7
1.1E8
1778 8 2
6.5E7
9.5E7
1778 8 2
7.0E7
1.2E8
1778 8 2
6.5E7
1.05E8
1778 8 2
6.0E7
9.0E7
1778 8 2
6.0E7
9.5E7
1778 8 2
6.5E7
9.5E7
3162 8 2
1.6E8
2.8E8
1778 8 2
6.5E7
1.25E8
3162 8 2
1.6E8
2.8E8
1778 8 2
6.5E7
1.5E8
1778 8 2
6.0E7
1.55E8
3162 8 2
1.6E8
2.7E8
3162 8 2
1.6E8
2.7E8
3162 8 2
1.6E8
2.6E8
3162 8 2
1.6E8
2.7E8
3162 8 2
1.5E8
3.4E8
3162 8 2
1.7E8
2.6E8
3162 8 2
1.5E8
2.4E8
3162 8 2
1.6E8
3.2E8
3162 8 2
1.7E8
3.2E8
3162 8 2
1.5E8
3.0E8
3162 8 2
1.6E8
3.4E8
3162 8 2
1.6E8
4.0E8
3162 8 2
1.6E8
2.4E8
3162 8 2
1.6E8
3.3E8
3162 8 2
1.6E8
4.0E8
3162 8 2
1.4E8
3.4E8
3162 8 2
1.6E8
2.5E8
3162 8 2
1.5E8
3.8E8
3162 8 2
1.5E8
2.5E8
3162 8 2
2.0E8
2.6E8
3162 8 2
1.5E8
2.2E8
3162 8 2
1.9E8
2.3E8
3162 8 2
1.5E8
2.2E8
3162 8 2
1.6E8
2.2E8
3162 8 2
1.5E8
2.2E8
3162 8 2
1.7E8
2.4E8
3162 8 2
1.5E8
2.2E8
3162 8 2
1.4E8
2.1E8
3162 8 2
1.5E8
2.2E8
3162 8 2
1.5E8
2.2E8
5623 8 2
3.9E8
8.0E8
5623 8 2
3.7E8
9.0E8
5623 8 2
4.0E8
1.0E9
5623 8 2
3.9E8
8.5E8
5623 8 2
3.9E8
9.2E8
5623 8 2
3.8E8
8.5E8
5623 8 2
3.9E8
8.2E8
5623 8 2
3.8E8
8.8E8
5623 8 2
3.8E8
8.9E8
5623 8 2
3.9E8
1.07E9
5623 8 2
4.1E8
9.2E8
5623 8 2
3.8E8
1.25E9
5623 8 2
3.9E8
1.13E9
5623 8 2
3.9E8
9.6E8
5623 8 2
3.8E8
8.2E8
5623 8 2
4.1E8
9.4E8
5623 8 2
3.9E8
1.05E9
5623 8 2
4.0E8
9.5E8
5623 8 2
4.3E8
9.2E8
5623 8 2
3.9E8
8.7E8
5623 8 2
3.9E8
1.18E9
5623 8 2
3.8E8
1.4E9
5623 8 2
3.8E8
1.42E9
5623 8 2
3.9E8
1.31E9
5623 8 2
3.9E8
1.39E9
5623 8 2
3.9E8
1.48E9
5623 8 2
3.9E8
1.42E9
5623 8 2
3.9E8
1.42E9
5623 8 2
4.0E8
8.8E8
5623 8 2
4.0E8
1.31E9
5623 8 2
4.1E8
1.29E9
5623 8 2
4.1E8
9.9E8
10000 8 2
9.2E8
2.93E9
10000 8 2
9.2E8
2.89E9
10000 8 2
9.3E8
2.85E9
10000 8 2
9.2E8
2.97E9
10000 8 2
9.3E8
2.86E9
10000 8 2
9.2E8
2.95E9
10000 8 2
9.2E8
3.15E9
10000 8 2
9.2E8
3.02E9
10000 8 2
9.3E8
3.06E9
10000 8 2
9.2E8
3.04E9
10000 8 2
9.8E8
2.86E9
10000 8 2
9.2E8
3.37E9
10000 8 2
9.2E8
3.16E9
10000 8 2
9.2E8
3.22E9
10000 8 2
9.3E8
3.85E9
10000 8 2
9.3E8
3.68E9
10000 8 2
9.3E8
3.64E9
10000 8 2
9.1E8
4.05E9
10000 8 2
9.1E8
4.37E9
10000 8 2
9.3E8
4.23E9
10000 8 2
9.3E8
4.38E9
10000 8 2
1.0E9
4.13E9
10000 8 2
9.4E8
4.37E9
10000 8 2
1.06E9
4.38E9
10000 8 2
9.3E8
4.33E9
10000 8 2
9.7E8
4.33E9
10000 8 2
9.1E8
5.07E9
10000 8 2
8.9E8
4.76E9
10000 8 2
9.1E8
5.07E9
10000 8 2
9.1E8
5.01E9
10000 8 2
9.5E8
4.92E9
10000 8 2
9.0E8
4.91E9
17782 8 2
2.29E9
1.02E10
17782 8 2
2.24E9
1.087E10
17782 8 2
2.32E9
1.204E10
17782 8 2
2.24E9
1.22E10
17782 8 2
2.23E9
1.29E10
17782 8 2
2.49E9
1.286E10
17782 8 2
2.19E9
1.231E10
17782 8 2
2.19E9
1.343E10
17782 8 2
2.21E9
1.229E10
17782 8 2
2.31E9
1.314E10
17782 8 2
2.33E9
1.351E10
17782 8 2
2.43E9
1.405E10
17782 8 2
2.3E9
1.333E10
17782 8 2
2.17E9
1.264E10
17782 8 2
2.24E9
1.422E10
17782 8 2
2.22E9
1.33E10
17782 8 2
2.22E9
1.454E10
17782 8 2
2.3E9
1.382E10
17782 8 2
2.57E9
1.251E10
17782 8 2
2.2E9
1.417E10
17782 8 2
2.44E9
1.437E10
17782 8 2
2.59E9
1.352E10
17782 8 2
2.17E9
1.473E10
17782 8 2
2.44E9
1.459E10
17782 8 2
2.51E9
1.407E10
17782 8 2
2.57E9
1.379E10
17782 8 2
2.33E9
1.42E10
17782 8 2
2.51E9
1.428E10
17782 8 2
2.35E9
1.427E10
17782 8 2
2.22E9
1.38E10
17782 8 2
2.44E9
1.44E10
17782 8 2
2.26E9
1.456E10
31622 8 2
5.19E9
4.719E10
31622 8 2
5.6E9
5.064E10
31622 8 2
5.36E9
4.755E10
31622 8 2
5.3E9
4.932E10
31622 8 2
5.53E9
5.317E10
31622 8 2
5.33E9
4.997E10
31622 8 2
5.26E9
5.053E10
31622 8 2
5.26E9
5.061E10
31622 8 2
5.05E9
5.131E10
31622 8 2
5.38E9
5.216E10
31622 8 2
5.3E9
5.002E10
31622 8 2
5.28E9
5.311E10
31622 8 2
5.42E9
5.124E10
31622 8 2
5.64E9
5.433E10
31622 8 3
5.39E9
5.514E10
31622 8 2
5.6E9
5.51E10
31622 8 2
5.41E9
5.642E10
31622 8 2
5.35E9
5.479E10
31622 8 2
5.55E9
5.601E10
31622 8 2
5.78E9
5.661E10
31622 8 2
5.38E9
5.962E10
31622 8 2
5.32E9
5.711E10
31622 8 2
5.72E9
6.148E10
31622 8 2
5.3E9
5.89E10
31622 8 2
5.61E9
5.884E10
31622 8 2
5.54E9
5.865E10
31622 8 2
5.08E9
6.156E10
31622 8 2
6.1E9
6.086E10
31622 8 2
5.61E9
6.289E10
31622 8 2
5.48E9
6.249E10
31622 8 2
5.46E9
6.553E10
31622 8 2
5.72E9
6.383E10
56234 8 2
1.282E10
1.697E11
56234 8 2
1.279E10
1.7999E11
56234 8 2
1.263E10
1.853E11
56234 8 2
1.273E10
1.8703E11
56234 8 2
1.283E10
1.8628E11
56234 8 3
1.292E10
1.9612E11
56234 8 2
1.408E10
1.8265E11
56234 8 2
1.31E10
1.907E11
56234 8 2
1.284E10
1.9689E11
56234 8 3
1.273E10
1.9715E11
56234 8 2
1.307E10
1.9545E11
56234 8 3
1.263E10
2.0079E11
56234 8 3
1.269E10
2.0415E11
56234 8 2
1.595E10
1.9078E11
56234 8 2
1.265E10
2.1066E11
56234 8 2
1.32E10
2.0787E11
56234 8 2
1.303E10
2.0395E11
56234 8 2
1.36E10
1.9922E11
56234 8 2
1.302E10
2.1267E11
56234 8 2
1.263E10
2.164E11
56234 8 2
1.26E10
2.0874E11
56234 8 2
1.287E10
2.1434E11
56234 8 2
1.308E10
2.0879E11
56234 8 2
1.292E10
2.1898E11
56234 8 2
1.325E10
2.1372E11
56234 8 2
1.277E10
2.2466E11
56234 8 2
1.272E10
2.2004E11
56234 8 2
1.272E10
2.3235E11
56234 8 2
1.292E10
2.3788E11
56234 8 2
1.302E10
2.3719E11
56234 8 2
1.735E10
2.2989E11
56234 8 2
1.376E10
2.4224E11
100000 8 2
3.052E10
5.3565E11
100000 8 3
3.172E10
5.2499E11
100000 8 3
3.068E10
5.8141E11
100000 8 3
2.92E10
6.4262E11
100000 8 2
3.01E10
6.2388E11
100000 8 2
3.013E10
6.337E11
100000 8 3
3.017E10
6.4845E11
100000 8 3
3.028E10
6.2639E11
100000 8 3
3.09E10
6.5318E11
100000 8 3
3.029E10
6.4039E11
100000 8 3
3.042E10
6.3481E11
100000 8 3
3.024E10
6.344E11
100000 8 3
3.127E10
6.7221E11
100000 8 3
3.159E10
6.1631E11
100000 8 3
3.023E10
6.4248E11
100000 8 2
3.04E10
6.2115E11
100000 8 2
2.998E10
6.7094E11
100000 8 2
3.175E10
6.5263E11
100000 8 2
3.083E10
6.3836E11
100000 8 3
3.954E10
6.4416E11
100000 8 3
3.092E10
6.6551E11
100000 8 2
3.0E10
6.5663E11
100000 8 2
3.114E10
6.6165E11
100000 8 3
3.148E10
6.2096E11
100000 8 3
3.106E10
6.5769E11
100000 8 3
3.069E10
6.6163E11
100000 8 3
3.081E10
6.7166E11
100000 8 3
3.126E10
6.3751E11
100000 8 2
3.11E10
6.5382E11
100000 8 2
3.078E10
7.0564E11
100000 8 3
3.05E10
6.9725E11
100000 8 3
3.079E10
7.0551E11
