100 4 3
429687.5
273437.5
100 4 2
429687.5
273437.5
100 4 3
429687.5
273437.5
100 4 3
429687.5
273437.5
100 4 2
429687.5
312500.0
100 4 3
429687.5
292968.75
100 4 3
429687.5
292968.75
100 4 3
390625.0
292968.75
100 4 3
390625.0
273437.5
100 4 3
410156.25
292968.75
100 4 3
410156.25
292968.75
100 4 3
390625.0
292968.75
100 4 2
390625.0
312500.0
100 4 3
410156.25
273437.5
100 4 3
390625.0
312500.0
100 4 2
410156.25
273437.5
100 4 2
429687.5
234375.0
100 4 2
429687.5
292968.75
100 4 3
410156.25
273437.5
100 4 3
410156.25
312500.0
100 4 3
410156.25
292968.75
100 4 2
390625.0
292968.75
100 4 3
410156.25
292968.75
100 4 3
429687.5
312500.0
100 4 3
371093.75
273437.5
100 4 2
371093.75
292968.75
100 4 2
390625.0
292968.75
100 4 3
410156.25
312500.0
100 4 3
410156.25
312500.0
100 4 3
390625.0
273437.5
100 4 3
410156.25
292968.75
100 4 2
410156.25
292968.75
177 4 3
937500.0
859375.0
177 4 3
859375.0
742187.5
177 4 3
859375.0
820312.5
177 4 3
937500.0
859375.0
177 4 3
937500.0
1015625.0
177 4 3
937500.0
937500.0
177 4 3
937500.0
859375.0
177 4 3
859375.0
859375.0
177 4 3
937500.0
1171875.0
177 4 4
859375.0
937500.0
177 4 3
937500.0
859375.0
177 4 3
937500.0
1132812.5
177 4 3
937500.0
937500.0
177 4 3
1015625.0
859375.0
177 4 3
859375.0
859375.0
177 4 3
859375.0
742187.5
177 4 3
1250000.0
859375.0
177 4 3
859375.0
742187.5
177 4 3
937500.0
703125.0
177 4 3
859375.0
781250.0
177 4 3
859375.0
820312.5
177 4 3
859375.0
742187.5
177 4 3
937500.0
781250.0
177 4 3
859375.0
742187.5
177 4 3
859375.0
703125.0
177 4 3
1093750.0
859375.0
177 4 3
937500.0
703125.0
177 4 3
1015625.0
781250.0
177 4 3
859375.0
742187.5
177 4 3
1328125.0
781250.0
177 4 3
859375.0
742187.5
177 4 2
898437.5
781250.0
316 4 4
2031250.0
2187500.0
316 4 4
2031250.0
2500000.0
316 4 3
2031250.0
2031250.0
316 4 4
2187500.0
3437500.0
316 4 3
2031250.0
2343750.0
316 4 3
2031250.0
2187500.0
316 4 3
2187500.0
2187500.0
316 4 4
2187500.0
2187500.0
316 4 3
2031250.0
2187500.0
316 4 3
2031250.0
2031250.0
316 4 3
2031250.0
2500000.0
316 4 4
2187500.0
2500000.0
316 4 3
2187500.0
2031250.0
316 4 3
2031250.0
2500000.0
316 4 3
2187500.0
3593750.0
316 4 3
2031250.0
2187500.0
316 4 3
2343750.0
2187500.0
316 4 3
2031250.0
2500000.0
316 4 4
1875000.0
2656250.0
316 4 3
2187500.0
2343750.0
316 4 4
2343750.0
2187500.0
316 4 3
2656250.0
2031250.0
316 4 4
2656250.0
2187500.0
316 4 3
2500000.0
2187500.0
316 4 4
2656250.0
2187500.0
316 4 3
3281250.0
2187500.0
316 4 3
2343750.0
2187500.0
316 4 3
3593750.0
2187500.0
316 4 3
2031250.0
2500000.0
316 4 3
3750000.0
2187500.0
316 4 3
2187500.0
2343750.0
316 4 3
2500000.0
2187500.0
562 4 4
4687500.0
8125000.0
562 4 4
5000000.0
6875000.0
562 4 4
4687500.0
6875000.0
562 4 4
4687500.0
7500000.0
562 4 4
5625000.0
5312500.0
562 4 4
7500000.0
6875000.0
562 4 4
5000000.0
6875000.0
562 4 4
6250000.0
5625000.0
562 4 4
5312500.0
1.25E7
562 4 4
5000000.0
6875000.0
562 4 4
4687500.0
7500000.0
562 4 4
5312500.0
7187500.0
562 4 4
5000000.0
6875000.0
562 4 4
5000000.0
7187500.0
562 4 4
5000000.0
6875000.0
562 4 4
5000000.0
6562500.0
562 4 4
4687500.0
6875000.0
562 4 4
7500000.0
9062500.0
562 4 4
4687500.0
6875000.0
562 4 3
4687500.0
5625000.0
562 4 4
6562500.0
6875000.0
562 4 4
5625000.0
5937500.0
562 4 4
5312500.0
5937500.0
562 4 5
5625000.0
5937500.0
1000 4 4
1.5E7
1.875E7
562 4 4
5000000.0
5625000.0
562 4 4
5312500.0
5625000.0
562 4 4
5625000.0
6875000.0
1000 4 4
1.625E7
1.5E7
562 4 4
8125000.0
6562500.0
562 4 4
5312500.0
5625000.0
562 4 4
7500000.0
8437500.0
1000 4 4
1.125E7
2.75E7
1000 4 5
1.25E7
1.5E7
562 4 4
5937500.0
5625000.0
1000 4 5
1.0625E7
1.5E7
1000 4 5
1.1875E7
3.5E7
562 4 4
6875000.0
1.03125E7
1000 4 5
1.0E7
2.875E7
1000 4 5
1.0625E7
1.5E7
1000 4 5
1.0625E7
1.75E7
1000 4 5
1.0E7
1.75E7
1000 4 4
1.0E7
1.75E7
1000 4 4
1.0E7
1.5E7
1000 4 5
1.1875E7
2.0E7
1000 4 4
1.25E7
1.625E7
1000 4 5
1.3125E7
1.5E7
1000 4 4
1.0E7
2.25E7
1000 4 4
1.0E7
2.375E7
1000 4 4
1.9375E7
1.75E7
1000 4 5
2.125E7
1.625E7
1000 4 5
1.375E7
1.625E7
1000 4 5
2.125E7
1.75E7
1000 4 4
1.25E7
1.5E7
1000 4 4
1.25E7
2.0E7
1000 4 5
1.1875E7
1.5E7
1000 4 4
1.125E7
1.625E7
1000 4 4
1.1875E7
1.5E7
1000 4 5
1.1875E7
1.75E7
1000 4 5
1.25E7
1.5E7
1000 4 4
1.125E7
1.75E7
1778 4 5
3.25E7
4.0E7
1000 4 5
1.125E7
3.0E7
1778 4 6
3.5E7
3.75E7
1000 4 5
1.125E7
1.625E7
1778 4 5
3.0E7
3.75E7
1778 4 6
2.375E7
8.5E7
1778 4 5
3.0E7
1.1E8
1778 4 6
3.25E7
3.75E7
1778 4 5
3.125E7
1.3E8
1778 4 5
2.5E7
4.5E7
1000 4 4
1.375E7
1.75E7
1778 4 5
2.375E7
4.5E7
1778 4 5
2.25E7
4.5E7
1778 4 5
2.75E7
5.5E7
1778 4 5
2.25E7
4.25E7
1778 4 5
2.75E7
4.5E7
1778 4 5
2.125E7
4.0E7
1778 4 6
2.75E7
5.5E7
1778 4 6
2.875E7
4.25E7
1778 4 5
2.5E7
5.75E7
1778 4 5
2.75E7
4.75E7
1778 4 5
4.25E7
4.0E7
1778 4 5
2.25E7
4.5E7
1778 4 5
2.375E7
4.25E7
3162 4 5
6.0E7
1.7E8
1778 4 6
3.875E7
4.75E7
3162 4 6
7.5E7
1.7E8
3162 4 6
8.5E7
1.6E8
1778 4 5
2.5E7
4.25E7
3162 4 6
7.0E7
1.5E8
1778 4 5
2.5E7
5.25E7
3162 4 6
7.0E7
1.4E8
1778 4 5
2.75E7
4.25E7
1778 4 5
3.25E7
6.0E7
1778 4 5
2.875E7
1.1E8
1778 4 5
3.5E7
6.5E7
1778 4 5
2.875E7
4.0E7
1778 4 5
2.5E7
7.0E7
3162 4 6
5.0E7
1.8E8
3162 4 6
5.5E7
1.7E8
1778 4 5
2.25E7
8.5E7
3162 4 6
6.75E7
2.0E8
3162 4 6
6.0E7
1.8E8
1778 4 5
2.375E7
5.25E7
3162 4 6
9.5E7
2.4E8
3162 4 6
6.0E7
1.6E8
3162 4 6
5.75E7
1.5E8
3162 4 6
6.0E7
2.1E8
3162 4 6
5.75E7
1.8E8
3162 4 6
7.0E7
1.5E8
3162 4 7
6.5E7
1.7E8
3162 4 5
6.5E7
1.5E8
3162 4 6
1.3E8
1.4E8
3162 4 6
5.0E7
1.8E8
3162 4 6
8.0E7
1.8E8
3162 4 6
5.5E7
1.6E8
3162 4 5
6.5E7
1.8E8
3162 4 6
9.5E7
1.6E8
3162 4 6
6.0E7
1.7E8
3162 4 6
5.0E7
1.9E8
3162 4 6
5.5E7
1.7E8
3162 4 6
6.5E7
1.6E8
3162 4 6
6.25E7
1.4E8
3162 4 6
5.75E7
1.5E8
3162 4 6
6.25E7
1.5E8
3162 4 6
6.25E7
2.2E8
3162 4 6
6.0E7
2.3E8
5623 4 6
1.4E8
5.1E8
5623 4 8
1.6E8
5.4E8
5623 4 6
1.3E8
5.4E8
5623 4 6
1.1E8
5.6E8
5623 4 7
1.2E8
5.1E8
5623 4 6
1.1E8
4.9E8
5623 4 7
1.1E8
5.0E8
5623 4 7
1.3E8
5.2E8
5623 4 7
1.1E8
5.4E8
5623 4 7
1.15E8
5.1E8
5623 4 6
1.2E8
5.9E8
5623 4 7
1.3E8
6.3E8
5623 4 7
1.15E8
5.5E8
5623 4 7
9.5E7
4.8E8
5623 4 6
1.3E8
5.6E8
5623 4 7
1.05E8
5.0E8
5623 4 7
1.2E8
6.5E8
5623 4 7
1.7E8
5.6E8
5623 4 7
1.5E8
4.9E8
5623 4 6
1.5E8
6.5E8
5623 4 7
1.9E8
5.9E8
5623 4 7
1.1E8
5.9E8
5623 4 7
1.3E8
4.6E8
5623 4 7
2.0E8
6.2E8
5623 4 8
2.3E8
5.9E8
5623 4 7
1.3E8
4.6E8
5623 4 7
1.05E8
5.6E8
5623 4 7
1.25E8
5.1E8
5623 4 7
2.1E8
4.9E8
5623 4 7
1.55E8
4.8E8
5623 4 7
1.2E8
5.9E8
5623 4 7
1.85E8
5.5E8
10000 4 8
2.1E8
1.47E9
10000 4 8
2.3E8
1.46E9
10000 4 7
2.4E8
1.69E9
10000 4 8
2.4E8
1.67E9
10000 4 8
2.6E8
1.47E9
10000 4 7
2.4E8
1.43E9
10000 4 8
2.4E8
1.44E9
10000 4 8
2.3E8
1.45E9
10000 4 8
2.6E8
1.64E9
10000 4 7
2.4E8
1.71E9
10000 4 8
2.5E8
1.59E9
10000 4 8
2.3E8
1.52E9
10000 4 8
2.7E8
1.71E9
10000 4 8
2.6E8
1.7E9
10000 4 8
3.5E8
1.66E9
10000 4 8
2.8E8
1.73E9
10000 4 7
3.0E8
1.77E9
10000 4 7
3.5E8
1.64E9
10000 4 8
3.0E8
1.69E9
10000 4 8
2.8E8
1.89E9
10000 4 8
2.0E8
1.64E9
10000 4 8
2.6E8
1.97E9
10000 4 8
2.0E8
1.6E9
10000 4 7
2.8E8
1.7E9
10000 4 8
2.4E8
1.62E9
10000 4 7
3.1E8
1.55E9
10000 4 8
2.4E8
1.9E9
10000 4 8
3.2E8
1.48E9
10000 4 7
2.3E8
2.05E9
10000 4 8
2.3E8
2.05E9
10000 4 8
2.2E8
2.03E9
10000 4 8
3.9E8
1.92E9
17782 4 8
4.9E8
4.45E9
17782 4 9
5.1E8
4.34E9
17782 4 9
5.3E8
4.44E9
17782 4 9
5.2E8
4.45E9
17782 4 9
5.0E8
4.74E9
17782 4 9
4.9E8
4.65E9
17782 4 9
5.1E8
5.16E9
17782 4 8
8.1E8
3.85E9
17782 4 9
5.3E8
4.8E9
17782 4 9
5.2E8
5.41E9
17782 4 9
5.3E8
5.43E9
17782 4 9
5.3E8
5.45E9
17782 4 9
5.0E8
5.11E9
17782 4 9
5.7E8
5.2E9
17782 4 8
5.5E8
5.3E9
17782 4 9
5.4E8
5.4E9
17782 4 9
5.5E8
5.93E9
17782 4 9
5.0E8
5.5E9
17782 4 8
5.3E8
5.29E9
17782 4 9
6.2E8
5.47E9
17782 4 8
5.2E8
5.5E9
17782 4 9
5.4E8
6.13E9
17782 4 8
6.9E8
5.66E9
17782 4 9
5.0E8
5.48E9
17782 4 8
4.8E8
5.65E9
17782 4 9
6.3E8
5.56E9
17782 4 9
6.3E8
5.94E9
17782 4 9
6.7E8
5.53E9
17782 4 9
7.1E8
5.77E9
17782 4 9
6.4E8
5.38E9
17782 4 9
7.0E8
5.88E9
17782 4 8
5.6E8
6.11E9
31622 4 10
1.02E9
1.522E10
31622 4 10
1.06E9
1.652E10
31622 4 10
1.07E9
1.649E10
31622 4 11
1.09E9
1.671E10
31622 4 10
1.14E9
1.714E10
31622 4 10
1.12E9
1.74E10
31622 4 10
1.24E9
1.739E10
31622 4 9
1.17E9
1.696E10
31622 4 10
1.21E9
1.754E10
31622 4 10
1.14E9
1.745E10
31622 4 10
1.17E9
1.719E10
31622 4 10
1.1E9
1.915E10
31622 4 10
1.25E9
1.791E10
31622 4 10
1.32E9
1.735E10
31622 4 10
1.22E9
1.788E10
31622 4 10
1.28E9
1.859E10
31622 4 10
1.19E9
1.883E10
31622 4 10
1.23E9
1.829E10
31622 4 10
1.25E9
1.938E10
31622 4 9
1.3E9
1.799E10
31622 4 10
1.22E9
1.951E10
31622 4 10
1.07E9
2.054E10
31622 4 10
1.21E9
1.883E10
31622 4 10
1.34E9
2.01E10
31622 4 11
1.3E9
1.936E10
31622 4 10
1.28E9
2.001E10
31622 4 10
1.16E9
2.042E10
31622 4 10
1.24E9
2.052E10
31622 4 10
1.36E9
2.041E10
31622 4 10
1.16E9
2.099E10
31622 4 10
1.23E9
2.191E10
31622 4 10
1.28E9
2.164E10
56234 4 11
2.49E9
5.188E10
56234 4 11
2.44E9
6.031E10
56234 4 12
2.84E9
5.853E10
56234 4 12
2.41E9
6.392E10
56234 4 11
2.57E9
5.676E10
56234 4 11
2.48E9
5.937E10
56234 4 12
2.71E9
5.942E10
56234 4 12
2.23E9
5.798E10
56234 4 11
2.54E9
6.062E10
56234 4 11
2.7E9
5.891E10
56234 4 11
2.66E9
6.776E10
56234 4 11
2.5E9
6.575E10
56234 4 11
2.43E9
7.006E10
56234 4 12
2.72E9
6.721E10
56234 4 12
2.51E9
6.798E10
56234 4 11
2.64E9
6.971E10
56234 4 11
2.79E9
6.91E10
56234 4 11
3.05E9
6.971E10
56234 4 11
2.98E9
6.955E10
56234 4 12
2.85E9
6.923E10
56234 4 11
2.64E9
7.511E10
56234 4 12
2.44E9
6.938E10
56234 4 12
2.39E9
7.45E10
56234 4 11
2.87E9
7.052E10
56234 4 11
2.56E9
7.168E10
56234 4 11
2.51E9
7.467E10
56234 4 11
2.95E9
7.451E10
56234 4 12
2.65E9
7.556E10
56234 4 12
2.69E9
8.057E10
56234 4 11
2.64E9
7.857E10
56234 4 11
2.93E9
8.047E10
56234 4 11
3.47E9
8.618E10
100000 4 13
4.57E9
2.011E11
100000 4 13
4.78E9
1.9473E11
100000 4 13
5.03E9
2.0048E11
100000 4 13
6.64E9
2.0724E11
100000 4 13
5.6E9
2.1947E11
100000 4 13
5.56E9
2.0575E11
100000 4 13
5.55E9
2.0905E11
100000 4 13
4.3E9
1.957E11
100000 4 13
5.57E9
2.125E11
100000 4 13
5.33E9
2.2448E11
100000 4 13
4.81E9
2.1586E11
100000 4 13
4.63E9
2.1039E11
100000 4 13
4.95E9
2.0489E11
100000 4 12
5.52E9
2.1818E11
100000 4 13
5.51E9
2.3274E11
100000 4 13
5.54E9
2.2903E11
100000 4 13
5.1E9
2.3038E11
100000 4 13
4.75E9
2.2017E11
100000 4 13
4.59E9
2.1699E11
100000 4 13
5.77E9
2.2314E11
100000 4 13
5.41E9
2.3359E11
100000 4 13
5.17E9
2.3532E11
100000 4 13
5.29E9
2.3307E11
100000 4 13
4.78E9
2.1799E11
100000 4 12
5.68E9
2.2863E11
100000 4 13
4.96E9
2.2898E11
100000 4 13
5.86E9
2.3196E11
100000 4 13
5.5E9
2.4103E11
100000 4 14
4.89E9
2.4806E11
100000 4 13
5.68E9
2.4775E11
100000 4 13
5.84E9
2.3279E11
100000 4 12
5.71E9
2.3919E11
