100 5 1
507812.5
429687.5
100 5 2
468750.0
429687.5
100 5 2
468750.0
429687.5
100 5 3
507812.5
429687.5
100 5 2
468750.0
429687.5
100 5 2
468750.0
429687.5
100 5 2
429687.5
390625.0
100 5 2
468750.0
332031.25
100 5 2
507812.5
351562.5
100 5 2
468750.0
410156.25
100 5 2
429687.5
371093.75
100 5 2
507812.5
332031.25
100 5 2
468750.0
351562.5
100 5 2
507812.5
371093.75
100 5 2
468750.0
371093.75
100 5 2
507812.5
390625.0
100 5 2
507812.5
371093.75
100 5 2
507812.5
351562.5
100 5 2
429687.5
390625.0
100 5 2
468750.0
410156.25
100 5 2
468750.0
371093.75
100 5 2
468750.0
390625.0
100 5 2
507812.5
410156.25
100 5 2
468750.0
351562.5
100 5 2
468750.0
351562.5
100 5 2
468750.0
371093.75
100 5 2
468750.0
390625.0
100 5 2
468750.0
390625.0
100 5 2
546875.0
390625.0
100 5 2
507812.5
351562.5
100 5 2
468750.0
371093.75
100 5 2
546875.0
351562.5
177 5 2
1171875.0
1171875.0
177 5 2
1250000.0
1015625.0
177 5 2
1171875.0
1093750.0
177 5 2
1171875.0
937500.0
177 5 2
1171875.0
1015625.0
177 5 2
1171875.0
1093750.0
177 5 2
1171875.0
1015625.0
177 5 2
1171875.0
937500.0
177 5 2
1171875.0
937500.0
177 5 2
1171875.0
1093750.0
177 5 3
1250000.0
1093750.0
177 5 2
1093750.0
937500.0
177 5 2
1093750.0
1015625.0
177 5 2
1250000.0
1015625.0
177 5 2
1250000.0
1015625.0
177 5 2
1171875.0
1015625.0
177 5 2
1171875.0
1093750.0
177 5 2
1171875.0
1093750.0
177 5 2
1171875.0
937500.0
177 5 2
1171875.0
937500.0
177 5 2
1171875.0
937500.0
177 5 2
1250000.0
1015625.0
177 5 2
1171875.0
937500.0
177 5 2
1171875.0
1015625.0
177 5 2
1171875.0
1015625.0
177 5 2
1171875.0
1015625.0
177 5 2
1250000.0
937500.0
177 5 2
1250000.0
1015625.0
177 5 2
1250000.0
1015625.0
177 5 2
1250000.0
937500.0
177 5 2
1093750.0
937500.0
177 5 3
1328125.0
1015625.0
316 5 2
2812500.0
3437500.0
316 5 2
2656250.0
3125000.0
316 5 3
2968750.0
3437500.0
316 5 2
2812500.0
3750000.0
316 5 2
2968750.0
3750000.0
316 5 2
2812500.0
4062500.0
316 5 3
2812500.0
4375000.0
316 5 2
2968750.0
3437500.0
316 5 2
2812500.0
3281250.0
316 5 2
2812500.0
4375000.0
316 5 3
2812500.0
4062500.0
316 5 2
2812500.0
4062500.0
316 5 3
2812500.0
3125000.0
316 5 2
2812500.0
3906250.0
316 5 2
2812500.0
3125000.0
316 5 2
2812500.0
2968750.0
316 5 2
2812500.0
2812500.0
316 5 2
2968750.0
2812500.0
316 5 2
2812500.0
2968750.0
316 5 2
2656250.0
3593750.0
316 5 2
2812500.0
3125000.0
316 5 3
2968750.0
2656250.0
316 5 2
2812500.0
2812500.0
316 5 2
2656250.0
2656250.0
316 5 2
2656250.0
3125000.0
316 5 3
2812500.0
2812500.0
316 5 2
2968750.0
2968750.0
316 5 3
3125000.0
2812500.0
316 5 2
3125000.0
2656250.0
316 5 2
3125000.0
2812500.0
316 5 2
3125000.0
2812500.0
316 5 2
3281250.0
2968750.0
562 5 3
7500000.0
7500000.0
562 5 3
7500000.0
8125000.0
562 5 3
7500000.0
6875000.0
562 5 2
7500000.0
7500000.0
562 5 3
7500000.0
8125000.0
562 5 3
7500000.0
8125000.0
562 5 3
6875000.0
8750000.0
562 5 2
7500000.0
8125000.0
562 5 2
6875000.0
6875000.0
562 5 2
6875000.0
8125000.0
562 5 3
6875000.0
7500000.0
562 5 3
7500000.0
8125000.0
562 5 3
6875000.0
7500000.0
562 5 2
6875000.0
7500000.0
562 5 3
6875000.0
8125000.0
562 5 3
6875000.0
7500000.0
562 5 3
6875000.0
8750000.0
562 5 3
6875000.0
6875000.0
562 5 3
6875000.0
7500000.0
562 5 3
6875000.0
7500000.0
562 5 3
6875000.0
7500000.0
562 5 3
7500000.0
7500000.0
562 5 2
8750000.0
7187500.0
562 5 3
7500000.0
6875000.0
562 5 2
6875000.0
6875000.0
562 5 3
6875000.0
7500000.0
562 5 3
6875000.0
6875000.0
562 5 2
6875000.0
7500000.0
562 5 3
6875000.0
8125000.0
562 5 3
7187500.0
6875000.0
562 5 3
6875000.0
7500000.0
562 5 3
6875000.0
7500000.0
1000 5 3
1.625E7
2.0E7
1000 5 3
1.875E7
2.125E7
1000 5 3
1.75E7
2.125E7
1000 5 3
1.625E7
2.0E7
1000 5 3
1.625E7
2.375E7
1000 5 3
1.75E7
3.0E7
1000 5 3
1.375E7
2.25E7
1000 5 3
1.75E7
2.125E7
1000 5 3
1.75E7
2.375E7
1000 5 3
1.5E7
2.75E7
1000 5 3
1.625E7
3.0E7
1000 5 3
1.875E7
3.25E7
1000 5 3
1.625E7
2.625E7
1000 5 3
1.75E7
3.25E7
1000 5 3
1.625E7
2.875E7
1000 5 3
1.625E7
3.0E7
1000 5 3
1.625E7
2.875E7
1000 5 3
1.75E7
3.0E7
1000 5 3
1.75E7
3.0E7
1000 5 3
1.5E7
2.0E7
1000 5 3
1.5E7
2.5E7
1000 5 3
1.875E7
2.75E7
1000 5 3
1.75E7
2.625E7
1000 5 3
1.625E7
2.125E7
1000 5 3
1.75E7
2.125E7
1000 5 3
1.75E7
2.125E7
1000 5 3
1.75E7
2.25E7
1000 5 3
1.625E7
2.25E7
1000 5 3
2.0E7
2.25E7
1000 5 3
1.625E7
2.75E7
1000 5 3
1.875E7
2.125E7
1778 5 4
4.5E7
6.0E7
1000 5 3
1.625E7
2.125E7
1778 5 3
3.75E7
5.5E7
1778 5 3
3.75E7
6.0E7
1778 5 3
4.0E7
5.5E7
1778 5 3
4.0E7
6.0E7
1778 5 3
3.75E7
7.0E7
1778 5 3
4.0E7
7.5E7
1778 5 3
3.75E7
9.5E7
1778 5 3
4.0E7
6.0E7
1778 5 4
3.75E7
1.0E8
1778 5 3
4.0E7
8.0E7
1778 5 3
3.75E7
8.0E7
1778 5 3
4.5E7
8.5E7
1778 5 3
3.5E7
1.0E8
1778 5 3
4.0E7
9.0E7
1778 5 3
3.75E7
6.5E7
1778 5 3
4.0E7
9.0E7
1778 5 3
4.75E7
6.5E7
1778 5 3
4.25E7
8.0E7
1778 5 3
4.0E7
6.5E7
1778 5 3
4.25E7
7.0E7
1778 5 4
3.5E7
6.5E7
1778 5 4
4.0E7
7.0E7
1778 5 3
5.0E7
7.0E7
1778 5 3
3.75E7
6.5E7
1778 5 3
3.5E7
6.5E7
1778 5 3
3.75E7
6.5E7
1778 5 3
3.75E7
6.5E7
1778 5 3
4.25E7
6.0E7
1778 5 3
4.0E7
5.5E7
1778 5 3
4.0E7
6.0E7
1778 5 3
4.0E7
6.0E7
3162 5 4
8.5E7
2.3E8
3162 5 3
9.5E7
2.3E8
3162 5 3
9.5E7
2.0E8
3162 5 3
9.0E7
2.0E8
3162 5 3
8.5E7
2.0E8
3162 5 4
1.0E8
2.3E8
3162 5 3
9.5E7
2.4E8
3162 5 4
1.0E8
2.4E8
3162 5 4
9.0E7
2.3E8
3162 5 4
8.5E7
2.6E8
3162 5 3
9.0E7
2.2E8
3162 5 4
9.0E7
2.2E8
3162 5 3
8.0E7
2.8E8
3162 5 3
8.5E7
2.1E8
3162 5 4
9.0E7
2.7E8
3162 5 4
8.5E7
2.7E8
3162 5 3
8.5E7
2.6E8
3162 5 4
8.0E7
2.7E8
3162 5 4
9.5E7
2.6E8
3162 5 3
9.0E7
2.5E8
3162 5 4
9.0E7
2.7E8
3162 5 4
9.0E7
2.7E8
3162 5 4
9.0E7
2.2E8
3162 5 3
8.5E7
2.2E8
3162 5 4
9.0E7
2.2E8
3162 5 4
9.5E7
2.5E8
3162 5 4
9.0E7
2.6E8
3162 5 3
8.5E7
2.4E8
3162 5 4
8.5E7
2.5E8
3162 5 3
9.5E7
2.2E8
3162 5 4
8.5E7
2.2E8
3162 5 4
8.5E7
2.4E8
5623 5 4
2.1E8
7.5E8
5623 5 4
2.2E8
7.6E8
5623 5 4
2.0E8
7.2E8
5623 5 4
2.0E8
8.1E8
5623 5 4
2.2E8
8.4E8
5623 5 4
2.1E8
8.5E8
5623 5 4
2.1E8
8.5E8
5623 5 4
2.0E8
7.4E8
5623 5 4
2.0E8
8.3E8
5623 5 4
2.1E8
7.4E8
5623 5 4
1.9E8
9.0E8
5623 5 4
2.1E8
8.2E8
5623 5 4
1.9E8
7.2E8
5623 5 4
2.1E8
8.8E8
5623 5 4
2.0E8
9.3E8
5623 5 4
2.1E8
8.8E8
5623 5 4
2.0E8
8.9E8
5623 5 4
2.0E8
9.3E8
5623 5 4
2.0E8
9.2E8
5623 5 4
2.0E8
8.4E8
5623 5 4
2.0E8
8.4E8
5623 5 4
1.9E8
7.3E8
5623 5 4
1.9E8
8.9E8
5623 5 4
1.9E8
7.6E8
5623 5 4
2.1E8
9.4E8
5623 5 4
2.0E8
8.9E8
5623 5 4
2.4E8
9.2E8
5623 5 4
2.1E8
9.0E8
5623 5 5
2.1E8
8.8E8
5623 5 4
2.2E8
8.2E8
5623 5 4
2.4E8
9.0E8
5623 5 4
2.4E8
8.4E8
10000 5 5
4.4E8
2.23E9
10000 5 5
4.5E8
2.32E9
10000 5 4
4.2E8
2.42E9
10000 5 4
4.4E8
2.31E9
10000 5 4
4.3E8
2.32E9
10000 5 4
4.1E8
2.36E9
10000 5 4
4.2E8
2.58E9
10000 5 5
4.1E8
2.6E9
10000 5 4
4.4E8
2.39E9
10000 5 4
4.1E8
2.68E9
10000 5 4
4.3E8
2.43E9
10000 5 4
4.1E8
2.72E9
10000 5 4
4.1E8
2.69E9
10000 5 4
4.5E8
2.7E9
10000 5 4
4.3E8
2.48E9
10000 5 4
4.7E8
2.74E9
10000 5 4
4.8E8
2.71E9
10000 5 5
4.1E8
2.76E9
10000 5 4
4.4E8
2.59E9
10000 5 4
4.5E8
2.74E9
10000 5 4
4.3E8
2.68E9
10000 5 4
4.2E8
2.71E9
10000 5 4
4.2E8
2.75E9
10000 5 5
4.1E8
2.77E9
10000 5 4
4.6E8
2.67E9
10000 5 5
4.5E8
2.76E9
10000 5 5
4.2E8
2.73E9
10000 5 5
4.5E8
2.77E9
10000 5 4
4.0E8
2.84E9
10000 5 4
4.4E8
2.83E9
10000 5 4
4.4E8
2.82E9
10000 5 4
4.6E8
2.91E9
17782 5 5
9.4E8
7.06E9
17782 5 5
9.6E8
7.49E9
17782 5 5
9.0E8
8.01E9
17782 5 5
1.0E9
8.04E9
17782 5 5
9.6E8
8.43E9
17782 5 5
8.9E8
8.27E9
17782 5 5
8.9E8
8.64E9
17782 5 5
9.0E8
8.57E9
17782 5 5
9.8E8
8.76E9
17782 5 5
9.8E8
8.36E9
17782 5 5
1.01E9
8.46E9
17782 5 5
9.1E8
8.77E9
17782 5 5
8.8E8
8.6E9
17782 5 5
8.6E8
8.52E9
17782 5 5
9.8E8
9.3E9
17782 5 5
8.7E8
8.95E9
17782 5 5
9.2E8
9.13E9
17782 5 5
9.1E8
8.85E9
17782 5 5
9.6E8
9.15E9
17782 5 5
9.6E8
8.9E9
17782 5 5
9.4E8
9.6E9
17782 5 5
1.0E9
9.06E9
17782 5 5
9.3E8
8.81E9
17782 5 5
8.7E8
9.5E9
17782 5 5
8.5E8
9.18E9
17782 5 5
9.3E8
9.09E9
17782 5 5
9.9E8
9.39E9
17782 5 5
9.3E8
9.55E9
17782 5 5
1.0E9
9.8E9
17782 5 5
1.02E9
9.97E9
17782 5 5
1.01E9
9.79E9
17782 5 5
9.8E8
9.92E9
31622 5 5
2.16E9
2.772E10
31622 5 5
2.2E9
2.575E10
31622 5 5
2.32E9
2.551E10
31622 5 5
2.1E9
2.873E10
31622 5 5
2.08E9
3.111E10
31622 5 5
2.14E9
3.156E10
31622 5 5
2.23E9
3.061E10
31622 5 5
2.3E9
3.012E10
31622 5 5
2.23E9
3.229E10
31622 5 5
2.13E9
3.244E10
31622 5 5
2.28E9
3.242E10
31622 5 5
2.26E9
3.314E10
31622 5 5
2.34E9
3.222E10
31622 5 5
2.09E9
3.321E10
31622 5 5
2.25E9
3.316E10
31622 5 5
2.27E9
3.373E10
31622 5 5
2.81E9
3.206E10
31622 5 5
2.41E9
3.347E10
31622 5 5
2.45E9
3.267E10
31622 5 5
2.26E9
3.304E10
31622 5 5
2.28E9
3.482E10
31622 5 5
2.19E9
3.428E10
31622 5 5
2.29E9
3.459E10
31622 5 5
2.18E9
3.557E10
31622 5 5
2.24E9
3.578E10
31622 5 5
2.37E9
3.424E10
31622 5 5
2.26E9
3.641E10
31622 5 5
2.1E9
3.576E10
31622 5 5
2.25E9
3.629E10
31622 5 5
2.11E9
3.8E10
31622 5 5
2.29E9
3.921E10
31622 5 5
2.89E9
4.018E10
56234 5 5
4.57E9
9.883E10
56234 5 5
4.76E9
1.0022E11
56234 5 5
4.32E9
1.0534E11
56234 5 5
4.32E9
1.0623E11
56234 5 5
4.63E9
1.0312E11
56234 5 5
5.15E9
1.0676E11
56234 5 5
4.6E9
1.0994E11
56234 5 5
4.8E9
1.0834E11
56234 5 5
5.28E9
1.1789E11
56234 5 5
4.86E9
1.0846E11
56234 5 5
5.03E9
1.1408E11
56234 5 5
4.72E9
1.1149E11
56234 5 5
4.92E9
1.108E11
56234 5 5
4.64E9
1.1613E11
56234 5 5
5.19E9
1.2208E11
56234 5 5
5.24E9
1.1367E11
56234 5 5
5.22E9
1.1606E11
56234 5 5
5.97E9
1.0926E11
56234 5 5
5.05E9
1.1273E11
56234 5 5
5.33E9
1.1473E11
56234 5 5
4.69E9
1.1956E11
56234 5 5
4.81E9
1.2031E11
56234 5 5
5.2E9
1.1993E11
56234 5 5
5.08E9
1.1816E11
56234 5 5
4.67E9
1.1885E11
56234 5 5
4.72E9
1.191E11
56234 5 5
4.72E9
1.1886E11
56234 5 5
4.84E9
1.2397E11
56234 5 5
5.79E9
1.2282E11
56234 5 5
5.43E9
1.2531E11
56234 5 5
5.08E9
1.2852E11
56234 5 5
5.43E9
1.2017E11
100000 5 5
1.079E10
3.361E11
100000 5 5
9.55E9
3.4865E11
100000 5 5
1.159E10
3.5066E11
100000 5 5
1.217E10
3.4464E11
100000 5 5
1.104E10
3.471E11
100000 5 5
1.175E10
3.5167E11
100000 5 5
1.113E10
3.5664E11
100000 5 5
1.053E10
3.6117E11
100000 5 5
1.018E10
3.6684E11
100000 5 5
1.024E10
3.6576E11
100000 5 5
1.1E10
3.8472E11
100000 5 5
1.05E10
3.6602E11
100000 5 5
1.149E10
3.7566E11
100000 5 5
1.146E10
3.8539E11
100000 5 5
1.032E10
4.0184E11
100000 5 5
1.102E10
3.7653E11
100000 5 5
1.116E10
3.8114E11
100000 5 5
1.112E10
3.8232E11
100000 5 5
1.118E10
3.8257E11
100000 5 5
1.007E10
3.8046E11
100000 5 5
1.175E10
3.9377E11
100000 5 5
1.154E10
3.9205E11
100000 5 5
1.129E10
3.9275E11
100000 5 5
9.81E9
4.0761E11
100000 5 5
1.347E10
3.8196E11
100000 5 5
1.252E10
3.9547E11
100000 5 5
1.031E10
3.869E11
100000 5 5
1.171E10
3.9677E11
100000 5 5
1.162E10
4.0269E11
100000 5 5
1.238E10
4.008E11
100000 5 5
1.235E10
4.118E11
100000 5 5
1.237E10
4.171E11
