100 3 2
234375.0
253906.25
100 3 2
214843.75
292968.75
100 3 2
234375.0
273437.5
100 3 2
253906.25
273437.5
100 3 2
253906.25
273437.5
100 3 2
234375.0
292968.75
100 3 2
214843.75
273437.5
100 3 2
429687.5
292968.75
100 3 2
214843.75
273437.5
100 3 2
234375.0
292968.75
100 3 2
234375.0
273437.5
100 3 2
292968.75
292968.75
100 3 2
273437.5
273437.5
100 3 2
253906.25
292968.75
100 3 2
253906.25
292968.75
100 3 2
234375.0
273437.5
100 3 2
273437.5
253906.25
100 3 2
214843.75
273437.5
100 3 2
468750.0
292968.75
100 3 2
214843.75
312500.0
100 3 2
292968.75
312500.0
100 3 2
312500.0
273437.5
100 3 2
429687.5
351562.5
100 3 2
312500.0
253906.25
100 3 2
312500.0
332031.25
100 3 2
410156.25
312500.0
100 3 2
312500.0
371093.75
100 3 2
410156.25
273437.5
100 3 2
292968.75
273437.5
100 3 2
312500.0
332031.25
100 3 2
332031.25
273437.5
100 3 2
332031.25
449218.75
177 3 2
937500.0
937500.0
177 3 2
429687.5
859375.0
177 3 2
546875.0
859375.0
177 3 2
1171875.0
1015625.0
177 3 2
507812.5
1093750.0
177 3 2
1171875.0
1015625.0
177 3 2
703125.0
937500.0
177 3 2
1093750.0
1015625.0
177 3 2
429687.5
781250.0
177 3 2
429687.5
859375.0
177 3 2
429687.5
781250.0
177 3 2
664062.5
859375.0
177 3 2
429687.5
742187.5
177 3 2
429687.5
742187.5
177 3 2
468750.0
859375.0
177 3 2
859375.0
1250000.0
177 3 2
429687.5
742187.5
177 3 2
546875.0
742187.5
177 3 2
546875.0
820312.5
177 3 2
507812.5
742187.5
177 3 2
507812.5
781250.0
177 3 2
1015625.0
820312.5
177 3 2
742187.5
742187.5
177 3 2
429687.5
1406250.0
177 3 2
703125.0
781250.0
177 3 2
449218.75
781250.0
177 3 2
468750.0
820312.5
177 3 2
625000.0
898437.5
177 3 2
664062.5
898437.5
177 3 2
625000.0
1015625.0
316 3 2
1718750.0
4375000.0
177 3 2
820312.5
1406250.0
177 3 2
937500.0
1015625.0
316 3 2
2812500.0
3437500.0
316 3 2
2812500.0
3750000.0
316 3 2
2343750.0
3437500.0
316 3 2
1093750.0
2500000.0
316 3 2
859375.0
2812500.0
316 3 2
1171875.0
2187500.0
316 3 2
937500.0
2500000.0
316 3 2
859375.0
2500000.0
316 3 2
1484375.0
2656250.0
316 3 2
1171875.0
2500000.0
316 3 2
1093750.0
2187500.0
316 3 2
1015625.0
2500000.0
316 3 2
1015625.0
2500000.0
316 3 2
898437.5
3125000.0
316 3 2
1015625.0
2500000.0
316 3 2
1015625.0
3125000.0
316 3 2
2343750.0
3906250.0
316 3 2
1015625.0
2187500.0
316 3 2
937500.0
2343750.0
316 3 2
1718750.0
3750000.0
316 3 2
1093750.0
2187500.0
316 3 2
1015625.0
2343750.0
316 3 2
1132812.5
2500000.0
316 3 2
1328125.0
3906250.0
316 3 2
1015625.0
2500000.0
316 3 2
1171875.0
3281250.0
562 3 2
4062500.0
1.375E7
316 3 2
937500.0
2500000.0
316 3 2
1093750.0
2812500.0
562 3 2
2031250.0
7500000.0
316 3 2
1718750.0
4687500.0
316 3 2
1093750.0
3281250.0
316 3 2
1562500.0
4218750.0
562 3 2
2031250.0
6875000.0
562 3 2
2031250.0
8750000.0
562 3 2
2812500.0
8750000.0
562 3 2
2031250.0
8750000.0
562 3 2
4687500.0
1.6875E7
562 3 2
2343750.0
6875000.0
562 3 2
4062500.0
1.8125E7
562 3 2
2500000.0
9375000.0
562 3 2
3125000.0
8125000.0
562 3 2
2343750.0
7500000.0
562 3 2
2031250.0
6875000.0
562 3 2
2031250.0
7500000.0
562 3 2
3125000.0
8125000.0
562 3 2
2343750.0
8750000.0
562 3 2
1875000.0
7500000.0
562 3 2
2031250.0
6875000.0
562 3 2
2187500.0
8125000.0
562 3 2
2968750.0
8125000.0
562 3 2
3437500.0
8125000.0
562 3 2
4687500.0
1.125E7
562 3 2
3125000.0
1.0E7
562 3 2
2187500.0
1.1875E7
562 3 2
2968750.0
1.125E7
562 3 2
3437500.0
1.125E7
562 3 2
5625000.0
1.125E7
562 3 2
2343750.0
9375000.0
562 3 2
1875000.0
6875000.0
562 3 2
5000000.0
1.6875E7
1000 3 2
4375000.0
3.0E7
1000 3 2
4062500.0
2.75E7
1000 3 2
4375000.0
2.75E7
1000 3 2
4687500.0
2.75E7
1000 3 2
5625000.0
3.25E7
562 3 2
5000000.0
2.0625E7
1000 3 2
5312500.0
2.75E7
1000 3 2
6875000.0
3.75E7
1000 3 2
4375000.0
2.125E7
1000 3 2
6875000.0
3.5E7
562 3 2
3437500.0
2.3125E7
1000 3 2
8125000.0
7.0E7
1000 3 2
6875000.0
3.25E7
1000 3 2
4375000.0
2.625E7
1000 3 2
4062500.0
2.375E7
1000 3 2
3750000.0
2.625E7
1000 3 2
3437500.0
2.375E7
1000 3 2
3750000.0
2.75E7
1000 3 2
4062500.0
2.75E7
1000 3 2
4687500.0
2.75E7
1000 3 2
6562500.0
3.0E7
1000 3 2
1.125E7
4.25E7
1000 3 2
6562500.0
3.25E7
1000 3 2
6562500.0
3.0E7
1000 3 2
1.1875E7
4.75E7
1000 3 2
7500000.0
7.0E7
1000 3 2
5937500.0
3.25E7
1000 3 2
4062500.0
3.0E7
1000 3 2
4062500.0
2.0E7
1000 3 2
5625000.0
2.75E7
1778 3 2
8125000.0
7.0E7
1000 3 2
1.0625E7
2.125E7
1778 3 2
1.125E7
1.3E8
1778 3 2
8750000.0
8.0E7
1000 3 2
5937500.0
2.75E7
1778 3 2
1.0E7
6.0E7
1778 3 2
1.75E7
1.4E8
1778 3 2
6875000.0
6.5E7
1000 3 2
4375000.0
2.5E7
1778 3 2
1.3125E7
1.1E8
1778 3 2
1.5625E7
1.1E8
1000 3 2
1.375E7
3.875E7
1778 3 2
6875000.0
7.0E7
1778 3 2
2.75E7
7.5E7
1778 3 2
1.875E7
1.5E8
1778 3 2
1.625E7
1.1E8
1778 3 2
1.1875E7
9.5E7
1778 3 2
1.375E7
1.4E8
1778 3 2
1.3125E7
8.0E7
1778 3 2
8125000.0
8.5E7
1778 3 2
2.0E7
1.1E8
1778 3 2
6875000.0
7.5E7
1778 3 2
1.0625E7
7.5E7
1778 3 2
1.125E7
1.1E8
1778 3 2
1.625E7
8.5E7
1778 3 2
9375000.0
9.0E7
1778 3 2
8750000.0
9.0E7
1778 3 2
1.0E7
6.5E7
1778 3 2
9375000.0
2.0E8
1778 3 2
1.125E7
9.0E7
1778 3 2
9375000.0
1.05E8
3162 3 2
1.75E7
2.2E8
1778 3 2
1.625E7
1.1E8
1778 3 2
9375000.0
8.5E7
3162 3 2
1.875E7
2.2E8
3162 3 2
1.375E7
2.2E8
1778 3 2
1.125E7
8.0E7
3162 3 2
2.25E7
2.3E8
3162 3 2
1.5E7
2.1E8
1778 3 2
1.0E7
1.95E8
1778 3 2
1.8125E7
1.2E8
3162 3 2
2.125E7
3.0E8
3162 3 2
2.0E7
3.6E8
3162 3 2
3.0E7
2.9E8
3162 3 2
1.5E7
2.9E8
3162 3 2
2.125E7
2.9E8
3162 3 2
1.875E7
5.1E8
3162 3 2
2.375E7
3.1E8
3162 3 2
2.75E7
2.9E8
3162 3 2
3.25E7
5.6E8
3162 3 2
2.75E7
4.9E8
3162 3 2
2.625E7
3.2E8
3162 3 2
2.625E7
3.2E8
3162 3 2
1.875E7
2.5E8
3162 3 2
4.25E7
3.1E8
3162 3 2
1.875E7
2.8E8
3162 3 2
2.0E7
2.9E8
3162 3 2
1.75E7
2.4E8
3162 3 2
6.25E7
4.9E8
3162 3 2
2.0E7
2.8E8
3162 3 2
2.75E7
3.0E8
3162 3 2
2.125E7
2.4E8
3162 3 2
2.5E7
3.0E8
3162 3 2
1.625E7
2.4E8
3162 3 2
1.625E7
2.3E8
3162 3 2
1.875E7
2.5E8
3162 3 2
5.25E7
5.0E8
3162 3 2
1.875E7
5.6E8
5623 3 2
3.25E7
9.2E8
5623 3 2
3.25E7
8.0E8
5623 3 2
3.25E7
8.6E8
5623 3 2
3.0E7
8.8E8
5623 3 2
5.5E7
9.6E8
5623 3 2
4.75E7
1.05E9
5623 3 2
4.5E7
9.4E8
5623 3 2
4.75E7
7.9E8
5623 3 2
5.25E7
8.3E8
5623 3 2
4.0E7
8.8E8
5623 3 2
4.25E7
8.4E8
5623 3 2
7.5E7
1.22E9
5623 3 2
3.5E7
1.2E9
5623 3 2
3.0E7
1.08E9
5623 3 2
3.0E7
8.9E8
5623 3 2
3.25E7
1.1E9
5623 3 2
4.25E7
1.0E9
5623 3 2
4.0E7
1.12E9
5623 3 2
2.75E7
8.9E8
5623 3 2
5.0E7
1.07E9
5623 3 2
6.0E7
1.15E9
5623 3 2
3.0E7
1.0E9
5623 3 2
5.0E7
1.06E9
5623 3 2
7.0E7
1.33E9
5623 3 2
3.0E7
1.05E9
5623 3 2
1.2E8
8.6E8
5623 3 2
8.5E7
1.47E9
5623 3 2
7.5E7
1.56E9
5623 3 2
1.1E8
1.76E9
5623 3 2
6.5E7
1.5E9
5623 3 2
5.5E7
1.72E9
5623 3 2
8.5E7
1.62E9
10000 3 2
6.0E7
2.64E9
10000 3 2
6.5E7
2.76E9
10000 3 2
6.0E7
2.71E9
10000 3 2
6.0E7
2.97E9
10000 3 2
7.5E7
2.85E9
10000 3 2
1.5E8
2.77E9
10000 3 2
1.0E8
2.82E9
10000 3 2
5.5E7
2.74E9
10000 3 2
8.5E7
2.96E9
10000 3 2
8.0E7
2.74E9
10000 3 2
8.0E7
3.36E9
10000 3 2
7.5E7
2.71E9
10000 3 2
9.5E7
2.73E9
10000 3 2
7.0E7
2.76E9
10000 3 2
9.5E7
3.17E9
10000 3 2
8.5E7
2.75E9
10000 3 2
8.0E7
3.36E9
10000 3 2
1.2E8
2.68E9
10000 3 2
9.0E7
3.38E9
10000 3 2
7.5E7
3.22E9
10000 3 2
1.3E8
3.53E9
10000 3 2
7.5E7
3.41E9
10000 3 2
6.0E7
3.71E9
10000 3 2
9.5E7
3.56E9
10000 3 2
9.5E7
4.51E9
10000 3 2
7.0E7
4.63E9
10000 3 2
1.05E8
4.34E9
10000 3 2
6.5E7
4.6E9
10000 3 2
1.0E8
4.75E9
10000 3 2
1.05E8
4.69E9
10000 3 2
1.1E8
4.86E9
10000 3 2
1.8E8
4.74E9
17782 3 2
1.3E8
9.4E9
17782 3 2
1.5E8
9.25E9
17782 3 2
1.4E8
9.09E9
17782 3 2
1.4E8
9.93E9
17782 3 2
1.2E8
9.42E9
17782 3 2
1.8E8
1.076E10
17782 3 2
1.3E8
1.049E10
17782 3 2
1.7E8
1.034E10
17782 3 2
1.2E8
1.065E10
17782 3 2
1.3E8
1.086E10
17782 3 2
1.3E8
1.058E10
17782 3 2
1.3E8
1.098E10
17782 3 2
1.6E8
1.033E10
17782 3 2
1.6E8
1.087E10
17782 3 2
1.3E8
1.13E10
17782 3 2
1.7E8
1.112E10
17782 3 2
2.2E8
1.069E10
17782 3 2
1.4E8
1.137E10
17782 3 2
1.9E8
1.191E10
17782 3 2
1.5E8
1.177E10
17782 3 2
2.0E8
1.199E10
17782 3 2
1.7E8
1.191E10
17782 3 2
1.2E8
1.268E10
17782 3 2
2.2E8
1.25E10
17782 3 2
1.7E8
1.182E10
17782 3 2
1.6E8
1.233E10
17782 3 2
1.8E8
1.316E10
17782 3 2
1.7E8
1.324E10
17782 3 2
1.8E8
1.281E10
17782 3 2
2.2E8
1.288E10
17782 3 2
1.8E8
1.257E10
17782 3 2
1.9E8
1.293E10
31622 3 2
2.9E8
3.343E10
31622 3 2
3.4E8
3.666E10
31622 3 2
2.8E8
3.926E10
31622 3 2
3.4E8
3.907E10
31622 3 2
3.3E8
3.899E10
31622 3 2
3.1E8
3.84E10
31622 3 2
2.9E8
3.95E10
31622 3 2
4.1E8
4.137E10
31622 3 2
3.7E8
4.252E10
31622 3 2
3.1E8
4.25E10
31622 3 2
3.6E8
4.009E10
31622 3 2
4.5E8
4.191E10
31622 3 2
3.1E8
4.27E10
31622 3 2
2.7E8
4.299E10
31622 3 2
3.5E8
4.294E10
31622 3 2
3.0E8
4.334E10
31622 3 2
2.9E8
4.251E10
31622 3 2
4.3E8
4.236E10
31622 3 2
4.1E8
4.408E10
31622 3 2
2.9E8
4.519E10
31622 3 2
3.0E8
4.5E10
31622 3 2
3.0E8
4.48E10
31622 3 2
4.3E8
4.162E10
31622 3 2
4.2E8
4.19E10
31622 3 2
3.4E8
4.265E10
31622 3 2
3.7E8
4.286E10
31622 3 2
4.2E8
4.326E10
31622 3 2
3.8E8
4.485E10
31622 3 2
3.8E8
4.697E10
31622 3 2
3.6E8
4.551E10
31622 3 2
4.8E8
4.927E10
31622 3 2
4.9E8
5.033E10
56234 3 2
5.7E8
1.4066E11
56234 3 2
7.6E8
1.6718E11
56234 3 2
5.7E8
1.7109E11
56234 3 2
6.5E8
1.6591E11
56234 3 2
6.8E8
1.8781E11
56234 3 2
1.15E9
1.8825E11
56234 3 2
5.9E8
1.8588E11
56234 3 2
6.8E8
1.8209E11
56234 3 2
9.7E8
1.8435E11
56234 3 2
7.9E8
1.9892E11
56234 3 2
6.4E8
1.9108E11
56234 3 2
7.6E8
1.9022E11
56234 3 2
7.2E8
1.9386E11
56234 3 2
7.5E8
1.9118E11
56234 3 2
6.7E8
1.9525E11
56234 3 2
6.3E8
1.9904E11
56234 3 2
6.9E8
2.045E11
56234 3 2
8.5E8
2.1826E11
56234 3 2
8.3E8
2.2007E11
56234 3 2
5.3E8
2.0874E11
56234 3 2
9.2E8
2.1621E11
56234 3 2
7.4E8
2.2582E11
56234 3 2
1.05E9
2.3296E11
56234 3 2
5.0E8
2.2832E11
56234 3 2
8.5E8
2.3547E11
56234 3 2
8.3E8
2.4193E11
56234 3 2
6.3E8
2.3474E11
56234 3 2
8.5E8
2.4162E11
56234 3 2
1.45E9
2.5513E11
56234 3 2
8.5E8
2.6174E11
56234 3 2
6.6E8
2.7975E11
56234 3 2
7.7E8
2.8921E11
100000 3 2
1.3E9
6.3549E11
100000 3 2
1.3E9
6.8114E11
100000 3 2
1.17E9
6.6094E11
100000 3 2
1.22E9
7.0377E11
100000 3 2
1.07E9
7.0682E11
100000 3 2
1.66E9
6.8582E11
100000 3 2
1.15E9
6.9273E11
100000 3 2
1.17E9
6.8947E11
100000 3 2
1.28E9
7.1995E11
100000 3 2
1.41E9
7.2381E11
100000 3 2
1.61E9
7.6623E11
100000 3 2
1.24E9
7.8455E11
100000 3 2
1.81E9
7.3075E11
100000 3 2
1.11E9
7.7883E11
100000 3 2
1.35E9
7.5606E11
100000 3 2
1.29E9
7.6717E11
100000 3 2
1.23E9
7.0799E11
100000 3 2
1.3E9
7.8561E11
100000 3 2
1.58E9
7.854E11
100000 3 2
1.03E9
7.3559E11
100000 3 2
1.15E9
7.9454E11
100000 3 2
1.54E9
6.8644E11
100000 3 2
1.57E9
7.3598E11
100000 3 2
1.15E9
7.1876E11
100000 3 2
1.36E9
7.8222E11
100000 3 2
1.27E9
7.4082E11
100000 3 2
1.41E9
7.9351E11
100000 3 2
1.15E9
7.4863E11
100000 3 2
1.18E9
7.5163E11
100000 3 2
1.13E9
8.5145E11
100000 3 2
1.68E9
7.9644E11
100000 3 2
1.11E9
7.3898E11
