100 6 1
546875.0
429687.5
100 6 1
585937.5
429687.5
100 6 2
546875.0
429687.5
100 6 2
546875.0
429687.5
100 6 2
546875.0
429687.5
100 6 1
546875.0
429687.5
100 6 2
585937.5
468750.0
100 6 2
585937.5
429687.5
100 6 2
507812.5
371093.75
100 6 2
546875.0
390625.0
100 6 2
546875.0
390625.0
100 6 2
546875.0
410156.25
100 6 2
546875.0
390625.0
100 6 2
546875.0
390625.0
100 6 2
546875.0
390625.0
100 6 2
546875.0
371093.75
100 6 2
585937.5
410156.25
100 6 2
546875.0
371093.75
100 6 1
507812.5
410156.25
100 6 1
507812.5
390625.0
100 6 2
546875.0
390625.0
100 6 2
546875.0
390625.0
100 6 1
546875.0
410156.25
100 6 2
585937.5
390625.0
100 6 2
546875.0
390625.0
100 6 1
585937.5
390625.0
100 6 1
546875.0
410156.25
100 6 2
625000.0
390625.0
100 6 2
585937.5
351562.5
100 6 2
507812.5
390625.0
100 6 1
585937.5
371093.75
100 6 2
507812.5
371093.75
177 6 2
1406250.0
1015625.0
177 6 1
1328125.0
1015625.0
177 6 1
1406250.0
1171875.0
177 6 2
1328125.0
1015625.0
177 6 2
1406250.0
1015625.0
177 6 2
1406250.0
1328125.0
177 6 2
1328125.0
1718750.0
177 6 1
1406250.0
2031250.0
177 6 2
1250000.0
1875000.0
177 6 2
1406250.0
4062500.0
177 6 2
1328125.0
1328125.0
177 6 2
1406250.0
1875000.0
177 6 2
1406250.0
2968750.0
177 6 2
1406250.0
1093750.0
177 6 2
1406250.0
2968750.0
177 6 2
1406250.0
1718750.0
177 6 2
1328125.0
1875000.0
177 6 2
1406250.0
1093750.0
177 6 2
1406250.0
2187500.0
177 6 2
1328125.0
1093750.0
177 6 2
1328125.0
1093750.0
177 6 2
1328125.0
1250000.0
177 6 2
1328125.0
1250000.0
177 6 2
1484375.0
1015625.0
177 6 2
1328125.0
1171875.0
177 6 2
1406250.0
1093750.0
177 6 2
1250000.0
1718750.0
177 6 2
1406250.0
1171875.0
177 6 2
1484375.0
1093750.0
177 6 2
1406250.0
1015625.0
177 6 2
1484375.0
1015625.0
177 6 2
1406250.0
1093750.0
316 6 2
3750000.0
3437500.0
316 6 2
3437500.0
3437500.0
316 6 2
3437500.0
3437500.0
316 6 2
3437500.0
3437500.0
316 6 2
3437500.0
3437500.0
316 6 2
3437500.0
3437500.0
316 6 2
3437500.0
3281250.0
316 6 2
3750000.0
3437500.0
316 6 2
3437500.0
3281250.0
316 6 2
3750000.0
3281250.0
316 6 2
3750000.0
3281250.0
316 6 2
3437500.0
3437500.0
316 6 2
3437500.0
3437500.0
316 6 2
3750000.0
3281250.0
316 6 2
3437500.0
3281250.0
316 6 2
3437500.0
3281250.0
316 6 2
3750000.0
3281250.0
316 6 2
3437500.0
2812500.0
316 6 2
3437500.0
3125000.0
316 6 2
3437500.0
3125000.0
316 6 2
3437500.0
2968750.0
316 6 2
3437500.0
3125000.0
316 6 2
3437500.0
3437500.0
316 6 2
3437500.0
3125000.0
316 6 2
3437500.0
3125000.0
316 6 2
3750000.0
3437500.0
316 6 2
3437500.0
3437500.0
316 6 2
3437500.0
3281250.0
316 6 2
3437500.0
3281250.0
316 6 2
3437500.0
3125000.0
316 6 2
3437500.0
3437500.0
316 6 2
3437500.0
2968750.0
562 6 2
8750000.0
8125000.0
562 6 2
8750000.0
8125000.0
562 6 2
8125000.0
7500000.0
562 6 2
1.0625E7
8125000.0
562 6 2
1.0E7
8750000.0
562 6 2
8750000.0
9375000.0
562 6 2
1.0E7
9375000.0
562 6 2
9375000.0
1.0E7
562 6 2
1.0E7
8750000.0
562 6 2
8750000.0
9375000.0
562 6 2
8750000.0
9375000.0
562 6 2
8125000.0
8750000.0
562 6 2
9375000.0
9375000.0
562 6 2
9375000.0
8750000.0
562 6 2
8750000.0
8750000.0
562 6 2
9375000.0
9375000.0
562 6 2
8750000.0
9375000.0
562 6 2
9375000.0
1.0625E7
562 6 2
8125000.0
8125000.0
562 6 2
9375000.0
8750000.0
562 6 2
8750000.0
8750000.0
562 6 2
8125000.0
8750000.0
562 6 2
8125000.0
8750000.0
562 6 2
8125000.0
9375000.0
562 6 2
8750000.0
8750000.0
562 6 2
8750000.0
8125000.0
562 6 2
8750000.0
8750000.0
562 6 2
8750000.0
8750000.0
562 6 2
8125000.0
8750000.0
562 6 2
8750000.0
7500000.0
562 6 2
8750000.0
8125000.0
562 6 2
8750000.0
9375000.0
1000 6 2
2.125E7
3.25E7
1000 6 2
2.0E7
3.25E7
1000 6 2
2.0E7
3.25E7
1000 6 3
2.0E7
2.625E7
1000 6 2
2.125E7
4.5E7
1000 6 2
2.0E7
4.5E7
1000 6 2
2.0E7
2.5E7
1000 6 2
2.125E7
2.5E7
1000 6 2
2.0E7
4.25E7
1000 6 2
2.125E7
2.75E7
1000 6 2
2.0E7
2.625E7
1000 6 2
2.25E7
2.75E7
1000 6 2
2.125E7
2.75E7
1000 6 2
2.0E7
3.25E7
1000 6 2
2.375E7
2.75E7
1000 6 3
2.25E7
3.0E7
1000 6 2
2.375E7
2.75E7
1000 6 2
2.375E7
3.0E7
1000 6 2
2.125E7
2.75E7
1000 6 2
2.625E7
3.0E7
1000 6 2
3.75E7
2.75E7
1000 6 3
2.5E7
2.75E7
1000 6 2
2.125E7
2.5E7
1000 6 2
2.25E7
2.5E7
1000 6 2
3.0E7
2.5E7
1000 6 3
2.0E7
2.375E7
1000 6 2
2.375E7
2.5E7
1000 6 2
2.625E7
2.375E7
1000 6 2
2.5E7
2.375E7
1000 6 2
2.875E7
2.375E7
1000 6 2
2.5E7
2.375E7
1778 6 2
5.0E7
7.0E7
1778 6 2
5.0E7
7.5E7
1000 6 2
2.125E7
2.625E7
1778 6 2
4.75E7
1.2E8
1778 6 2
4.75E7
7.5E7
1778 6 2
5.0E7
9.5E7
1778 6 3
4.75E7
1.2E8
1778 6 2
4.75E7
8.0E7
1778 6 2
4.75E7
1.4E8
1778 6 3
4.75E7
8.5E7
1778 6 2
6.0E7
1.4E8
1778 6 2
5.0E7
1.8E8
1778 6 2
4.75E7
1.7E8
1778 6 2
5.0E7
1.5E8
1778 6 2
5.0E7
1.6E8
1778 6 2
4.75E7
9.0E7
1778 6 2
5.25E7
1.2E8
1778 6 2
5.0E7
1.2E8
1778 6 2
4.75E7
8.5E7
1778 6 2
5.0E7
8.0E7
1778 6 2
5.0E7
7.5E7
1778 6 2
4.75E7
1.05E8
1778 6 2
4.75E7
8.5E7
1778 6 2
5.25E7
7.0E7
1778 6 2
5.25E7
7.5E7
1778 6 2
5.5E7
7.0E7
1778 6 2
7.0E7
7.5E7
1778 6 2
7.0E7
7.5E7
1778 6 2
8.0E7
7.5E7
1778 6 3
6.0E7
7.5E7
1778 6 2
6.5E7
8.5E7
1778 6 2
6.5E7
8.5E7
3162 6 3
1.3E8
2.4E8
1778 6 2
5.75E7
7.0E7
3162 6 2
1.4E8
2.7E8
3162 6 3
1.1E8
2.6E8
3162 6 2
1.2E8
2.6E8
3162 6 2
1.2E8
2.7E8
3162 6 2
1.1E8
2.6E8
3162 6 3
1.1E8
3.0E8
3162 6 2
1.2E8
3.1E8
3162 6 3
1.1E8
3.1E8
3162 6 3
1.2E8
3.1E8
3162 6 2
1.3E8
2.5E8
3162 6 3
1.2E8
3.2E8
3162 6 3
1.2E8
3.2E8
3162 6 3
1.2E8
3.2E8
3162 6 3
1.2E8
3.2E8
3162 6 3
1.2E8
3.6E8
3162 6 3
1.2E8
2.8E8
3162 6 3
1.3E8
3.9E8
3162 6 3
1.2E8
3.3E8
3162 6 3
1.2E8
3.8E8
3162 6 3
1.2E8
3.3E8
3162 6 3
1.2E8
3.9E8
3162 6 3
1.2E8
3.0E8
3162 6 3
1.2E8
2.6E8
3162 6 3
1.3E8
4.1E8
3162 6 3
1.3E8
3.7E8
3162 6 2
1.2E8
3.0E8
3162 6 2
1.3E8
3.1E8
3162 6 2
1.2E8
2.4E8
3162 6 2
1.2E8
3.5E8
3162 6 2
1.3E8
2.8E8
3162 6 2
1.3E8
3.6E8
5623 6 3
2.8E8
7.6E8
5623 6 3
3.1E8
9.9E8
5623 6 3
2.7E8
9.5E8
5623 6 3
2.7E8
8.2E8
5623 6 3
2.9E8
8.7E8
5623 6 3
2.7E8
1.06E9
5623 6 3
2.7E8
7.7E8
5623 6 3
3.2E8
1.12E9
5623 6 3
2.7E8
1.04E9
5623 6 3
2.6E8
1.11E9
5623 6 3
2.7E8
9.0E8
5623 6 3
2.9E8
1.13E9
5623 6 3
2.7E8
1.11E9
5623 6 3
2.7E8
1.19E9
5623 6 3
2.7E8
9.3E8
5623 6 3
2.7E8
1.13E9
5623 6 3
2.6E8
1.18E9
5623 6 3
2.7E8
1.11E9
5623 6 3
2.7E8
1.2E9
5623 6 3
2.7E8
1.25E9
5623 6 3
2.7E8
1.28E9
5623 6 3
2.8E8
1.0E9
5623 6 3
2.6E8
1.22E9
5623 6 3
2.7E8
1.18E9
5623 6 3
2.8E8
1.04E9
5623 6 3
2.9E8
1.08E9
5623 6 3
3.0E8
1.01E9
5623 6 3
2.7E8
1.18E9
5623 6 3
2.8E8
1.2E9
5623 6 3
2.6E8
1.25E9
5623 6 3
2.8E8
1.09E9
5623 6 3
2.7E8
1.09E9
10000 6 3
6.0E8
2.6E9
10000 6 3
6.0E8
2.66E9
10000 6 3
5.8E8
2.85E9
10000 6 3
6.2E8
2.73E9
10000 6 3
6.3E8
2.89E9
10000 6 3
6.2E8
2.78E9
10000 6 3
5.9E8
3.3E9
10000 6 3
5.9E8
3.39E9
10000 6 3
5.9E8
3.42E9
10000 6 3
7.0E8
3.71E9
10000 6 3
6.0E8
3.28E9
10000 6 3
6.1E8
3.35E9
10000 6 3
6.1E8
3.35E9
10000 6 3
6.2E8
3.23E9
10000 6 3
5.9E8
3.66E9
10000 6 3
6.8E8
3.34E9
10000 6 3
6.2E8
3.5E9
10000 6 3
8.2E8
3.18E9
10000 6 3
5.9E8
3.61E9
10000 6 3
6.0E8
3.53E9
10000 6 3
6.1E8
3.52E9
10000 6 3
6.4E8
3.58E9
10000 6 3
6.5E8
3.71E9
10000 6 3
6.7E8
3.56E9
10000 6 3
6.7E8
3.62E9
10000 6 3
6.8E8
3.5E9
10000 6 3
6.7E8
3.68E9
10000 6 3
6.7E8
3.3E9
10000 6 3
6.1E8
3.71E9
10000 6 3
6.8E8
3.48E9
10000 6 3
6.2E8
3.77E9
10000 6 3
6.2E8
3.67E9
17782 6 3
1.48E9
8.95E9
17782 6 3
1.35E9
9.43E9
17782 6 3
1.4E9
9.86E9
17782 6 3
1.49E9
9.25E9
17782 6 3
1.53E9
9.81E9
17782 6 4
1.46E9
9.43E9
17782 6 3
1.35E9
1.02E10
17782 6 3
1.44E9
9.59E9
17782 6 3
1.33E9
1.067E10
17782 6 3
1.34E9
1.07E10
17782 6 4
1.39E9
1.072E10
17782 6 3
1.35E9
1.115E10
17782 6 3
1.39E9
1.099E10
17782 6 4
1.38E9
1.094E10
17782 6 3
1.37E9
1.117E10
17782 6 3
1.39E9
1.115E10
17782 6 4
1.37E9
1.116E10
17782 6 3
1.32E9
1.101E10
17782 6 3
1.49E9
1.094E10
17782 6 3
1.43E9
1.166E10
17782 6 4
1.57E9
1.153E10
17782 6 3
1.47E9
1.27E10
17782 6 4
1.4E9
1.173E10
17782 6 4
1.34E9
1.229E10
17782 6 3
1.34E9
1.241E10
17782 6 3
1.37E9
1.247E10
17782 6 3
1.51E9
1.193E10
17782 6 3
1.47E9
1.163E10
17782 6 3
1.36E9
1.239E10
17782 6 3
1.37E9
1.267E10
17782 6 3
1.51E9
1.197E10
17782 6 3
1.61E9
1.209E10
31622 6 4
3.08E9
3.025E10
31622 6 4
3.01E9
3.317E10
31622 6 4
3.25E9
3.305E10
31622 6 4
3.13E9
3.486E10
31622 6 3
3.06E9
3.747E10
31622 6 4
3.23E9
3.421E10
31622 6 3
3.46E9
3.484E10
31622 6 3
3.16E9
4.007E10
31622 6 3
3.29E9
3.836E10
31622 6 3
3.0E9
3.829E10
31622 6 4
3.12E9
3.812E10
31622 6 3
3.08E9
3.855E10
31622 6 3
3.23E9
3.94E10
31622 6 3
3.31E9
3.749E10
31622 6 4
3.09E9
3.886E10
31622 6 4
3.22E9
3.711E10
31622 6 4
3.15E9
3.908E10
31622 6 4
3.21E9
3.801E10
31622 6 3
3.31E9
3.822E10
31622 6 4
3.08E9
3.847E10
31622 6 4
3.0E9
4.021E10
31622 6 3
3.13E9
4.055E10
31622 6 3
3.08E9
4.2E10
31622 6 4
3.5E9
3.856E10
31622 6 4
3.17E9
3.902E10
31622 6 4
3.16E9
3.91E10
31622 6 3
3.32E9
3.875E10
31622 6 4
3.34E9
3.937E10
31622 6 4
3.18E9
4.048E10
31622 6 4
3.07E9
4.273E10
31622 6 3
3.37E9
4.172E10
31622 6 4
3.12E9
4.262E10
56234 6 4
7.18E9
1.2189E11
56234 6 4
6.99E9
1.2802E11
56234 6 4
6.97E9
1.4017E11
56234 6 4
7.26E9
1.4746E11
56234 6 4
6.97E9
1.423E11
56234 6 4
7.1E9
1.4345E11
56234 6 4
7.79E9
1.4238E11
56234 6 4
7.46E9
1.4051E11
56234 6 4
7.1E9
1.4545E11
56234 6 4
7.06E9
1.4683E11
56234 6 4
7.21E9
1.4613E11
56234 6 4
7.46E9
1.4657E11
56234 6 4
7.28E9
1.4567E11
56234 6 4
7.47E9
1.4687E11
56234 6 4
7.37E9
1.4879E11
56234 6 4
7.85E9
1.5327E11
56234 6 4
7.3E9
1.5244E11
56234 6 4
7.01E9
1.5724E11
56234 6 4
6.99E9
1.5556E11
56234 6 4
7.19E9
1.6E11
56234 6 4
7.22E9
1.5967E11
56234 6 4
7.22E9
1.6261E11
56234 6 4
7.27E9
1.5992E11
56234 6 4
7.22E9
1.687E11
56234 6 4
7.61E9
1.6212E11
56234 6 4
7.01E9
1.7112E11
56234 6 4
7.47E9
1.6163E11
56234 6 4
6.98E9
1.6827E11
56234 6 4
7.05E9
1.6635E11
56234 6 4
7.6E9
1.7147E11
56234 6 4
7.27E9
1.7294E11
56234 6 4
7.63E9
1.7667E11
100000 6 4
1.606E10
3.9112E11
100000 6 4
1.617E10
3.9025E11
100000 6 4
1.587E10
3.9835E11
100000 6 4
1.625E10
4.0388E11
100000 6 4
1.619E10
4.0943E11
100000 6 4
1.593E10
4.1962E11
100000 6 4
1.579E10
4.2165E11
100000 6 4
1.579E10
4.394E11
100000 6 4
1.58E10
4.6829E11
100000 6 4
1.671E10
4.4573E11
100000 6 4
1.578E10
4.5753E11
100000 6 4
1.652E10
4.6035E11
100000 6 4
1.521E10
4.8463E11
100000 6 4
1.596E10
4.5376E11
100000 6 4
1.672E10
4.6996E11
100000 6 4
1.612E10
4.6875E11
100000 6 4
1.619E10
4.7804E11
100000 6 4
1.671E10
4.6897E11
100000 6 4
1.641E10
4.6755E11
100000 6 4
1.601E10
4.7063E11
100000 6 4
1.585E10
4.7486E11
100000 6 4
1.644E10
4.7254E11
100000 6 4
1.662E10
4.7253E11
100000 6 4
1.606E10
4.7084E11
100000 6 4
1.742E10
4.8292E11
100000 6 4
1.78E10
4.8813E11
100000 6 4
1.551E10
4.7124E11
100000 6 4
1.668E10
4.7989E11
100000 6 4
1.619E10
5.0221E11
100000 6 4
1.635E10
4.9022E11
100000 6 4
1.732E10
4.9254E11
100000 6 4
1.732E10
5.073E11
