100 3 5
253906.25
214843.75
100 3 4
273437.5
214843.75
100 3 5
234375.0
214843.75
100 3 4
253906.25
214843.75
100 3 4
234375.0
234375.0
100 3 4
273437.5
214843.75
100 3 4
253906.25
214843.75
100 3 5
234375.0
234375.0
100 3 4
234375.0
234375.0
100 3 4
253906.25
253906.25
100 3 4
234375.0
214843.75
100 3 5
253906.25
234375.0
100 3 5
253906.25
214843.75
100 3 4
234375.0
234375.0
100 3 4
273437.5
214843.75
100 3 4
292968.75
234375.0
100 3 4
253906.25
214843.75
100 3 4
214843.75
234375.0
100 3 4
253906.25
253906.25
100 3 4
292968.75
253906.25
100 3 4
253906.25
214843.75
100 3 4
214843.75
234375.0
100 3 5
292968.75
214843.75
100 3 4
234375.0
214843.75
100 3 5
273437.5
253906.25
100 3 4
273437.5
253906.25
100 3 4
273437.5
253906.25
100 3 4
234375.0
253906.25
100 3 4
253906.25
273437.5
100 3 5
253906.25
185546.875
100 3 5
253906.25
175781.25
100 3 4
195312.5
214843.75
177 3 6
585937.5
507812.5
177 3 6
625000.0
546875.0
177 3 5
625000.0
546875.0
177 3 5
507812.5
546875.0
177 3 5
507812.5
546875.0
177 3 5
664062.5
625000.0
177 3 6
742187.5
546875.0
177 3 5
507812.5
546875.0
177 3 5
546875.0
546875.0
177 3 6
468750.0
507812.5
177 3 5
507812.5
585937.5
177 3 5
468750.0
546875.0
177 3 5
585937.5
546875.0
177 3 5
664062.5
546875.0
177 3 6
507812.5
585937.5
177 3 5
546875.0
546875.0
177 3 5
703125.0
585937.5
177 3 5
625000.0
546875.0
177 3 4
625000.0
585937.5
177 3 5
703125.0
625000.0
177 3 5
664062.5
585937.5
177 3 5
703125.0
625000.0
177 3 6
703125.0
585937.5
177 3 5
703125.0
625000.0
177 3 4
703125.0
703125.0
177 3 5
742187.5
625000.0
177 3 5
703125.0
585937.5
177 3 5
703125.0
625000.0
177 3 5
468750.0
507812.5
177 3 5
468750.0
585937.5
177 3 5
507812.5
625000.0
177 3 5
468750.0
585937.5
316 3 6
1015625.0
1718750.0
316 3 6
1718750.0
1718750.0
316 3 6
1093750.0
1171875.0
316 3 6
937500.0
1171875.0
316 3 6
1171875.0
1484375.0
316 3 6
1328125.0
1406250.0
316 3 6
1171875.0
1562500.0
316 3 6
1093750.0
1406250.0
316 3 6
1171875.0
1562500.0
316 3 6
1093750.0
1406250.0
316 3 6
1250000.0
1406250.0
316 3 6
1406250.0
1406250.0
316 3 6
1093750.0
1406250.0
316 3 5
1093750.0
1406250.0
316 3 6
1250000.0
1328125.0
316 3 6
1406250.0
1484375.0
316 3 6
1250000.0
1796875.0
316 3 6
1171875.0
1484375.0
316 3 7
1171875.0
1562500.0
316 3 5
1015625.0
1640625.0
316 3 5
1093750.0
1484375.0
316 3 6
1718750.0
1484375.0
316 3 6
1171875.0
1484375.0
316 3 6
1562500.0
1562500.0
316 3 6
1171875.0
1406250.0
316 3 6
1171875.0
1406250.0
316 3 5
1250000.0
1562500.0
316 3 6
1562500.0
1796875.0
316 3 5
1484375.0
1718750.0
316 3 6
1562500.0
1562500.0
316 3 6
1406250.0
1640625.0
316 3 6
1640625.0
1953125.0
562 3 7
2187500.0
4062500.0
562 3 7
2187500.0
8125000.0
562 3 7
1875000.0
4062500.0
562 3 7
2343750.0
4062500.0
562 3 8
2343750.0
4062500.0
562 3 8
2343750.0
3750000.0
562 3 8
2343750.0
3750000.0
562 3 9
2656250.0
3437500.0
562 3 7
2500000.0
3750000.0
562 3 7
2500000.0
4062500.0
562 3 7
4375000.0
3750000.0
562 3 7
2500000.0
3437500.0
562 3 7
2812500.0
4687500.0
562 3 8
2500000.0
4375000.0
562 3 8
2812500.0
4062500.0
562 3 7
3281250.0
4375000.0
562 3 7
3750000.0
4062500.0
562 3 8
2500000.0
4375000.0
562 3 8
4375000.0
5000000.0
562 3 8
2187500.0
4062500.0
562 3 7
3437500.0
5937500.0
562 3 7
2031250.0
3750000.0
562 3 7
2343750.0
4062500.0
562 3 7
2031250.0
4062500.0
562 3 8
2031250.0
4687500.0
562 3 7
2500000.0
4375000.0
562 3 8
2500000.0
4062500.0
562 3 7
2187500.0
3750000.0
562 3 7
2343750.0
4062500.0
562 3 7
2343750.0
4062500.0
562 3 7
2187500.0
3750000.0
1000 3 9
5312500.0
1.5E7
562 3 7
2031250.0
4375000.0
1000 3 8
5000000.0
1.0E7
1000 3 8
5937500.0
9375000.0
1000 3 9
5312500.0
1.0E7
1000 3 9
4375000.0
1.1875E7
1000 3 9
4687500.0
1.125E7
1000 3 9
5000000.0
1.375E7
1000 3 9
5000000.0
1.1875E7
1000 3 8
3750000.0
1.1875E7
1000 3 9
5625000.0
1.375E7
1000 3 10
4375000.0
1.1875E7
1000 3 9
4687500.0
1.125E7
1000 3 8
7500000.0
1.4375E7
1000 3 9
5312500.0
1.0625E7
1000 3 9
4687500.0
1.625E7
1000 3 10
4375000.0
1.125E7
1000 3 8
5937500.0
1.1875E7
1000 3 8
5937500.0
1.0625E7
1000 3 9
4062500.0
1.1875E7
1000 3 8
5625000.0
1.0625E7
1000 3 8
5312500.0
1.1875E7
1000 3 8
5312500.0
2.5E7
1000 3 10
4062500.0
1.3125E7
1000 3 8
5625000.0
2.0E7
1000 3 8
5312500.0
1.25E7
1000 3 9
4375000.0
1.3125E7
1778 3 11
1.375E7
5.5E7
1000 3 9
4062500.0
1.3125E7
1000 3 8
4375000.0
1.3125E7
1778 3 10
9375000.0
2.75E7
1000 3 8
4687500.0
1.125E7
1000 3 9
5625000.0
1.4375E7
1778 3 12
1.125E7
3.0E7
1778 3 10
1.5625E7
4.25E7
1000 3 9
6875000.0
1.375E7
1778 3 10
1.125E7
3.75E7
1778 3 10
1.125E7
3.25E7
1778 3 10
1.125E7
3.5E7
1000 3 9
6562500.0
1.375E7
1778 3 9
1.0625E7
3.5E7
1778 3 10
1.625E7
4.75E7
1778 3 11
1.125E7
3.75E7
1778 3 11
1.125E7
3.25E7
1778 3 10
1.1875E7
3.25E7
1778 3 11
1.375E7
6.0E7
1778 3 10
1.375E7
7.0E7
1778 3 10
1.375E7
3.0E7
1778 3 11
1.25E7
2.75E7
1778 3 10
1.0E7
3.0E7
1778 3 11
1.25E7
3.25E7
1778 3 10
1.375E7
6.0E7
1778 3 10
1.4375E7
6.5E7
1778 3 11
1.0E7
3.0E7
1778 3 11
1.25E7
3.0E7
1778 3 10
1.0E7
3.25E7
1778 3 10
1.0E7
3.25E7
1778 3 11
1.1875E7
3.25E7
3162 3 12
5.5E7
1.7E8
3162 3 12
2.75E7
1.2E8
1778 3 10
1.0625E7
3.0E7
1778 3 10
1.25E7
3.25E7
1778 3 11
1.0625E7
3.75E7
1778 3 10
1.625E7
2.75E7
1778 3 11
1.875E7
3.0E7
1778 3 10
9375000.0
3.0E7
1778 3 11
1.25E7
3.25E7
3162 3 13
2.0E7
8.0E7
3162 3 13
2.0E7
1.2E8
3162 3 12
2.25E7
1.4E8
3162 3 12
2.5E7
1.2E8
3162 3 13
2.25E7
1.3E8
3162 3 12
2.375E7
1.3E8
3162 3 12
2.375E7
1.3E8
3162 3 12
2.25E7
1.3E8
3162 3 13
2.375E7
1.3E8
3162 3 13
2.5E7
1.1E8
3162 3 12
1.875E7
1.2E8
3162 3 12
1.875E7
1.1E8
3162 3 12
2.0E7
1.3E8
3162 3 13
2.125E7
1.3E8
3162 3 12
2.0E7
8.0E7
3162 3 12
3.25E7
2.1E8
3162 3 12
2.375E7
2.2E8
3162 3 12
3.0E7
2.3E8
3162 3 12
2.375E7
2.2E8
3162 3 12
2.125E7
1.2E8
3162 3 13
2.625E7
2.0E8
3162 3 12
2.625E7
2.3E8
3162 3 12
1.625E7
6.0E7
3162 3 12
2.0E7
1.2E8
3162 3 12
2.25E7
1.2E8
3162 3 12
1.875E7
1.2E8
3162 3 12
2.75E7
2.0E8
3162 3 12
2.125E7
1.1E8
3162 3 12
1.875E7
9.5E7
3162 3 12
2.25E7
8.5E7
5623 3 14
4.75E7
3.3E8
5623 3 14
5.5E7
4.5E8
5623 3 14
5.5E7
3.4E8
5623 3 14
3.75E7
3.5E8
5623 3 14
4.0E7
3.5E8
5623 3 14
3.5E7
3.7E8
5623 3 14
3.75E7
3.5E8
5623 3 13
4.0E7
3.6E8
5623 3 14
4.25E7
3.3E8
5623 3 14
5.0E7
3.6E8
5623 3 14
4.75E7
3.4E8
5623 3 14
4.75E7
3.6E8
5623 3 14
3.25E7
2.4E8
5623 3 14
3.5E7
3.2E8
5623 3 14
4.5E7
3.6E8
5623 3 14
4.25E7
3.5E8
5623 3 14
3.75E7
3.3E8
5623 3 14
4.0E7
3.2E8
5623 3 14
3.5E7
3.2E8
5623 3 14
3.5E7
3.2E8
5623 3 14
4.0E7
3.5E8
5623 3 14
4.5E7
3.1E8
5623 3 14
4.5E7
4.7E8
5623 3 14
5.5E7
4.6E8
5623 3 14
3.75E7
3.5E8
5623 3 14
5.75E7
4.6E8
5623 3 14
6.25E7
4.6E8
5623 3 14
7.0E7
4.0E8
5623 3 14
7.0E7
4.1E8
5623 3 14
7.75E7
3.8E8
5623 3 14
4.25E7
3.0E8
5623 3 14
4.25E7
3.2E8
10000 3 14
1.2E8
1.01E9
10000 3 14
1.8E8
1.1E9
10000 3 14
8.0E7
9.9E8
10000 3 14
7.5E7
9.7E8
10000 3 14
8.5E7
1.03E9
10000 3 14
9.5E7
1.01E9
10000 3 14
1.05E8
1.0E9
10000 3 14
9.5E7
1.0E9
10000 3 14
9.5E7
1.1E9
10000 3 14
9.5E7
1.0E9
10000 3 14
8.5E7
9.3E8
10000 3 14
8.0E7
9.4E8
10000 3 14
9.0E7
1.1E9
10000 3 14
8.5E7
1.0E9
10000 3 14
1.05E8
1.1E9
10000 3 14
9.0E7
8.8E8
10000 3 14
8.0E7
1.03E9
10000 3 14
8.0E7
1.16E9
10000 3 14
9.5E7
1.09E9
10000 3 14
9.0E7
1.03E9
10000 3 14
8.0E7
1.05E9
10000 3 14
7.5E7
1.01E9
10000 3 14
8.0E7
1.27E9
10000 3 14
1.2E8
1.1E9
10000 3 14
9.0E7
9.3E8
10000 3 14
9.5E7
1.04E9
10000 3 14
1.5E8
1.33E9
10000 3 14
1.4E8
1.29E9
10000 3 14
9.0E7
1.17E9
10000 3 14
1.4E8
1.36E9
10000 3 14
1.5E8
1.3E9
10000 3 14
1.05E8
1.26E9
17782 3 14
1.5E8
3.09E9
17782 3 14
1.4E8
3.0E9
17782 3 14
2.0E8
3.05E9
17782 3 14
1.5E8
3.07E9
17782 3 14
2.1E8
3.13E9
17782 3 14
2.1E8
3.37E9
17782 3 14
1.5E8
2.96E9
17782 3 14
2.0E8
3.01E9
17782 3 14
1.8E8
3.4E9
17782 3 14
1.8E8
3.17E9
17782 3 14
1.9E8
3.48E9
17782 3 14
1.5E8
3.38E9
17782 3 14
2.1E8
3.4E9
17782 3 14
1.6E8
3.37E9
17782 3 14
2.1E8
3.87E9
17782 3 14
1.8E8
3.53E9
17782 3 14
2.3E8
3.61E9
17782 3 14
2.0E8
3.78E9
17782 3 14
2.1E8
3.41E9
17782 3 14
1.9E8
3.33E9
17782 3 14
1.6E8
4.01E9
17782 3 14
2.5E8
3.44E9
17782 3 14
1.7E8
3.99E9
17782 3 14
1.8E8
4.29E9
17782 3 14
2.2E8
3.59E9
17782 3 14
1.5E8
3.49E9
17782 3 14
2.6E8
3.67E9
17782 3 14
2.0E8
4.02E9
17782 3 14
2.9E8
3.77E9
17782 3 14
2.0E8
4.16E9
17782 3 14
3.1E8
4.26E9
17782 3 14
3.0E8
4.16E9
31622 3 14
4.1E8
1.182E10
31622 3 14
4.1E8
1.112E10
31622 3 14
4.0E8
1.221E10
31622 3 14
3.4E8
1.268E10
31622 3 14
3.1E8
1.307E10
31622 3 14
3.0E8
1.248E10
31622 3 14
4.8E8
1.194E10
31622 3 14
3.6E8
1.379E10
31622 3 14
4.4E8
1.294E10
31622 3 14
3.5E8
1.347E10
31622 3 14
3.6E8
1.462E10
31622 3 14
4.4E8
1.344E10
31622 3 14
3.7E8
1.518E10
31622 3 14
5.1E8
1.494E10
31622 3 14
3.7E8
1.412E10
31622 3 14
4.0E8
1.445E10
31622 3 14
5.5E8
1.369E10
31622 3 14
4.2E8
1.524E10
31622 3 14
4.6E8
1.491E10
31622 3 14
3.7E8
1.53E10
31622 3 14
4.3E8
1.57E10
31622 3 14
4.5E8
1.507E10
31622 3 14
5.1E8
1.439E10
31622 3 14
3.2E8
1.68E10
31622 3 14
4.1E8
1.647E10
31622 3 14
4.3E8
1.664E10
31622 3 14
4.4E8
1.624E10
31622 3 14
4.4E8
1.619E10
31622 3 14
4.3E8
1.696E10
31622 3 14
3.6E8
1.791E10
31622 3 14
4.4E8
1.749E10
31622 3 14
5.0E8
1.798E10
56234 3 14
6.7E8
4.658E10
56234 3 14
7.6E8
4.707E10
56234 3 14
7.7E8
5.083E10
56234 3 14
6.9E8
4.955E10
56234 3 14
7.1E8
5.124E10
56234 3 14
6.6E8
5.522E10
56234 3 14
7.1E8
5.248E10
56234 3 14
1.04E9
5.36E10
56234 3 14
7.6E8
5.656E10
56234 3 14
7.1E8
5.641E10
56234 3 14
7.0E8
5.4E10
56234 3 14
6.8E8
5.391E10
56234 3 14
1.04E9
5.844E10
56234 3 14
1.28E9
5.508E10
56234 3 14
8.4E8
5.693E10
56234 3 14
1.04E9
5.884E10
56234 3 14
7.4E8
6.184E10
56234 3 14
9.1E8
6.028E10
56234 3 14
7.8E8
6.13E10
56234 3 14
7.7E8
6.361E10
56234 3 14
7.7E8
6.162E10
56234 3 14
8.6E8
6.396E10
56234 3 14
1.17E9
6.333E10
56234 3 14
8.0E8
6.551E10
56234 3 14
8.4E8
6.852E10
56234 3 14
7.8E8
6.964E10
56234 3 14
1.33E9
7.028E10
56234 3 14
8.2E8
7.324E10
56234 3 14
8.1E8
7.169E10
56234 3 14
7.5E8
8.184E10
56234 3 14
7.2E8
8.874E10
56234 3 14
9.6E8
8.561E10
100000 3 14
1.58E9
1.6521E11
100000 3 14
1.64E9
1.6623E11
100000 3 14
1.27E9
1.6744E11
100000 3 14
1.53E9
1.6775E11
100000 3 14
1.07E9
1.8121E11
100000 3 14
1.34E9
1.8999E11
100000 3 14
1.63E9
1.8667E11
100000 3 14
1.63E9
2.1055E11
100000 3 14
1.67E9
1.8766E11
100000 3 14
1.21E9
2.0423E11
100000 3 14
1.28E9
2.05E11
100000 3 14
1.22E9
2.1199E11
100000 3 14
1.57E9
1.8823E11
100000 3 14
1.5E9
1.9149E11
100000 3 14
2.0E9
2.1264E11
100000 3 14
1.22E9
2.164E11
100000 3 14
1.73E9
2.1266E11
100000 3 14
1.6E9
1.7874E11
100000 3 14
1.49E9
2.0916E11
100000 3 14
1.05E9
1.9164E11
100000 3 14
1.7E9
2.0069E11
100000 3 14
1.81E9
2.2351E11
100000 3 14
1.18E9
2.0478E11
100000 3 14
1.77E9
2.3355E11
100000 3 14
1.34E9
2.2762E11
100000 3 14
1.69E9
2.2981E11
100000 3 14
1.63E9
2.3024E11
100000 3 14
2.3E9
2.3234E11
100000 3 14
1.21E9
2.2943E11
100000 3 14
1.99E9
2.1695E11
100000 3 14
1.83E9
2.0296E11
100000 3 14
1.66E9
2.2837E11
