100 7 1
546875.0
429687.5
100 7 1
546875.0
429687.5
100 7 1
625000.0
429687.5
100 7 1
585937.5
429687.5
100 7 1
585937.5
429687.5
100 7 2
585937.5
429687.5
100 7 1
585937.5
429687.5
100 7 1
546875.0
429687.5
100 7 1
546875.0
429687.5
100 7 1
546875.0
429687.5
100 7 1
585937.5
507812.5
100 7 1
625000.0
429687.5
100 7 1
585937.5
429687.5
100 7 1
585937.5
429687.5
100 7 1
507812.5
390625.0
100 7 1
546875.0
410156.25
100 7 1
546875.0
371093.75
100 7 1
546875.0
390625.0
100 7 1
585937.5
429687.5
100 7 1
625000.0
390625.0
100 7 1
546875.0
390625.0
100 7 1
585937.5
410156.25
100 7 1
585937.5
390625.0
100 7 1
546875.0
390625.0
100 7 1
546875.0
410156.25
100 7 2
585937.5
390625.0
100 7 1
546875.0
390625.0
100 7 1
625000.0
410156.25
100 7 1
585937.5
390625.0
100 7 1
585937.5
390625.0
100 7 1
585937.5
390625.0
100 7 1
585937.5
410156.25
177 7 1
1406250.0
1093750.0
177 7 2
1484375.0
1015625.0
177 7 2
1328125.0
1015625.0
177 7 1
1562500.0
1015625.0
177 7 1
1562500.0
1171875.0
177 7 1
1562500.0
1015625.0
177 7 1
1406250.0
1093750.0
177 7 1
1562500.0
1093750.0
177 7 2
1406250.0
1093750.0
177 7 2
1562500.0
1250000.0
177 7 1
1484375.0
1171875.0
177 7 1
1406250.0
1171875.0
177 7 2
1484375.0
1171875.0
177 7 1
1484375.0
1171875.0
177 7 2
1484375.0
1171875.0
177 7 1
1406250.0
1093750.0
177 7 1
1406250.0
1015625.0
177 7 1
1562500.0
1171875.0
177 7 1
1484375.0
937500.0
177 7 2
1484375.0
1093750.0
177 7 2
1484375.0
1015625.0
177 7 1
1484375.0
1015625.0
177 7 1
1484375.0
1093750.0
177 7 1
1484375.0
1015625.0
177 7 1
1484375.0
1171875.0
177 7 2
1406250.0
1093750.0
177 7 2
1484375.0
1093750.0
177 7 1
1484375.0
1093750.0
177 7 1
1406250.0
1093750.0
177 7 2
1406250.0
1093750.0
177 7 2
1406250.0
1171875.0
177 7 2
1406250.0
1093750.0
316 7 2
3750000.0
3437500.0
316 7 2
3750000.0
3750000.0
316 7 1
4062500.0
3437500.0
316 7 1
3750000.0
4062500.0
316 7 1
4062500.0
3437500.0
316 7 1
3750000.0
3437500.0
316 7 2
3750000.0
3437500.0
316 7 1
3750000.0
3281250.0
316 7 2
4062500.0
3437500.0
316 7 2
3750000.0
3437500.0
316 7 2
3750000.0
3437500.0
316 7 2
3750000.0
4062500.0
316 7 1
3750000.0
3750000.0
316 7 1
4062500.0
3750000.0
316 7 2
4062500.0
2968750.0
316 7 1
4062500.0
3750000.0
316 7 2
4375000.0
2968750.0
316 7 1
3750000.0
3750000.0
316 7 2
4062500.0
3125000.0
316 7 1
4062500.0
3437500.0
316 7 1
4062500.0
3437500.0
316 7 2
3750000.0
2812500.0
316 7 2
4062500.0
2968750.0
316 7 2
3750000.0
3437500.0
316 7 1
4062500.0
2968750.0
316 7 1
4062500.0
2812500.0
316 7 1
3750000.0
2812500.0
316 7 1
3750000.0
2812500.0
316 7 2
4062500.0
2968750.0
316 7 2
3750000.0
2968750.0
316 7 2
3750000.0
2968750.0
316 7 1
3750000.0
2968750.0
562 7 2
1.0E7
8750000.0
562 7 2
1.0E7
8750000.0
562 7 2
9375000.0
9375000.0
562 7 2
1.0E7
8750000.0
562 7 2
9375000.0
8750000.0
562 7 2
1.0E7
1.0625E7
562 7 2
9375000.0
9375000.0
562 7 2
9375000.0
8750000.0
562 7 2
9375000.0
9375000.0
562 7 2
9375000.0
1.0E7
562 7 2
9375000.0
9375000.0
562 7 2
9375000.0
1.0625E7
562 7 2
9375000.0
9375000.0
562 7 2
9375000.0
1.0625E7
562 7 2
1.0E7
7500000.0
562 7 2
9375000.0
9375000.0
562 7 2
1.0E7
8750000.0
562 7 2
1.0625E7
1.1875E7
562 7 2
1.0E7
8750000.0
562 7 2
1.0E7
1.125E7
562 7 2
1.125E7
1.0E7
562 7 2
9375000.0
1.0E7
562 7 2
1.0E7
1.1875E7
562 7 2
9375000.0
1.1875E7
562 7 2
9375000.0
8750000.0
562 7 2
9375000.0
8750000.0
562 7 2
1.0E7
9375000.0
562 7 2
9375000.0
1.0625E7
562 7 2
1.0E7
8750000.0
562 7 2
1.0E7
8125000.0
562 7 2
1.0E7
8750000.0
562 7 2
1.0E7
8125000.0
1000 7 2
2.75E7
2.5E7
1000 7 2
2.375E7
2.75E7
1000 7 2
2.25E7
2.5E7
1000 7 2
2.25E7
2.75E7
1000 7 2
2.25E7
2.75E7
1000 7 2
2.25E7
3.125E7
1000 7 2
2.25E7
3.0E7
1000 7 2
2.375E7
4.0E7
1000 7 2
2.375E7
3.0E7
1000 7 2
2.25E7
2.75E7
1000 7 2
2.5E7
3.75E7
1000 7 2
2.5E7
4.0E7
1000 7 2
2.375E7
3.5E7
1000 7 2
2.25E7
2.75E7
1000 7 2
2.125E7
3.0E7
1000 7 2
2.375E7
2.75E7
1000 7 2
2.375E7
3.25E7
1000 7 2
2.25E7
3.375E7
1000 7 2
2.5E7
3.25E7
1000 7 2
2.5E7
2.75E7
1000 7 2
2.375E7
2.875E7
1000 7 2
2.25E7
4.0E7
1000 7 2
2.375E7
3.25E7
1000 7 2
2.5E7
3.25E7
1000 7 2
2.375E7
3.625E7
1000 7 2
2.25E7
3.75E7
1000 7 2
2.375E7
3.375E7
1000 7 2
2.375E7
3.25E7
1000 7 2
2.375E7
3.0E7
1000 7 2
2.5E7
2.75E7
1778 7 2
6.0E7
8.5E7
1000 7 2
2.625E7
2.75E7
1778 7 2
6.0E7
1.3E8
1778 7 2
7.0E7
9.0E7
1778 7 2
6.5E7
1.1E8
1000 7 2
2.5E7
3.125E7
1778 7 2
5.5E7
1.5E8
1778 7 2
6.5E7
1.15E8
1778 7 2
6.0E7
1.1E8
1778 7 2
5.5E7
1.2E8
1778 7 2
6.0E7
1.0E8
1778 7 2
6.0E7
1.6E8
1778 7 2
5.5E7
1.1E8
1778 7 2
6.0E7
1.2E8
1778 7 2
6.0E7
1.1E8
1778 7 2
6.0E7
1.1E8
1778 7 2
5.5E7
9.5E7
1778 7 2
5.5E7
9.0E7
1778 7 2
5.5E7
8.5E7
1778 7 2
5.5E7
8.0E7
1778 7 2
6.0E7
9.0E7
1778 7 2
5.5E7
8.5E7
1778 7 2
5.5E7
8.0E7
1778 7 2
5.5E7
7.5E7
1778 7 2
5.5E7
8.0E7
1778 7 2
6.0E7
8.0E7
1778 7 2
5.5E7
9.0E7
1778 7 2
6.0E7
1.2E8
1778 7 2
6.5E7
7.5E7
1778 7 2
6.0E7
7.5E7
1778 7 2
6.5E7
7.5E7
1778 7 2
8.5E7
8.5E7
1778 7 2
7.0E7
1.2E8
1778 7 2
6.0E7
9.0E7
3162 7 2
1.5E8
2.9E8
3162 7 2
1.3E8
3.2E8
3162 7 2
1.4E8
2.8E8
3162 7 2
1.3E8
3.0E8
3162 7 2
1.4E8
2.9E8
3162 7 2
1.4E8
3.0E8
3162 7 2
1.4E8
3.1E8
3162 7 2
1.4E8
3.0E8
3162 7 2
1.4E8
3.7E8
3162 7 2
1.4E8
3.0E8
3162 7 2
1.4E8
3.3E8
3162 7 2
1.4E8
3.2E8
3162 7 2
1.3E8
4.2E8
3162 7 2
1.4E8
3.1E8
3162 7 2
1.4E8
3.0E8
3162 7 2
1.4E8
3.0E8
3162 7 2
1.4E8
3.2E8
3162 7 2
1.3E8
4.4E8
3162 7 2
1.5E8
3.4E8
3162 7 2
1.5E8
3.5E8
3162 7 2
1.4E8
4.5E8
3162 7 2
1.4E8
4.6E8
3162 7 2
1.4E8
4.2E8
3162 7 2
1.5E8
4.1E8
3162 7 2
1.4E8
4.1E8
3162 7 2
1.5E8
4.0E8
3162 7 2
1.5E8
4.2E8
3162 7 2
1.8E8
3.7E8
3162 7 2
1.7E8
3.3E8
3162 7 2
1.5E8
2.3E8
3162 7 2
1.7E8
2.9E8
3162 7 2
1.8E8
2.4E8
5623 7 2
3.3E8
9.9E8
5623 7 2
3.3E8
1.03E9
5623 7 2
3.3E8
1.02E9
5623 7 2
3.4E8
1.01E9
5623 7 2
3.4E8
1.0E9
5623 7 2
3.5E8
1.09E9
5623 7 2
3.6E8
1.07E9
5623 7 2
3.3E8
1.04E9
5623 7 2
3.4E8
1.01E9
5623 7 2
3.5E8
9.9E8
5623 7 2
3.5E8
9.8E8
5623 7 2
3.5E8
1.01E9
5623 7 2
3.6E8
1.01E9
5623 7 3
3.4E8
1.21E9
5623 7 2
3.8E8
9.7E8
5623 7 2
4.9E8
8.8E8
5623 7 2
3.3E8
1.23E9
5623 7 2
3.5E8
1.24E9
5623 7 2
3.5E8
1.39E9
5623 7 2
3.5E8
1.1E9
5623 7 2
3.4E8
1.38E9
5623 7 2
3.4E8
1.31E9
5623 7 2
3.3E8
1.37E9
5623 7 2
3.5E8
1.2E9
5623 7 2
3.4E8
1.29E9
5623 7 2
3.6E8
1.25E9
5623 7 2
3.4E8
1.53E9
5623 7 2
3.4E8
1.5E9
5623 7 2
3.4E8
1.52E9
5623 7 2
3.4E8
1.55E9
5623 7 2
3.6E8
1.51E9
5623 7 2
4.6E8
1.32E9
10000 7 2
8.0E8
3.4E9
10000 7 2
8.1E8
3.41E9
10000 7 2
8.0E8
3.43E9
10000 7 2
8.1E8
3.39E9
10000 7 3
8.6E8
3.39E9
10000 7 2
8.0E8
3.42E9
10000 7 2
8.9E8
3.7E9
10000 7 2
9.0E8
3.41E9
10000 7 2
8.4E8
3.62E9
10000 7 2
7.8E8
3.89E9
10000 7 2
8.5E8
3.66E9
10000 7 2
7.9E8
4.28E9
10000 7 2
8.1E8
3.96E9
10000 7 3
8.7E8
3.93E9
10000 7 2
8.7E8
4.19E9
10000 7 3
8.1E8
4.46E9
10000 7 2
8.5E8
4.15E9
10000 7 3
8.0E8
4.13E9
10000 7 2
7.9E8
4.36E9
10000 7 2
9.2E8
4.09E9
10000 7 3
8.0E8
4.38E9
10000 7 2
7.9E8
4.74E9
10000 7 2
8.1E8
4.42E9
10000 7 2
8.4E8
4.74E9
10000 7 2
8.0E8
4.32E9
10000 7 2
8.2E8
4.54E9
10000 7 2
8.0E8
4.68E9
10000 7 2
8.0E8
4.66E9
10000 7 2
7.9E8
4.76E9
10000 7 2
1.02E9
4.43E9
10000 7 2
8.6E8
4.5E9
10000 7 2
8.4E8
4.83E9
17782 7 3
2.27E9
1.131E10
17782 7 2
1.94E9
1.272E10
17782 7 2
1.84E9
1.287E10
17782 7 3
1.89E9
1.284E10
17782 7 2
2.04E9
1.239E10
17782 7 2
1.98E9
1.248E10
17782 7 3
1.95E9
1.286E10
17782 7 3
1.83E9
1.307E10
17782 7 3
2.17E9
1.321E10
17782 7 3
1.92E9
1.36E10
17782 7 2
2.04E9
1.358E10
17782 7 3
1.85E9
1.496E10
17782 7 3
1.83E9
1.38E10
17782 7 3
1.87E9
1.396E10
17782 7 3
1.99E9
1.395E10
17782 7 2
1.9E9
1.402E10
17782 7 3
1.83E9
1.515E10
17782 7 2
1.84E9
1.52E10
17782 7 3
2.12E9
1.525E10
17782 7 3
2.1E9
1.362E10
17782 7 3
2.1E9
1.546E10
17782 7 3
1.91E9
1.55E10
17782 7 2
1.86E9
1.547E10
17782 7 3
1.88E9
1.459E10
17782 7 2
1.97E9
1.454E10
17782 7 3
1.91E9
1.495E10
17782 7 2
2.12E9
1.428E10
17782 7 3
1.87E9
1.63E10
17782 7 2
1.94E9
1.509E10
17782 7 3
2.1E9
1.587E10
17782 7 2
2.14E9
1.471E10
17782 7 3
2.07E9
1.587E10
31622 7 3
4.45E9
4.138E10
31622 7 3
4.32E9
4.496E10
31622 7 3
4.64E9
4.734E10
31622 7 3
4.47E9
5.11E10
31622 7 3
4.94E9
4.78E10
31622 7 3
4.27E9
5.042E10
31622 7 3
4.39E9
4.833E10
31622 7 3
4.52E9
4.881E10
31622 7 3
4.24E9
5.221E10
31622 7 3
4.44E9
4.962E10
31622 7 3
4.76E9
4.998E10
31622 7 3
4.34E9
5.279E10
31622 7 3
4.55E9
5.154E10
31622 7 3
4.36E9
5.263E10
31622 7 3
4.87E9
5.098E10
31622 7 3
5.07E9
5.121E10
31622 7 3
4.23E9
5.207E10
31622 7 3
4.37E9
5.381E10
31622 7 3
4.41E9
5.274E10
31622 7 3
4.6E9
5.488E10
31622 7 3
4.4E9
5.215E10
31622 7 3
4.49E9
5.417E10
31622 7 3
4.36E9
5.425E10
31622 7 3
4.3E9
5.651E10
31622 7 3
4.85E9
5.436E10
31622 7 3
5.16E9
5.295E10
31622 7 3
4.4E9
5.388E10
31622 7 3
4.79E9
5.449E10
31622 7 3
4.27E9
5.555E10
31622 7 3
5.08E9
5.455E10
31622 7 3
4.55E9
5.654E10
31622 7 3
4.79E9
5.505E10
56234 7 3
1.1E10
1.6876E11
56234 7 3
1.075E10
1.6977E11
56234 7 3
1.0E10
1.8191E11
56234 7 3
9.77E9
1.8298E11
56234 7 3
1.008E10
1.8645E11
56234 7 3
9.86E9
1.8623E11
56234 7 3
1.006E10
1.8649E11
56234 7 3
1.023E10
1.8611E11
56234 7 3
1.044E10
1.8488E11
56234 7 3
1.043E10
1.854E11
56234 7 3
1.003E10
1.8908E11
56234 7 3
9.98E9
1.8808E11
56234 7 3
9.93E9
1.9016E11
56234 7 3
1.029E10
1.8658E11
56234 7 3
1.031E10
1.8947E11
56234 7 3
1.055E10
1.8847E11
56234 7 3
9.92E9
1.928E11
56234 7 3
9.64E9
1.9312E11
56234 7 3
1.053E10
1.8496E11
56234 7 3
1.014E10
1.9141E11
56234 7 3
9.72E9
1.9006E11
56234 7 3
1.109E10
2.0904E11
56234 7 3
9.81E9
1.936E11
56234 7 3
1.026E10
1.9316E11
56234 7 3
1.072E10
1.9821E11
56234 7 3
1.108E10
1.949E11
56234 7 3
9.98E9
1.9891E11
56234 7 3
1.032E10
2.162E11
56234 7 3
1.023E10
2.0816E11
56234 7 3
1.022E10
2.1854E11
56234 7 3
1.069E10
2.0989E11
56234 7 3
9.82E9
2.164E11
100000 7 3
2.317E10
3.5341E11
100000 7 3
2.392E10
4.3065E11
100000 7 3
2.339E10
6.1681E11
100000 7 3
2.335E10
6.1656E11
100000 7 3
2.382E10
6.0745E11
100000 7 3
2.448E10
6.2649E11
100000 7 3
2.272E10
6.2246E11
100000 7 3
2.454E10
6.0507E11
100000 7 3
2.326E10
6.2864E11
100000 7 3
2.454E10
6.1863E11
100000 7 3
2.372E10
6.4088E11
100000 7 3
2.312E10
6.5197E11
100000 7 3
2.436E10
6.3048E11
100000 7 3
2.619E10
6.3895E11
100000 7 3
2.334E10
6.4999E11
100000 7 3
2.351E10
6.4309E11
100000 7 3
2.561E10
6.2641E11
100000 7 3
2.449E10
6.4043E11
100000 7 3
2.629E10
6.6728E11
100000 7 3
2.327E10
6.8292E11
100000 7 3
2.318E10
6.7506E11
100000 7 3
2.369E10
6.8904E11
100000 7 3
2.385E10
6.8883E11
100000 7 3
2.401E10
6.9002E11
100000 7 3
2.378E10
7.0272E11
100000 7 3
2.347E10
6.9488E11
100000 7 3
2.38E10
7.1028E11
100000 7 3
2.318E10
7.1197E11
100000 7 3
2.385E10
7.1404E11
100000 7 3
2.333E10
7.3351E11
100000 7 3
2.271E10
7.3713E11
100000 7 3
2.334E10
7.3707E11
