100 6 2
468750.0
429687.5
100 6 1
546875.0
429687.5
100 6 1
585937.5
429687.5
100 6 2
546875.0
429687.5
100 6 1
585937.5
429687.5
100 6 1
546875.0
429687.5
100 6 2
546875.0
429687.5
100 6 2
546875.0
429687.5
100 6 2
546875.0
429687.5
100 6 2
546875.0
429687.5
100 6 1
546875.0
429687.5
100 6 2
546875.0
371093.75
100 6 2
546875.0
371093.75
100 6 2
546875.0
332031.25
100 6 2
546875.0
390625.0
100 6 1
507812.5
410156.25
100 6 2
546875.0
410156.25
100 6 2
546875.0
410156.25
100 6 2
546875.0
371093.75
100 6 2
546875.0
371093.75
100 6 2
546875.0
371093.75
100 6 1
546875.0
371093.75
100 6 1
585937.5
410156.25
100 6 1
507812.5
371093.75
100 6 2
585937.5
390625.0
100 6 2
507812.5
371093.75
100 6 2
546875.0
390625.0
100 6 2
507812.5
390625.0
100 6 2
546875.0
410156.25
100 6 2
546875.0
390625.0
100 6 1
546875.0
390625.0
100 6 2
546875.0
429687.5
177 6 2
1328125.0
1093750.0
177 6 2
1406250.0
1093750.0
177 6 2
1406250.0
937500.0
177 6 2
1406250.0
1171875.0
177 6 2
1406250.0
1015625.0
177 6 2
1328125.0
1093750.0
177 6 2
1406250.0
1093750.0
177 6 2
1406250.0
1093750.0
177 6 1
1406250.0
1250000.0
177 6 2
1484375.0
1015625.0
177 6 2
1328125.0
1171875.0
177 6 2
1328125.0
1093750.0
177 6 2
1328125.0
1015625.0
177 6 2
1406250.0
1015625.0
177 6 2
1328125.0
1093750.0
177 6 2
1484375.0
1093750.0
177 6 2
1406250.0
1171875.0
177 6 2
1484375.0
1093750.0
177 6 2
1406250.0
1093750.0
177 6 2
1328125.0
1015625.0
177 6 2
1406250.0
1093750.0
177 6 2
1484375.0
1093750.0
177 6 2
1484375.0
1093750.0
177 6 2
1406250.0
1171875.0
177 6 2
1484375.0
1093750.0
177 6 2
1484375.0
1093750.0
177 6 1
1406250.0
1093750.0
177 6 2
1406250.0
1015625.0
177 6 2
1406250.0
1093750.0
177 6 2
1328125.0
1093750.0
177 6 2
1484375.0
1093750.0
177 6 2
1406250.0
1093750.0
316 6 2
3437500.0
3437500.0
316 6 2
3437500.0
3437500.0
316 6 2
3437500.0
3437500.0
316 6 2
3437500.0
3281250.0
316 6 2
3437500.0
3125000.0
316 6 2
3750000.0
3125000.0
316 6 2
3437500.0
3281250.0
316 6 2
3750000.0
3750000.0
316 6 2
3437500.0
3125000.0
316 6 2
3750000.0
3281250.0
316 6 2
3437500.0
3125000.0
316 6 2
3437500.0
3281250.0
316 6 2
3437500.0
3437500.0
316 6 2
3437500.0
3437500.0
316 6 2
3437500.0
3437500.0
316 6 2
3437500.0
3125000.0
316 6 2
3750000.0
3437500.0
316 6 2
3437500.0
3437500.0
316 6 2
3437500.0
2812500.0
316 6 2
3437500.0
2812500.0
316 6 2
3437500.0
2968750.0
316 6 2
3437500.0
3125000.0
316 6 2
3437500.0
2812500.0
316 6 2
3437500.0
2812500.0
316 6 2
3750000.0
2968750.0
316 6 2
3437500.0
2968750.0
316 6 2
3437500.0
3125000.0
316 6 2
3437500.0
3125000.0
316 6 2
3437500.0
2812500.0
316 6 2
3437500.0
2968750.0
316 6 2
3437500.0
2812500.0
316 6 2
3437500.0
3125000.0
562 6 2
8750000.0
7500000.0
562 6 2
9375000.0
8750000.0
562 6 2
8750000.0
1.0E7
562 6 2
8125000.0
1.0E7
562 6 2
8750000.0
7500000.0
562 6 2
8125000.0
9375000.0
562 6 2
8750000.0
8750000.0
562 6 2
8750000.0
8750000.0
562 6 2
8125000.0
8750000.0
562 6 2
8750000.0
8750000.0
562 6 2
8125000.0
1.0E7
562 6 2
8750000.0
9375000.0
562 6 2
8750000.0
8750000.0
562 6 2
8750000.0
8750000.0
562 6 2
8125000.0
9375000.0
562 6 2
8125000.0
1.0625E7
562 6 2
8750000.0
8750000.0
562 6 2
8125000.0
8750000.0
562 6 2
8125000.0
9375000.0
562 6 2
8125000.0
8750000.0
562 6 2
8750000.0
8125000.0
562 6 2
7500000.0
9375000.0
562 6 2
8750000.0
9375000.0
562 6 2
8750000.0
8125000.0
562 6 2
9375000.0
8125000.0
562 6 2
8750000.0
8125000.0
562 6 2
8125000.0
1.0625E7
562 6 2
8750000.0
9375000.0
562 6 2
8750000.0
8750000.0
562 6 2
8750000.0
8750000.0
562 6 2
8750000.0
8125000.0
562 6 2
8125000.0
1.0E7
1000 6 2
2.375E7
2.75E7
1000 6 2
2.125E7
2.75E7
1000 6 2
2.0E7
2.75E7
1000 6 2
2.0E7
2.75E7
1000 6 3
2.0E7
2.75E7
1000 6 2
2.125E7
2.75E7
1000 6 2
2.0E7
3.0E7
1000 6 2
2.125E7
2.75E7
1000 6 2
2.0E7
2.75E7
1000 6 2
2.375E7
2.375E7
1000 6 2
2.125E7
2.75E7
1000 6 2
2.0E7
2.625E7
1000 6 2
2.0E7
3.0E7
1000 6 2
1.875E7
2.625E7
1000 6 2
2.0E7
2.75E7
1000 6 2
2.125E7
2.75E7
1000 6 2
2.125E7
2.625E7
1000 6 2
2.125E7
3.25E7
1000 6 2
2.0E7
2.5E7
1000 6 2
2.0E7
3.125E7
1000 6 2
2.125E7
2.875E7
1000 6 2
2.0E7
2.5E7
1000 6 3
2.125E7
2.75E7
1000 6 2
2.125E7
2.625E7
1778 6 2
5.5E7
6.5E7
1000 6 2
1.875E7
2.5E7
1000 6 2
2.25E7
2.625E7
1000 6 2
2.0E7
3.125E7
1000 6 2
2.0E7
2.875E7
1778 6 2
5.0E7
1.2E8
1000 6 2
2.25E7
2.375E7
1778 6 2
4.75E7
7.0E7
1778 6 2
5.0E7
8.5E7
1778 6 2
5.5E7
7.5E7
1778 6 3
5.0E7
8.0E7
1000 6 2
2.125E7
3.5E7
1778 6 2
5.0E7
1.0E8
1000 6 2
2.0E7
2.75E7
1778 6 2
5.0E7
1.05E8
1000 6 2
2.25E7
3.125E7
1778 6 3
5.0E7
1.0E8
1778 6 2
4.75E7
8.5E7
1778 6 2
6.0E7
7.0E7
1778 6 2
5.0E7
6.5E7
1778 6 3
5.0E7
7.0E7
1778 6 2
4.75E7
8.0E7
1778 6 3
5.25E7
7.5E7
1778 6 2
5.0E7
8.0E7
1778 6 3
5.0E7
8.0E7
1778 6 3
5.0E7
8.5E7
1778 6 2
5.0E7
8.0E7
1778 6 2
5.0E7
8.5E7
1778 6 2
5.25E7
6.5E7
1778 6 3
5.5E7
7.5E7
1778 6 3
5.0E7
7.0E7
1778 6 2
5.25E7
7.5E7
1778 6 3
5.5E7
6.5E7
3162 6 3
1.2E8
2.2E8
3162 6 3
1.2E8
2.4E8
3162 6 3
1.1E8
2.3E8
3162 6 3
1.2E8
2.2E8
1778 6 2
5.25E7
8.5E7
1778 6 2
4.75E7
8.0E7
1778 6 2
4.5E7
8.0E7
3162 6 3
1.1E8
2.5E8
3162 6 3
1.1E8
2.5E8
1778 6 2
4.75E7
1.05E8
3162 6 3
1.1E8
2.6E8
1778 6 2
4.75E7
1.0E8
3162 6 3
1.1E8
2.5E8
3162 6 3
1.2E8
2.7E8
1778 6 2
5.0E7
9.5E7
1778 6 2
5.0E7
8.5E7
3162 6 3
1.2E8
2.9E8
3162 6 3
1.2E8
2.6E8
3162 6 3
1.2E8
2.6E8
3162 6 3
1.2E8
2.6E8
3162 6 3
1.1E8
2.7E8
3162 6 3
1.1E8
2.6E8
3162 6 3
1.2E8
2.7E8
3162 6 3
1.2E8
2.6E8
3162 6 3
1.2E8
2.8E8
3162 6 3
1.1E8
2.7E8
3162 6 3
1.2E8
2.7E8
3162 6 3
1.3E8
2.9E8
3162 6 3
1.1E8
2.5E8
3162 6 3
1.3E8
2.6E8
3162 6 3
1.3E8
2.5E8
3162 6 3
1.3E8
2.4E8
3162 6 3
1.3E8
2.1E8
3162 6 3
1.3E8
2.2E8
3162 6 3
1.2E8
2.3E8
3162 6 2
1.2E8
2.2E8
3162 6 3
1.2E8
2.2E8
3162 6 3
1.2E8
2.2E8
3162 6 3
1.1E8
2.2E8
5623 6 3
2.6E8
8.7E8
5623 6 3
2.7E8
8.5E8
5623 6 3
2.7E8
8.1E8
5623 6 3
2.6E8
9.7E8
5623 6 3
2.7E8
8.9E8
5623 6 3
2.7E8
9.6E8
5623 6 3
2.7E8
9.4E8
5623 6 3
2.7E8
9.5E8
5623 6 3
2.7E8
1.01E9
5623 6 3
2.7E8
8.6E8
5623 6 3
2.6E8
9.1E8
5623 6 3
2.6E8
9.6E8
5623 6 3
2.7E8
1.06E9
5623 6 3
2.6E8
1.03E9
5623 6 3
2.6E8
1.07E9
5623 6 3
2.7E8
1.0E9
5623 6 3
2.7E8
9.5E8
5623 6 3
2.6E8
9.5E8
5623 6 3
2.7E8
8.5E8
5623 6 3
2.9E8
8.4E8
5623 6 3
2.8E8
9.0E8
5623 6 3
2.6E8
8.6E8
5623 6 3
2.8E8
8.6E8
5623 6 3
2.6E8
1.04E9
5623 6 3
2.7E8
9.0E8
5623 6 3
2.5E8
9.3E8
5623 6 3
2.6E8
1.02E9
5623 6 3
2.7E8
8.6E8
5623 6 3
2.9E8
8.9E8
5623 6 3
3.6E8
8.9E8
5623 6 3
2.7E8
8.6E8
5623 6 3
2.9E8
9.0E8
10000 6 3
5.9E8
2.74E9
10000 6 3
6.0E8
2.6E9
10000 6 3
5.9E8
3.1E9
10000 6 3
6.0E8
2.91E9
10000 6 3
5.9E8
3.12E9
10000 6 3
6.1E8
2.68E9
10000 6 3
6.0E8
3.25E9
10000 6 3
6.7E8
3.2E9
10000 6 3
6.1E8
2.95E9
10000 6 3
6.5E8
3.28E9
10000 6 3
6.2E8
3.03E9
10000 6 3
5.4E8
3.19E9
10000 6 3
6.4E8
2.88E9
10000 6 3
6.2E8
3.07E9
10000 6 3
5.9E8
3.23E9
10000 6 3
6.0E8
3.16E9
10000 6 3
6.0E8
3.33E9
10000 6 3
6.0E8
3.4E9
10000 6 3
6.3E8
3.52E9
10000 6 3
5.6E8
3.27E9
10000 6 3
6.5E8
3.42E9
10000 6 3
6.1E8
3.2E9
10000 6 3
6.5E8
2.73E9
10000 6 3
6.0E8
3.51E9
10000 6 3
6.5E8
3.08E9
10000 6 3
5.9E8
3.44E9
10000 6 3
6.0E8
3.56E9
10000 6 3
6.3E8
3.68E9
10000 6 3
5.5E8
3.86E9
10000 6 3
6.0E8
3.83E9
10000 6 3
6.1E8
3.76E9
10000 6 3
6.1E8
3.41E9
17782 6 4
1.3E9
1.037E10
17782 6 3
1.4E9
1.024E10
17782 6 3
1.15E9
1.005E10
17782 6 3
1.34E9
1.013E10
17782 6 3
1.54E9
9.19E9
17782 6 3
1.34E9
1.053E10
17782 6 3
1.43E9
1.081E10
17782 6 3
1.36E9
1.054E10
17782 6 3
1.41E9
1.062E10
17782 6 3
1.37E9
9.97E9
17782 6 3
1.32E9
1.098E10
17782 6 3
1.44E9
1.03E10
17782 6 4
1.37E9
1.084E10
17782 6 3
1.44E9
1.102E10
17782 6 3
1.57E9
1.091E10
17782 6 3
1.43E9
1.078E10
17782 6 3
1.41E9
1.128E10
17782 6 3
1.44E9
1.108E10
17782 6 3
1.4E9
1.102E10
17782 6 3
1.59E9
1.133E10
17782 6 4
1.65E9
1.094E10
17782 6 3
1.4E9
1.085E10
17782 6 3
1.41E9
1.223E10
17782 6 3
1.44E9
1.121E10
17782 6 3
1.43E9
1.132E10
17782 6 4
1.42E9
1.237E10
17782 6 3
1.34E9
1.159E10
17782 6 3
1.63E9
1.033E10
17782 6 3
1.36E9
1.212E10
17782 6 3
1.2E9
1.159E10
17782 6 3
1.45E9
1.203E10
17782 6 4
1.41E9
1.209E10
31622 6 4
2.92E9
3.771E10
31622 6 4
3.22E9
3.885E10
31622 6 4
3.33E9
3.542E10
31622 6 4
3.04E9
3.843E10
31622 6 4
3.09E9
3.926E10
31622 6 4
3.17E9
3.749E10
31622 6 4
3.19E9
3.823E10
31622 6 4
3.19E9
3.972E10
31622 6 4
3.28E9
3.991E10
31622 6 4
3.52E9
3.796E10
31622 6 4
3.1E9
4.06E10
31622 6 4
3.64E9
3.748E10
31622 6 4
3.24E9
3.93E10
31622 6 4
3.09E9
4.032E10
31622 6 4
3.14E9
3.979E10
31622 6 4
3.15E9
3.786E10
31622 6 4
3.17E9
3.831E10
31622 6 4
3.13E9
3.841E10
31622 6 4
3.01E9
4.028E10
31622 6 4
3.08E9
4.07E10
31622 6 4
3.0E9
4.132E10
31622 6 4
3.09E9
4.092E10
31622 6 4
3.13E9
4.128E10
31622 6 4
3.36E9
4.212E10
31622 6 4
3.24E9
4.171E10
31622 6 4
3.02E9
4.215E10
31622 6 4
3.07E9
4.225E10
31622 6 4
3.68E9
4.112E10
31622 6 4
3.26E9
4.255E10
31622 6 4
3.07E9
4.279E10
31622 6 4
3.07E9
4.299E10
31622 6 4
3.21E9
4.318E10
56234 6 4
7.15E9
1.1953E11
56234 6 4
7.14E9
1.3322E11
56234 6 4
7.22E9
1.3321E11
56234 6 4
7.34E9
1.3295E11
56234 6 4
7.44E9
1.3489E11
56234 6 4
7.53E9
1.3759E11
56234 6 4
6.95E9
1.4226E11
56234 6 4
6.82E9
1.4173E11
56234 6 4
7.38E9
1.3783E11
56234 6 4
6.97E9
1.4228E11
56234 6 4
7.14E9
1.4274E11
56234 6 4
6.94E9
1.4419E11
56234 6 4
7.12E9
1.4102E11
56234 6 4
7.17E9
1.4785E11
56234 6 4
8.0E9
1.4173E11
56234 6 4
7.1E9
1.4606E11
56234 6 4
7.52E9
1.4832E11
56234 6 4
6.94E9
1.4804E11
56234 6 4
7.17E9
1.5193E11
56234 6 4
7.1E9
1.5265E11
56234 6 4
6.89E9
1.531E11
56234 6 4
7.03E9
1.527E11
56234 6 4
7.02E9
1.5566E11
56234 6 4
6.89E9
1.559E11
56234 6 4
7.23E9
1.5517E11
56234 6 4
7.12E9
1.564E11
56234 6 4
7.29E9
1.5406E11
56234 6 4
7.73E9
1.5536E11
56234 6 4
7.2E9
1.566E11
56234 6 4
7.45E9
1.5903E11
56234 6 4
7.51E9
1.5728E11
56234 6 4
7.04E9
1.6271E11
100000 6 4
1.541E10
3.8495E11
100000 6 4
1.701E10
4.3611E11
100000 6 5
1.699E10
4.4516E11
100000 6 4
1.649E10
4.7264E11
100000 6 4
1.628E10
4.8386E11
100000 6 4
1.685E10
4.6561E11
100000 6 4
1.714E10
4.6067E11
100000 6 4
1.805E10
4.8196E11
100000 6 4
1.646E10
4.8984E11
100000 6 4
1.631E10
4.9356E11
100000 6 4
1.638E10
4.7761E11
100000 6 4
1.736E10
4.8682E11
100000 6 4
1.63E10
4.8749E11
100000 6 4
1.633E10
4.8999E11
100000 6 4
1.725E10
5.0118E11
100000 6 4
1.643E10
5.0511E11
100000 6 4
1.601E10
4.8667E11
100000 6 5
1.614E10
4.9043E11
100000 6 4
1.629E10
5.0676E11
100000 6 4
1.679E10
5.0332E11
100000 6 4
1.608E10
4.9808E11
100000 6 4
1.666E10
5.091E11
100000 6 5
1.6E10
5.0412E11
100000 6 4
1.666E10
5.0313E11
100000 6 5
1.778E10
4.9923E11
100000 6 4
1.789E10
5.2486E11
100000 6 4
1.802E10
5.2232E11
100000 6 4
1.666E10
5.3094E11
100000 6 4
1.792E10
5.3603E11
100000 6 4
1.661E10
5.2121E11
100000 6 4
1.703E10
5.391E11
100000 6 4
1.63E10
5.3226E11
