100 7 1
585937.5
429687.5
100 7 1
546875.0
429687.5
100 7 1
585937.5
429687.5
100 7 1
585937.5
468750.0
100 7 1
546875.0
468750.0
100 7 1
546875.0
429687.5
100 7 1
507812.5
507812.5
100 7 1
585937.5
468750.0
100 7 1
507812.5
507812.5
100 7 1
585937.5
468750.0
100 7 1
585937.5
468750.0
100 7 1
585937.5
429687.5
100 7 1
585937.5
429687.5
100 7 1
625000.0
507812.5
100 7 1
585937.5
429687.5
100 7 1
664062.5
429687.5
100 7 1
546875.0
468750.0
100 7 2
546875.0
507812.5
100 7 1
546875.0
429687.5
100 7 1
625000.0
507812.5
100 7 1
585937.5
468750.0
100 7 1
585937.5
468750.0
100 7 1
585937.5
429687.5
100 7 1
507812.5
468750.0
100 7 1
585937.5
468750.0
100 7 1
585937.5
429687.5
100 7 2
585937.5
429687.5
100 7 1
546875.0
371093.75
100 7 1
546875.0
410156.25
100 7 1
585937.5
351562.5
100 7 1
585937.5
390625.0
100 7 1
585937.5
351562.5
177 7 1
1484375.0
1015625.0
177 7 1
1406250.0
1171875.0
177 7 1
1484375.0
1328125.0
177 7 1
1406250.0
1250000.0
177 7 1
1406250.0
1250000.0
177 7 1
1484375.0
1093750.0
177 7 1
1406250.0
1328125.0
177 7 1
1406250.0
1406250.0
177 7 1
1562500.0
1406250.0
177 7 1
1484375.0
1406250.0
177 7 1
1484375.0
1328125.0
177 7 1
1562500.0
1250000.0
177 7 1
1484375.0
1250000.0
177 7 1
1484375.0
1406250.0
177 7 2
1406250.0
1171875.0
177 7 2
1406250.0
1328125.0
177 7 1
1406250.0
1484375.0
177 7 1
1328125.0
2812500.0
177 7 2
1406250.0
1093750.0
177 7 1
1406250.0
1328125.0
177 7 2
1406250.0
2109375.0
177 7 1
1484375.0
1250000.0
177 7 1
1484375.0
2265625.0
177 7 1
1484375.0
2187500.0
177 7 1
1484375.0
2421875.0
177 7 2
1406250.0
1718750.0
177 7 1
1562500.0
2265625.0
177 7 2
1406250.0
1171875.0
177 7 1
1406250.0
1093750.0
177 7 1
1484375.0
1171875.0
177 7 1
1406250.0
1093750.0
177 7 1
1718750.0
1015625.0
316 7 2
3437500.0
3437500.0
316 7 2
3750000.0
3437500.0
316 7 2
3750000.0
3437500.0
316 7 2
3750000.0
3437500.0
316 7 1
4062500.0
4375000.0
316 7 2
4062500.0
3437500.0
316 7 2
4062500.0
4375000.0
316 7 2
3750000.0
3437500.0
316 7 2
3750000.0
3437500.0
316 7 2
4062500.0
4687500.0
316 7 2
3750000.0
3125000.0
316 7 2
3750000.0
3437500.0
316 7 2
3437500.0
4062500.0
316 7 2
3437500.0
3281250.0
316 7 2
3437500.0
4062500.0
316 7 2
3750000.0
2812500.0
316 7 2
3750000.0
2812500.0
316 7 2
3750000.0
3125000.0
316 7 1
4062500.0
3281250.0
316 7 1
3750000.0
2812500.0
316 7 2
4375000.0
3437500.0
316 7 1
4062500.0
3437500.0
316 7 2
3750000.0
3125000.0
316 7 2
4375000.0
3593750.0
316 7 2
4062500.0
2968750.0
316 7 2
4375000.0
4375000.0
316 7 1
3750000.0
3906250.0
316 7 2
4062500.0
4062500.0
562 7 2
9375000.0
8750000.0
316 7 2
3437500.0
3593750.0
562 7 2
9375000.0
8125000.0
316 7 2
4062500.0
3906250.0
316 7 2
3750000.0
3281250.0
562 7 2
9375000.0
1.5E7
316 7 1
4062500.0
5000000.0
562 7 2
1.0E7
9375000.0
562 7 2
1.0E7
9375000.0
562 7 2
1.0E7
9375000.0
562 7 2
1.0625E7
1.0625E7
562 7 2
9375000.0
1.0E7
562 7 2
8750000.0
9375000.0
562 7 2
1.0625E7
8125000.0
562 7 2
1.0E7
9375000.0
562 7 2
1.0E7
8125000.0
562 7 2
9375000.0
9375000.0
562 7 2
1.0E7
9375000.0
562 7 2
1.0E7
1.0E7
562 7 2
9375000.0
8750000.0
562 7 2
1.0E7
9375000.0
562 7 2
1.0625E7
1.0E7
562 7 2
1.25E7
1.0E7
562 7 2
1.1875E7
9375000.0
562 7 2
1.0625E7
8750000.0
562 7 2
1.0625E7
8750000.0
562 7 2
1.0E7
8750000.0
562 7 2
1.125E7
9375000.0
562 7 2
9375000.0
8125000.0
562 7 2
1.0E7
9375000.0
562 7 2
1.0E7
8750000.0
562 7 2
9375000.0
8750000.0
562 7 2
1.0E7
8125000.0
562 7 2
9375000.0
8750000.0
562 7 2
9375000.0
8125000.0
1000 7 2
2.375E7
2.75E7
1000 7 2
2.375E7
2.75E7
1000 7 2
2.5E7
3.0E7
562 7 2
9375000.0
9375000.0
1000 7 2
2.375E7
2.75E7
1000 7 2
2.375E7
2.75E7
1000 7 2
2.375E7
2.75E7
1000 7 2
2.375E7
3.0E7
1000 7 2
2.25E7
3.0E7
1000 7 2
2.5E7
3.25E7
1000 7 2
2.25E7
3.75E7
1000 7 2
2.375E7
2.625E7
1000 7 2
2.375E7
4.25E7
1000 7 2
2.375E7
3.0E7
1000 7 2
2.625E7
4.25E7
1000 7 2
2.25E7
3.0E7
1000 7 2
2.25E7
3.25E7
1000 7 2
2.625E7
3.5E7
1778 7 2
7.0E7
1.3E8
1000 7 2
2.375E7
4.25E7
1000 7 2
2.5E7
4.0E7
1000 7 2
2.5E7
4.25E7
1778 7 2
5.5E7
1.2E8
1000 7 2
2.5E7
3.0E7
1000 7 2
2.625E7
3.5E7
1000 7 2
2.625E7
3.25E7
1778 7 2
6.0E7
9.5E7
1000 7 2
2.625E7
3.75E7
1000 7 2
2.5E7
3.125E7
1000 7 2
2.5E7
3.0E7
1000 7 2
2.5E7
2.75E7
1778 7 2
6.0E7
8.5E7
1000 7 2
2.5E7
3.25E7
1000 7 2
2.25E7
3.125E7
1000 7 2
2.625E7
2.75E7
1000 7 2
2.625E7
2.75E7
1778 7 2
6.5E7
9.5E7
1000 7 2
2.5E7
3.0E7
1778 7 2
5.5E7
9.0E7
1778 7 2
7.5E7
8.5E7
1778 7 2
6.5E7
8.0E7
1778 7 2
6.5E7
9.5E7
1778 7 2
6.0E7
1.1E8
1778 7 2
5.5E7
1.1E8
1778 7 2
6.5E7
8.5E7
1778 7 2
6.0E7
8.0E7
1778 7 2
5.5E7
9.5E7
1778 7 2
5.5E7
1.6E8
1778 7 2
6.0E7
1.2E8
1778 7 2
6.0E7
2.0E8
1778 7 2
5.5E7
1.0E8
1778 7 2
6.0E7
1.3E8
1778 7 2
6.0E7
1.2E8
1778 7 2
6.0E7
1.1E8
1778 7 2
5.5E7
9.5E7
1778 7 2
6.0E7
1.1E8
1778 7 2
5.5E7
2.5E8
1778 7 2
6.0E7
1.9E8
1778 7 2
6.0E7
2.2E8
1778 7 2
6.5E7
1.8E8
1778 7 2
6.0E7
8.0E7
1778 7 2
5.5E7
1.5E8
1778 7 2
6.5E7
1.8E8
1778 7 2
6.0E7
1.05E8
3162 7 2
1.4E8
2.7E8
3162 7 2
1.4E8
2.6E8
3162 7 2
1.5E8
2.6E8
3162 7 2
1.5E8
3.0E8
1778 7 2
5.75E7
1.2E8
3162 7 2
1.5E8
3.1E8
3162 7 2
1.5E8
3.2E8
3162 7 2
1.4E8
3.0E8
3162 7 2
1.8E8
2.7E8
3162 7 2
1.5E8
3.3E8
3162 7 2
1.4E8
3.0E8
3162 7 2
1.6E8
2.9E8
3162 7 2
1.5E8
3.3E8
3162 7 2
1.6E8
3.0E8
3162 7 2
1.5E8
3.0E8
3162 7 2
1.6E8
3.0E8
3162 7 2
1.5E8
3.3E8
3162 7 2
1.5E8
3.2E8
3162 7 2
1.6E8
2.9E8
3162 7 2
1.4E8
3.5E8
3162 7 2
1.4E8
3.6E8
3162 7 2
1.5E8
3.4E8
3162 7 2
1.6E8
3.3E8
3162 7 2
1.7E8
4.7E8
3162 7 2
1.7E8
3.1E8
3162 7 2
1.5E8
4.1E8
3162 7 2
1.6E8
4.2E8
3162 7 2
1.5E8
3.9E8
3162 7 2
1.5E8
4.8E8
3162 7 2
1.5E8
4.8E8
3162 7 2
1.7E8
2.8E8
3162 7 2
1.5E8
4.4E8
3162 7 2
1.6E8
2.9E8
5623 7 2
3.5E8
1.01E9
5623 7 2
4.0E8
1.02E9
5623 7 2
3.6E8
9.9E8
5623 7 2
3.5E8
1.14E9
5623 7 2
3.5E8
1.03E9
5623 7 2
3.8E8
1.2E9
5623 7 2
3.4E8
1.05E9
5623 7 2
3.8E8
1.13E9
5623 7 2
3.5E8
1.0E9
5623 7 2
3.5E8
1.26E9
5623 7 2
3.4E8
1.15E9
5623 7 3
3.4E8
1.04E9
5623 7 2
3.4E8
1.02E9
5623 7 2
3.3E8
1.14E9
5623 7 2
3.5E8
1.24E9
5623 7 2
3.4E8
1.41E9
5623 7 2
3.8E8
1.18E9
5623 7 2
3.4E8
1.45E9
5623 7 2
4.0E8
1.03E9
5623 7 3
3.9E8
1.22E9
5623 7 2
3.7E8
1.69E9
5623 7 2
3.4E8
1.66E9
5623 7 2
3.5E8
1.22E9
5623 7 2
3.6E8
1.28E9
5623 7 2
3.4E8
1.36E9
5623 7 2
4.4E8
1.13E9
5623 7 2
3.6E8
1.32E9
5623 7 2
3.3E8
1.66E9
5623 7 2
4.2E8
1.27E9
5623 7 2
3.6E8
1.67E9
5623 7 3
3.6E8
1.72E9
5623 7 2
4.4E8
1.44E9
10000 7 2
7.9E8
3.32E9
10000 7 2
8.0E8
3.66E9
10000 7 2
8.7E8
3.54E9
10000 7 2
7.8E8
3.42E9
10000 7 2
8.5E8
3.91E9
10000 7 3
8.0E8
3.65E9
10000 7 3
7.9E8
3.56E9
10000 7 2
7.9E8
3.61E9
10000 7 3
7.9E8
3.85E9
10000 7 2
8.1E8
3.81E9
10000 7 2
8.0E8
3.69E9
10000 7 3
7.9E8
4.17E9
10000 7 2
7.9E8
4.03E9
10000 7 3
8.2E8
3.83E9
10000 7 2
8.7E8
3.6E9
10000 7 2
8.0E8
4.08E9
10000 7 2
8.3E8
4.32E9
10000 7 3
8.5E8
3.86E9
10000 7 2
8.7E8
3.92E9
10000 7 3
8.8E8
4.15E9
10000 7 2
8.4E8
4.25E9
10000 7 3
8.9E8
4.15E9
10000 7 2
8.7E8
4.27E9
10000 7 2
8.7E8
4.28E9
10000 7 2
9.3E8
4.65E9
10000 7 2
8.0E8
5.05E9
10000 7 2
8.1E8
5.33E9
10000 7 2
8.7E8
5.19E9
10000 7 2
8.5E8
5.25E9
10000 7 2
8.7E8
5.19E9
10000 7 2
1.02E9
5.44E9
10000 7 2
9.3E8
5.5E9
17782 7 2
2.04E9
1.027E10
17782 7 2
2.02E9
1.19E10
17782 7 3
1.86E9
1.31E10
17782 7 3
2.17E9
1.193E10
17782 7 3
1.85E9
1.347E10
17782 7 2
1.92E9
1.225E10
17782 7 3
1.88E9
1.377E10
17782 7 3
1.89E9
1.26E10
17782 7 3
2.21E9
1.38E10
17782 7 3
2.03E9
1.353E10
17782 7 3
2.12E9
1.379E10
17782 7 3
1.87E9
1.444E10
17782 7 3
2.15E9
1.395E10
17782 7 3
1.91E9
1.277E10
17782 7 3
1.86E9
1.507E10
17782 7 3
2.45E9
1.454E10
17782 7 3
2.09E9
1.43E10
17782 7 3
1.81E9
1.405E10
17782 7 3
2.0E9
1.349E10
17782 7 3
2.08E9
1.498E10
17782 7 2
2.08E9
1.279E10
17782 7 3
1.87E9
1.529E10
17782 7 3
1.97E9
1.543E10
17782 7 3
2.57E9
1.266E10
17782 7 3
2.01E9
1.518E10
17782 7 3
1.97E9
1.469E10
17782 7 3
2.11E9
1.647E10
17782 7 3
2.07E9
1.635E10
17782 7 3
2.08E9
1.544E10
17782 7 3
2.61E9
1.493E10
17782 7 3
2.15E9
1.563E10
17782 7 3
2.17E9
1.635E10
31622 7 3
4.55E9
3.078E10
31622 7 3
4.39E9
4.178E10
31622 7 3
4.49E9
4.119E10
31622 7 3
4.47E9
4.499E10
31622 7 3
4.39E9
4.209E10
31622 7 3
4.4E9
4.556E10
31622 7 3
4.46E9
4.2E10
31622 7 3
4.48E9
4.526E10
31622 7 3
4.48E9
4.469E10
31622 7 3
4.39E9
4.73E10
31622 7 3
4.38E9
4.715E10
31622 7 3
4.48E9
4.582E10
31622 7 3
4.13E9
4.798E10
31622 7 3
4.46E9
4.914E10
31622 7 3
4.64E9
4.617E10
31622 7 3
4.45E9
4.883E10
31622 7 3
4.66E9
5.114E10
31622 7 3
4.31E9
5.211E10
31622 7 3
4.11E9
5.352E10
31622 7 3
4.35E9
5.255E10
31622 7 3
4.31E9
5.474E10
31622 7 3
4.41E9
5.351E10
31622 7 3
4.32E9
5.438E10
31622 7 3
4.9E9
5.166E10
31622 7 3
4.46E9
5.469E10
31622 7 3
4.84E9
5.253E10
31622 7 3
4.32E9
5.652E10
31622 7 3
4.22E9
6.005E10
31622 7 3
4.6E9
5.869E10
31622 7 3
4.37E9
5.99E10
31622 7 3
5.06E9
5.637E10
31622 7 3
5.4E9
5.92E10
56234 7 3
1.032E10
1.51E11
56234 7 3
9.97E9
1.4484E11
56234 7 3
1.047E10
1.4045E11
56234 7 3
1.013E10
1.592E11
56234 7 3
1.016E10
1.6295E11
56234 7 3
1.045E10
1.5087E11
56234 7 3
1.027E10
1.6066E11
56234 7 3
1.012E10
1.67E11
56234 7 3
1.014E10
1.7279E11
56234 7 3
1.011E10
1.7678E11
56234 7 3
1.013E10
1.6228E11
56234 7 3
1.02E10
1.7504E11
56234 7 3
1.055E10
1.6239E11
56234 7 3
9.96E9
1.7192E11
56234 7 3
1.011E10
1.7667E11
56234 7 3
1.033E10
1.7193E11
56234 7 3
1.135E10
1.5576E11
56234 7 3
1.036E10
1.6864E11
56234 7 3
1.031E10
1.7173E11
56234 7 3
1.058E10
1.6744E11
56234 7 3
1.012E10
1.6773E11
56234 7 3
1.05E10
1.6429E11
56234 7 3
1.148E10
1.7057E11
56234 7 3
1.043E10
1.8002E11
56234 7 3
1.014E10
1.7966E11
56234 7 3
1.062E10
1.673E11
56234 7 3
1.078E10
1.6887E11
56234 7 3
1.054E10
1.7079E11
56234 7 3
1.088E10
1.6573E11
56234 7 3
1.214E10
1.7649E11
56234 7 3
1.179E10
1.6298E11
56234 7 3
1.022E10
1.7688E11
100000 7 3
2.537E10
4.4233E11
100000 7 3
2.258E10
4.6726E11
100000 7 3
2.246E10
4.6491E11
100000 7 3
2.29E10
4.8436E11
100000 7 4
2.447E10
4.6745E11
100000 7 3
2.251E10
4.7294E11
100000 7 3
2.282E10
4.9623E11
100000 7 3
2.202E10
5.3384E11
100000 7 3
2.292E10
5.1151E11
100000 7 3
2.356E10
5.1617E11
100000 7 3
2.311E10
5.5047E11
100000 7 3
2.275E10
5.5344E11
100000 7 3
2.262E10
5.5449E11
100000 7 3
2.285E10
5.7766E11
100000 7 4
2.344E10
5.7846E11
100000 7 3
2.288E10
5.8605E11
100000 7 3
2.377E10
5.8336E11
100000 7 3
2.379E10
5.8433E11
100000 7 3
2.369E10
5.9046E11
100000 7 3
2.364E10
5.9231E11
100000 7 3
2.246E10
5.9986E11
100000 7 3
2.297E10
6.0038E11
100000 7 3
2.291E10
6.0057E11
100000 7 3
2.296E10
6.0307E11
100000 7 3
2.311E10
6.0654E11
100000 7 3
2.363E10
6.0434E11
100000 7 3
2.307E10
6.072E11
100000 7 3
2.306E10
6.0767E11
100000 7 3
2.397E10
6.1876E11
100000 7 3
2.475E10
6.1614E11
100000 7 3
2.322E10
6.3167E11
100000 7 3
2.373E10
6.3574E11
