100 5 2
468750.0
429687.5
100 5 2
468750.0
429687.5
100 5 2
468750.0
429687.5
100 5 2
507812.5
507812.5
100 5 2
468750.0
429687.5
100 5 2
468750.0
429687.5
100 5 2
507812.5
429687.5
100 5 2
468750.0
468750.0
100 5 2
507812.5
429687.5
100 5 2
507812.5
429687.5
100 5 2
468750.0
429687.5
100 5 2
507812.5
468750.0
100 5 2
468750.0
507812.5
100 5 2
468750.0
468750.0
100 5 2
468750.0
468750.0
100 5 2
507812.5
429687.5
100 5 2
507812.5
429687.5
100 5 2
507812.5
351562.5
100 5 2
468750.0
371093.75
100 5 2
507812.5
351562.5
100 5 2
468750.0
312500.0
100 5 2
468750.0
351562.5
100 5 2
507812.5
371093.75
100 5 2
507812.5
371093.75
100 5 2
507812.5
371093.75
100 5 2
468750.0
332031.25
100 5 2
507812.5
371093.75
100 5 2
507812.5
371093.75
100 5 2
468750.0
351562.5
100 5 2
468750.0
351562.5
100 5 2
507812.5
351562.5
100 5 2
468750.0
351562.5
177 5 2
1093750.0
937500.0
177 5 2
1250000.0
937500.0
177 5 2
1171875.0
937500.0
177 5 2
1093750.0
1015625.0
177 5 2
1093750.0
1015625.0
177 5 2
1093750.0
1093750.0
177 5 2
1171875.0
1015625.0
177 5 3
1171875.0
859375.0
177 5 3
1171875.0
1093750.0
177 5 2
1171875.0
1015625.0
177 5 2
1250000.0
1015625.0
177 5 3
1171875.0
1093750.0
177 5 2
1171875.0
1015625.0
177 5 2
1171875.0
937500.0
177 5 2
1250000.0
937500.0
177 5 2
1250000.0
1015625.0
177 5 2
1328125.0
1093750.0
177 5 2
1171875.0
1015625.0
177 5 3
1171875.0
937500.0
177 5 2
1171875.0
859375.0
177 5 2
1250000.0
937500.0
177 5 2
1250000.0
937500.0
177 5 2
1250000.0
1015625.0
177 5 2
1171875.0
937500.0
177 5 2
1171875.0
937500.0
177 5 2
1171875.0
859375.0
177 5 2
1171875.0
937500.0
177 5 2
1093750.0
1015625.0
177 5 3
1328125.0
1015625.0
177 5 2
1250000.0
1093750.0
177 5 2
1250000.0
1015625.0
177 5 2
1171875.0
937500.0
316 5 2
2812500.0
3437500.0
316 5 3
2968750.0
3437500.0
316 5 2
2812500.0
3437500.0
316 5 2
2812500.0
3750000.0
316 5 3
2812500.0
3437500.0
316 5 2
2968750.0
5000000.0
316 5 3
2812500.0
5000000.0
316 5 3
2968750.0
4687500.0
316 5 2
2812500.0
3437500.0
316 5 3
2968750.0
4062500.0
316 5 2
2968750.0
3750000.0
316 5 3
2968750.0
3437500.0
316 5 2
2968750.0
3125000.0
316 5 2
2812500.0
2968750.0
316 5 2
2812500.0
4062500.0
316 5 2
2968750.0
4062500.0
316 5 2
2812500.0
3125000.0
316 5 3
2812500.0
3593750.0
316 5 3
3437500.0
3437500.0
316 5 2
2812500.0
3437500.0
316 5 2
2812500.0
3437500.0
316 5 3
2968750.0
2500000.0
316 5 2
2968750.0
2656250.0
316 5 2
3125000.0
2812500.0
316 5 3
3281250.0
2656250.0
316 5 2
3281250.0
2968750.0
316 5 3
3281250.0
2968750.0
316 5 2
3125000.0
3125000.0
316 5 2
2968750.0
3125000.0
316 5 2
3281250.0
3437500.0
316 5 2
2968750.0
2812500.0
316 5 2
2968750.0
3125000.0
562 5 3
7500000.0
1.0E7
562 5 3
6875000.0
9375000.0
562 5 3
7500000.0
8125000.0
562 5 3
8750000.0
8125000.0
562 5 3
9375000.0
7500000.0
562 5 3
8125000.0
8125000.0
562 5 2
7500000.0
9375000.0
562 5 3
7500000.0
8125000.0
562 5 3
6875000.0
7500000.0
562 5 3
8750000.0
8125000.0
562 5 3
6875000.0
8125000.0
562 5 3
7500000.0
8750000.0
562 5 3
7500000.0
7500000.0
562 5 3
8750000.0
8750000.0
562 5 3
8125000.0
8750000.0
562 5 3
6875000.0
8125000.0
562 5 3
6875000.0
8750000.0
562 5 3
7500000.0
8125000.0
562 5 3
8125000.0
6875000.0
562 5 3
6875000.0
8125000.0
562 5 3
7500000.0
7500000.0
562 5 2
7500000.0
6875000.0
562 5 3
7500000.0
8125000.0
562 5 3
8125000.0
6875000.0
562 5 3
8125000.0
6875000.0
562 5 3
7500000.0
7500000.0
562 5 2
7500000.0
6875000.0
562 5 3
8125000.0
6875000.0
562 5 3
8125000.0
7500000.0
562 5 3
8125000.0
7500000.0
562 5 3
7187500.0
8750000.0
562 5 3
7500000.0
7812500.0
1000 5 3
1.75E7
2.75E7
1000 5 3
1.75E7
2.75E7
1000 5 3
1.75E7
2.75E7
1000 5 3
2.125E7
6.0E7
1000 5 3
1.875E7
2.75E7
1000 5 3
1.5E7
2.125E7
1000 5 3
1.5E7
2.5E7
1000 5 3
1.625E7
2.625E7
1000 5 3
1.875E7
5.75E7
1000 5 3
1.5E7
2.0E7
1000 5 3
1.75E7
2.125E7
1000 5 3
1.625E7
2.25E7
1000 5 3
2.0E7
3.0E7
1000 5 3
1.625E7
3.0E7
1000 5 3
1.625E7
1.875E7
1000 5 3
1.625E7
2.375E7
1000 5 3
1.5E7
2.625E7
1000 5 3
1.625E7
4.375E7
1000 5 3
1.875E7
2.5E7
1000 5 3
1.625E7
2.0E7
1000 5 3
1.75E7
2.125E7
1000 5 3
1.625E7
2.125E7
1000 5 3
3.0E7
2.125E7
1000 5 3
2.625E7
2.375E7
1000 5 3
1.875E7
2.25E7
1000 5 3
1.625E7
2.125E7
1000 5 3
1.75E7
2.375E7
1000 5 3
1.625E7
2.125E7
1000 5 3
1.875E7
2.0E7
1000 5 3
1.625E7
2.5E7
1778 5 3
4.0E7
6.0E7
1000 5 3
3.125E7
2.75E7
1778 5 3
3.75E7
1.1E8
1778 5 3
3.75E7
7.5E7
1778 5 3
4.25E7
9.0E7
1778 5 3
3.75E7
9.0E7
1778 5 3
3.75E7
6.0E7
1778 5 3
4.0E7
1.0E8
1778 5 3
4.0E7
8.5E7
1778 5 3
3.5E7
5.5E7
1778 5 3
4.0E7
1.15E8
1778 5 3
4.0E7
8.0E7
1778 5 3
4.25E7
1.2E8
1778 5 3
3.75E7
7.0E7
1778 5 3
4.0E7
8.0E7
1778 5 3
3.5E7
7.0E7
1000 5 3
1.75E7
3.25E7
1778 5 3
4.0E7
6.0E7
1778 5 4
4.25E7
6.5E7
1778 5 3
5.5E7
1.2E8
1778 5 3
4.0E7
7.5E7
1778 5 3
4.0E7
7.0E7
1778 5 3
3.75E7
7.5E7
1778 5 3
4.25E7
8.0E7
1778 5 3
4.75E7
1.1E8
1778 5 3
6.0E7
8.5E7
1778 5 3
5.25E7
1.1E8
1778 5 3
5.5E7
9.5E7
1778 5 3
4.25E7
7.0E7
1778 5 3
3.75E7
8.0E7
1778 5 3
3.5E7
9.0E7
3162 5 4
1.2E8
3.1E8
1778 5 3
5.0E7
7.0E7
1778 5 3
5.25E7
6.0E7
1778 5 3
4.0E7
8.0E7
3162 5 4
1.1E8
3.1E8
3162 5 4
8.5E7
2.6E8
3162 5 4
1.1E8
3.1E8
3162 5 4
8.5E7
2.4E8
3162 5 3
1.1E8
2.7E8
3162 5 4
1.1E8
2.7E8
3162 5 4
8.5E7
2.6E8
3162 5 4
9.0E7
2.5E8
3162 5 3
8.5E7
2.6E8
3162 5 4
1.3E8
2.7E8
3162 5 4
9.0E7
2.4E8
3162 5 4
8.5E7
2.6E8
3162 5 3
9.0E7
2.3E8
3162 5 4
9.0E7
2.4E8
3162 5 4
9.0E7
2.5E8
3162 5 4
1.05E8
2.5E8
3162 5 4
9.0E7
2.5E8
3162 5 4
9.0E7
2.4E8
3162 5 4
1.1E8
3.2E8
3162 5 4
1.1E8
2.2E8
3162 5 3
1.3E8
2.0E8
3162 5 3
8.5E7
3.2E8
3162 5 4
9.5E7
2.2E8
3162 5 4
1.0E8
2.5E8
3162 5 4
1.1E8
3.4E8
3162 5 4
9.0E7
2.5E8
3162 5 4
1.3E8
3.6E8
3162 5 4
8.0E7
2.3E8
3162 5 4
8.5E7
2.4E8
3162 5 4
1.05E8
3.1E8
3162 5 4
8.5E7
2.8E8
5623 5 4
1.8E8
7.2E8
5623 5 4
1.9E8
7.0E8
5623 5 4
1.9E8
8.1E8
5623 5 4
1.9E8
7.9E8
5623 5 4
2.1E8
7.3E8
5623 5 4
2.0E8
8.4E8
5623 5 4
2.1E8
7.7E8
5623 5 4
2.1E8
8.3E8
5623 5 4
2.1E8
8.5E8
5623 5 5
2.1E8
9.3E8
5623 5 4
2.2E8
8.4E8
5623 5 4
2.4E8
7.5E8
5623 5 4
1.9E8
7.4E8
5623 5 4
2.2E8
8.4E8
5623 5 4
2.1E8
9.3E8
5623 5 4
2.5E8
9.4E8
5623 5 4
2.2E8
9.6E8
5623 5 4
2.2E8
8.9E8
5623 5 4
2.7E8
7.7E8
5623 5 4
2.7E8
1.03E9
5623 5 4
2.1E8
9.7E8
5623 5 4
2.8E8
1.02E9
5623 5 4
2.2E8
1.0E9
5623 5 4
2.3E8
7.7E8
5623 5 4
3.3E8
6.7E8
5623 5 4
2.2E8
8.2E8
5623 5 4
2.9E8
1.21E9
5623 5 4
2.1E8
8.9E8
5623 5 4
3.3E8
9.3E8
5623 5 4
2.2E8
8.8E8
5623 5 4
3.2E8
1.0E9
5623 5 4
3.8E8
9.2E8
10000 5 4
4.2E8
2.49E9
10000 5 4
4.2E8
2.36E9
10000 5 5
4.0E8
2.62E9
10000 5 5
4.6E8
2.61E9
10000 5 4
4.2E8
2.45E9
10000 5 4
4.4E8
2.38E9
10000 5 5
4.0E8
2.67E9
10000 5 4
4.7E8
2.56E9
10000 5 4
4.5E8
2.75E9
10000 5 5
4.5E8
2.69E9
10000 5 4
4.2E8
2.79E9
10000 5 4
4.8E8
2.35E9
10000 5 4
4.4E8
2.8E9
10000 5 5
4.6E8
2.45E9
10000 5 4
4.9E8
2.44E9
10000 5 4
4.8E8
2.84E9
10000 5 5
4.6E8
2.54E9
10000 5 4
4.3E8
2.39E9
10000 5 5
4.1E8
2.94E9
10000 5 5
5.1E8
2.48E9
10000 5 4
4.8E8
2.22E9
10000 5 5
4.6E8
2.74E9
10000 5 5
4.7E8
2.32E9
10000 5 4
4.6E8
2.83E9
10000 5 4
4.6E8
3.08E9
10000 5 4
4.4E8
2.94E9
10000 5 5
4.7E8
2.37E9
10000 5 5
5.2E8
2.84E9
10000 5 4
4.8E8
3.09E9
10000 5 4
5.1E8
2.75E9
10000 5 4
5.2E8
2.54E9
10000 5 4
6.5E8
2.76E9
17782 5 5
9.0E8
7.71E9
17782 5 5
9.5E8
7.35E9
17782 5 5
9.6E8
8.35E9
17782 5 5
9.1E8
8.2E9
17782 5 5
9.8E8
8.99E9
17782 5 5
9.8E8
8.26E9
17782 5 5
9.8E8
8.42E9
17782 5 5
9.4E8
8.04E9
17782 5 5
9.9E8
8.9E9
17782 5 5
9.6E8
9.13E9
17782 5 5
9.2E8
8.72E9
17782 5 5
1.0E9
8.69E9
17782 5 5
9.2E8
8.69E9
17782 5 5
1.01E9
8.64E9
17782 5 5
9.5E8
8.52E9
17782 5 5
9.2E8
8.88E9
17782 5 5
9.0E8
9.04E9
17782 5 5
9.1E8
8.67E9
17782 5 5
9.8E8
9.2E9
17782 5 5
9.3E8
8.43E9
17782 5 5
9.7E8
9.05E9
17782 5 5
1.11E9
8.3E9
17782 5 5
1.04E9
8.92E9
17782 5 5
1.1E9
9.04E9
17782 5 5
9.2E8
9.23E9
17782 5 5
9.5E8
9.86E9
17782 5 5
9.7E8
9.85E9
17782 5 5
9.5E8
9.22E9
17782 5 5
1.08E9
8.74E9
17782 5 5
9.9E8
9.57E9
17782 5 5
1.0E9
9.57E9
17782 5 5
9.6E8
9.82E9
31622 5 5
2.03E9
2.377E10
31622 5 5
2.43E9
2.668E10
31622 5 5
2.01E9
2.865E10
31622 5 5
2.13E9
2.993E10
31622 5 5
2.06E9
2.892E10
31622 5 6
2.19E9
2.869E10
31622 5 5
2.09E9
2.911E10
31622 5 5
2.15E9
2.966E10
31622 5 5
2.26E9
2.848E10
31622 5 6
2.32E9
2.919E10
31622 5 5
2.1E9
2.935E10
31622 5 5
2.4E9
2.998E10
31622 5 5
2.09E9
3.214E10
31622 5 6
2.02E9
3.045E10
31622 5 5
2.0E9
3.103E10
31622 5 5
2.26E9
3.04E10
31622 5 5
2.07E9
3.104E10
31622 5 6
1.86E9
3.207E10
31622 5 5
2.11E9
3.153E10
31622 5 5
2.25E9
3.043E10
31622 5 5
1.94E9
3.166E10
31622 5 5
1.9E9
3.246E10
31622 5 5
1.79E9
3.272E10
31622 5 6
2.08E9
3.185E10
31622 5 6
2.09E9
3.331E10
31622 5 5
2.16E9
3.161E10
31622 5 5
2.48E9
3.147E10
31622 5 5
2.1E9
3.231E10
31622 5 5
2.26E9
3.28E10
31622 5 6
2.03E9
3.446E10
31622 5 5
2.41E9
3.382E10
31622 5 6
2.51E9
3.305E10
56234 5 6
4.44E9
8.387E10
56234 5 6
4.8E9
8.573E10
56234 5 6
4.83E9
9.377E10
56234 5 6
4.94E9
9.582E10
56234 5 6
4.93E9
1.0118E11
56234 5 6
4.94E9
1.0333E11
56234 5 6
4.86E9
1.0461E11
56234 5 6
5.15E9
1.0792E11
56234 5 6
4.62E9
1.0869E11
56234 5 6
5.42E9
1.0477E11
56234 5 6
5.18E9
1.1139E11
56234 5 6
5.08E9
1.1382E11
56234 5 6
4.89E9
1.1828E11
56234 5 6
5.04E9
1.2054E11
56234 5 6
5.36E9
1.2506E11
56234 5 6
5.87E9
1.2682E11
56234 5 6
5.02E9
1.2834E11
56234 5 6
5.11E9
1.2761E11
56234 5 6
5.11E9
1.283E11
56234 5 6
5.09E9
1.3155E11
56234 5 6
4.71E9
1.3512E11
56234 5 6
5.28E9
1.3547E11
56234 5 6
6.3E9
1.444E11
56234 5 6
5.3E9
1.4401E11
56234 5 6
6.57E9
1.4737E11
56234 5 6
5.3E9
1.5032E11
56234 5 6
6.23E9
1.5039E11
56234 5 6
5.14E9
1.5517E11
56234 5 6
5.32E9
1.5741E11
56234 5 6
5.35E9
1.569E11
56234 5 6
6.12E9
1.6919E11
56234 5 6
6.86E9
1.6689E11
100000 5 7
1.146E10
3.3145E11
100000 5 6
9.76E9
3.5803E11
100000 5 6
9.18E9
3.4964E11
100000 5 6
9.3E9
3.4978E11
100000 5 7
9.08E9
3.6907E11
100000 5 6
1.178E10
3.6401E11
100000 5 7
1.43E10
3.7197E11
100000 5 7
9.92E9
3.6268E11
100000 5 7
9.18E9
3.7692E11
100000 5 6
9.77E9
3.1922E11
100000 5 6
1.617E10
3.9758E11
100000 5 7
9.55E9
3.2437E11
100000 5 7
1.025E10
3.7592E11
100000 5 6
1.037E10
3.8834E11
100000 5 7
1.008E10
3.6189E11
100000 5 7
1.036E10
3.5971E11
100000 5 6
9.02E9
3.6975E11
100000 5 6
9.54E9
3.7407E11
100000 5 7
9.44E9
3.7386E11
100000 5 7
9.88E9
3.7037E11
100000 5 7
1.173E10
3.5066E11
100000 5 7
1.558E10
4.2132E11
100000 5 6
1.046E10
3.7762E11
100000 5 6
1.12E10
3.6122E11
100000 5 7
1.123E10
3.6542E11
100000 5 6
1.004E10
3.9067E11
100000 5 6
1.486E10
3.9477E11
100000 5 6
1.202E10
3.725E11
100000 5 6
1.099E10
3.6597E11
100000 5 7
1.118E10
3.7374E11
100000 5 6
9.85E9
3.5311E11
100000 5 6
1.015E10
3.5544E11
