100 7 1
585937.5
468750.0
100 7 1
546875.0
429687.5
100 7 1
546875.0
429687.5
100 7 1
546875.0
429687.5
100 7 1
546875.0
468750.0
100 7 1
546875.0
429687.5
100 7 1
546875.0
429687.5
100 7 1
585937.5
468750.0
100 7 1
585937.5
429687.5
100 7 1
546875.0
429687.5
100 7 1
546875.0
429687.5
100 7 1
546875.0
390625.0
100 7 2
546875.0
371093.75
100 7 1
546875.0
390625.0
100 7 1
585937.5
390625.0
100 7 1
546875.0
410156.25
100 7 1
546875.0
390625.0
100 7 1
585937.5
390625.0
100 7 1
585937.5
390625.0
100 7 1
585937.5
390625.0
100 7 2
546875.0
410156.25
100 7 1
585937.5
371093.75
100 7 1
585937.5
410156.25
100 7 1
585937.5
390625.0
100 7 1
625000.0
390625.0
100 7 2
585937.5
410156.25
100 7 1
585937.5
390625.0
100 7 1
585937.5
410156.25
100 7 1
625000.0
429687.5
100 7 1
585937.5
410156.25
100 7 1
585937.5
429687.5
100 7 2
585937.5
371093.75
177 7 2
1406250.0
1093750.0
177 7 2
1406250.0
1171875.0
177 7 2
1406250.0
1093750.0
177 7 1
1328125.0
1171875.0
177 7 1
1406250.0
1093750.0
177 7 1
1484375.0
1093750.0
177 7 1
1484375.0
1093750.0
177 7 1
1406250.0
1171875.0
177 7 1
1484375.0
1171875.0
177 7 2
1484375.0
1015625.0
177 7 1
1484375.0
1015625.0
177 7 1
1406250.0
1093750.0
177 7 2
1562500.0
1015625.0
177 7 1
1406250.0
1093750.0
177 7 1
1406250.0
1093750.0
177 7 1
1562500.0
1093750.0
177 7 1
1406250.0
1093750.0
177 7 1
1328125.0
1093750.0
177 7 2
1328125.0
1015625.0
177 7 1
1562500.0
1015625.0
177 7 1
1484375.0
1015625.0
177 7 1
1562500.0
1015625.0
177 7 1
1328125.0
1015625.0
177 7 1
1484375.0
1015625.0
177 7 2
1406250.0
1015625.0
177 7 1
1406250.0
1093750.0
177 7 1
1562500.0
1015625.0
177 7 1
1484375.0
1015625.0
177 7 2
1484375.0
1015625.0
177 7 1
1562500.0
937500.0
177 7 1
1562500.0
1093750.0
177 7 1
1406250.0
1015625.0
316 7 2
4062500.0
3437500.0
316 7 2
3750000.0
3437500.0
316 7 2
3750000.0
3593750.0
316 7 2
3437500.0
3281250.0
316 7 1
3750000.0
3125000.0
316 7 2
3750000.0
3750000.0
316 7 2
3750000.0
4062500.0
316 7 2
3750000.0
3437500.0
316 7 2
3750000.0
3437500.0
316 7 2
3750000.0
3750000.0
316 7 1
4062500.0
4062500.0
316 7 1
3750000.0
3750000.0
316 7 2
4062500.0
3437500.0
316 7 1
3750000.0
3437500.0
316 7 2
3750000.0
3750000.0
316 7 2
4062500.0
4062500.0
316 7 1
3750000.0
3750000.0
316 7 2
4062500.0
5000000.0
316 7 2
3750000.0
3593750.0
316 7 2
4062500.0
3437500.0
316 7 2
3750000.0
3750000.0
316 7 2
3750000.0
4062500.0
316 7 2
3437500.0
4687500.0
316 7 1
3750000.0
3281250.0
316 7 1
3750000.0
3593750.0
316 7 1
3750000.0
3281250.0
316 7 1
3437500.0
3437500.0
316 7 2
3750000.0
3750000.0
316 7 1
3437500.0
3750000.0
316 7 2
3437500.0
4375000.0
316 7 2
3750000.0
4375000.0
562 7 2
9375000.0
8125000.0
562 7 2
1.0625E7
1.0E7
562 7 2
9375000.0
1.375E7
316 7 2
3906250.0
3281250.0
562 7 2
9375000.0
1.5E7
562 7 2
9375000.0
1.5E7
562 7 2
1.0E7
1.625E7
562 7 2
9375000.0
1.5E7
562 7 2
9375000.0
1.375E7
562 7 2
9375000.0
1.375E7
562 7 2
1.0E7
1.5E7
562 7 2
1.0E7
1.5E7
562 7 2
1.0E7
1.375E7
562 7 2
9375000.0
9375000.0
562 7 2
9375000.0
1.0E7
562 7 2
9375000.0
9375000.0
562 7 2
9375000.0
1.0E7
562 7 2
1.0E7
1.0E7
562 7 2
9375000.0
9375000.0
562 7 2
1.0E7
1.0E7
562 7 2
1.0E7
8750000.0
562 7 2
9375000.0
9375000.0
562 7 2
9375000.0
1.0E7
562 7 2
1.0E7
8750000.0
562 7 2
8750000.0
1.0E7
562 7 2
9375000.0
9375000.0
562 7 2
1.0E7
8750000.0
562 7 2
1.0E7
8750000.0
562 7 2
1.0E7
8750000.0
562 7 2
1.0625E7
9375000.0
562 7 2
1.0E7
1.0E7
562 7 2
1.0E7
9375000.0
562 7 2
1.0625E7
8750000.0
1000 7 2
2.375E7
2.75E7
1000 7 2
2.375E7
3.0E7
1000 7 2
2.75E7
2.5E7
1000 7 2
2.375E7
3.0E7
1000 7 2
2.75E7
2.5E7
1000 7 2
2.375E7
3.0E7
1000 7 2
2.375E7
3.0E7
1000 7 2
2.375E7
2.75E7
1000 7 2
2.375E7
2.75E7
1000 7 2
2.375E7
3.0E7
1000 7 2
2.375E7
3.0E7
1000 7 2
2.375E7
3.0E7
1000 7 2
2.5E7
2.75E7
1000 7 2
2.375E7
2.75E7
1000 7 2
2.5E7
3.5E7
1000 7 2
2.5E7
3.0E7
1000 7 2
2.375E7
2.75E7
1000 7 2
2.5E7
3.0E7
1000 7 2
2.5E7
2.75E7
1000 7 2
2.5E7
2.75E7
1000 7 2
2.5E7
2.75E7
1000 7 2
2.5E7
2.75E7
1000 7 2
2.375E7
2.75E7
1000 7 2
2.625E7
3.0E7
1000 7 2
2.625E7
3.25E7
1000 7 2
2.375E7
3.0E7
1000 7 2
2.25E7
3.25E7
1000 7 2
2.375E7
2.75E7
1000 7 2
2.375E7
2.375E7
1000 7 2
2.5E7
2.25E7
1778 7 2
5.5E7
8.5E7
1778 7 2
5.5E7
7.5E7
1000 7 2
2.25E7
2.0E7
1778 7 2
6.0E7
7.0E7
1778 7 2
5.5E7
6.5E7
1778 7 2
6.5E7
6.5E7
1778 7 2
6.0E7
5.5E7
1778 7 2
5.5E7
5.5E7
1000 7 2
2.5E7
1.75E7
1778 7 2
5.5E7
4.75E7
1778 7 2
4.75E7
4.5E7
1778 7 2
6.0E7
1.3E8
1778 7 2
6.0E7
1.2E8
1778 7 2
5.5E7
1.1E8
1778 7 2
6.0E7
1.2E8
1778 7 2
5.5E7
1.3E8
1778 7 2
6.0E7
1.2E8
1778 7 2
6.0E7
1.2E8
1778 7 2
5.5E7
1.3E8
1778 7 2
5.5E7
1.4E8
1778 7 2
5.5E7
1.3E8
1778 7 2
6.0E7
1.1E8
1778 7 2
6.5E7
1.2E8
1778 7 2
6.0E7
1.2E8
1778 7 2
5.5E7
1.1E8
1778 7 2
5.5E7
8.5E7
1778 7 2
5.5E7
9.0E7
1778 7 2
5.5E7
8.0E7
1778 7 2
5.5E7
9.5E7
1778 7 2
5.5E7
9.0E7
1778 7 2
5.5E7
1.0E8
1778 7 2
5.5E7
9.5E7
3162 7 2
1.4E8
2.8E8
3162 7 2
1.4E8
3.0E8
3162 7 2
1.4E8
3.1E8
3162 7 2
1.3E8
3.3E8
1778 7 2
6.5E7
7.5E7
3162 7 2
1.4E8
3.0E8
3162 7 2
1.3E8
3.2E8
3162 7 2
1.4E8
3.1E8
3162 7 2
1.6E8
2.6E8
1778 7 2
6.25E7
8.5E7
3162 7 3
1.5E8
2.5E8
3162 7 2
1.5E8
2.8E8
3162 7 2
1.5E8
2.9E8
3162 7 2
1.4E8
2.7E8
3162 7 2
1.5E8
2.8E8
3162 7 2
1.5E8
3.0E8
3162 7 2
1.5E8
2.9E8
3162 7 2
1.5E8
2.7E8
3162 7 2
1.4E8
3.1E8
3162 7 2
1.5E8
2.4E8
3162 7 2
1.4E8
2.8E8
3162 7 2
1.4E8
3.6E8
3162 7 2
1.4E8
3.3E8
3162 7 2
1.4E8
3.1E8
3162 7 2
1.4E8
3.0E8
3162 7 2
1.5E8
2.6E8
3162 7 2
1.5E8
2.9E8
3162 7 2
1.4E8
2.5E8
3162 7 2
1.4E8
2.7E8
3162 7 2
1.5E8
2.7E8
3162 7 2
1.4E8
2.5E8
3162 7 2
1.5E8
2.5E8
3162 7 2
1.4E8
3.1E8
3162 7 2
1.4E8
2.7E8
5623 7 2
3.6E8
1.02E9
5623 7 2
3.7E8
1.05E9
5623 7 3
3.6E8
1.09E9
5623 7 2
3.6E8
1.03E9
5623 7 2
3.8E8
1.1E9
5623 7 2
3.5E8
1.03E9
5623 7 2
3.4E8
1.13E9
5623 7 2
3.3E8
1.09E9
5623 7 2
4.0E8
1.28E9
5623 7 2
3.6E8
1.37E9
5623 7 2
3.6E8
1.18E9
5623 7 2
3.9E8
1.39E9
5623 7 2
3.8E8
1.08E9
5623 7 2
3.7E8
1.07E9
5623 7 2
3.6E8
1.17E9
5623 7 2
3.4E8
1.29E9
5623 7 2
3.5E8
1.4E9
5623 7 2
3.4E8
1.2E9
5623 7 2
3.4E8
1.21E9
5623 7 2
3.6E8
1.25E9
5623 7 3
3.5E8
1.37E9
5623 7 2
3.5E8
1.3E9
5623 7 2
3.5E8
1.26E9
5623 7 2
3.4E8
1.46E9
5623 7 2
3.3E8
1.24E9
5623 7 2
3.5E8
1.26E9
5623 7 2
3.3E8
1.41E9
5623 7 2
3.5E8
1.37E9
5623 7 2
3.6E8
1.24E9
5623 7 2
3.5E8
1.3E9
5623 7 2
3.5E8
1.35E9
5623 7 3
3.7E8
1.25E9
10000 7 2
7.9E8
3.78E9
10000 7 2
8.0E8
3.54E9
10000 7 2
8.7E8
3.64E9
10000 7 2
7.9E8
3.95E9
10000 7 2
7.8E8
3.76E9
10000 7 2
7.9E8
3.96E9
10000 7 2
8.4E8
3.93E9
10000 7 3
8.3E8
3.89E9
10000 7 2
8.9E8
3.85E9
10000 7 3
8.0E8
4.46E9
10000 7 2
8.2E8
4.53E9
10000 7 2
8.7E8
4.27E9
10000 7 2
7.8E8
4.39E9
10000 7 2
8.1E8
4.52E9
10000 7 2
8.0E8
4.46E9
10000 7 2
8.0E8
4.23E9
10000 7 2
8.1E8
4.47E9
10000 7 2
8.6E8
4.29E9
10000 7 3
8.5E8
4.61E9
10000 7 2
1.07E9
3.98E9
10000 7 3
8.9E8
4.33E9
10000 7 2
8.3E8
4.58E9
10000 7 2
8.6E8
4.43E9
10000 7 3
9.3E8
4.43E9
10000 7 3
1.02E9
4.17E9
10000 7 2
8.7E8
4.66E9
10000 7 2
8.4E8
4.16E9
10000 7 2
9.0E8
4.91E9
10000 7 2
8.6E8
4.89E9
10000 7 3
1.12E9
4.86E9
10000 7 2
8.4E8
4.81E9
10000 7 2
8.7E8
4.89E9
17782 7 2
2.0E9
1.333E10
17782 7 3
1.98E9
1.538E10
17782 7 2
2.1E9
1.439E10
17782 7 2
1.86E9
1.491E10
17782 7 3
2.07E9
1.532E10
17782 7 3
1.87E9
1.561E10
17782 7 3
1.88E9
1.528E10
17782 7 3
1.96E9
1.489E10
17782 7 2
1.86E9
1.551E10
17782 7 3
2.18E9
1.514E10
17782 7 2
1.87E9
1.596E10
17782 7 2
2.02E9
1.578E10
17782 7 3
2.28E9
1.561E10
17782 7 3
1.92E9
1.583E10
17782 7 3
1.86E9
1.658E10
17782 7 3
1.95E9
1.623E10
17782 7 3
2.21E9
1.549E10
17782 7 3
1.94E9
1.654E10
17782 7 3
2.05E9
1.66E10
17782 7 3
1.97E9
1.642E10
17782 7 2
1.94E9
1.581E10
17782 7 3
2.54E9
1.534E10
17782 7 3
2.05E9
1.666E10
17782 7 3
2.14E9
1.729E10
17782 7 3
1.93E9
1.656E10
17782 7 2
2.07E9
1.608E10
17782 7 3
2.16E9
1.751E10
17782 7 3
2.37E9
1.65E10
17782 7 2
1.91E9
1.84E10
17782 7 3
1.88E9
1.985E10
17782 7 3
2.51E9
1.765E10
17782 7 3
2.71E9
1.778E10
31622 7 3
4.71E9
4.831E10
31622 7 3
5.12E9
4.841E10
31622 7 3
4.71E9
5.094E10
31622 7 3
4.54E9
4.979E10
31622 7 3
4.45E9
4.986E10
31622 7 3
4.68E9
5.159E10
31622 7 3
4.51E9
5.307E10
31622 7 3
4.41E9
5.411E10
31622 7 3
4.56E9
5.52E10
31622 7 3
4.97E9
5.226E10
31622 7 3
4.76E9
5.442E10
31622 7 3
4.76E9
5.334E10
31622 7 3
4.48E9
5.458E10
31622 7 3
4.76E9
5.589E10
31622 7 3
4.63E9
5.332E10
31622 7 3
4.88E9
5.525E10
31622 7 3
4.47E9
5.68E10
31622 7 3
4.85E9
5.633E10
31622 7 3
4.79E9
5.702E10
31622 7 3
4.23E9
5.754E10
31622 7 3
4.33E9
5.642E10
31622 7 3
4.55E9
5.575E10
31622 7 3
5.85E9
5.456E10
31622 7 3
4.3E9
6.111E10
31622 7 3
5.12E9
5.833E10
31622 7 3
4.61E9
6.223E10
31622 7 3
4.63E9
6.274E10
31622 7 3
4.44E9
6.351E10
31622 7 3
4.76E9
6.023E10
31622 7 3
4.47E9
6.575E10
31622 7 3
4.49E9
6.672E10
31622 7 3
4.59E9
6.654E10
56234 7 3
1.016E10
1.6147E11
56234 7 3
1.033E10
1.6742E11
56234 7 3
1.041E10
1.7029E11
56234 7 3
1.022E10
1.6916E11
56234 7 3
1.034E10
1.7029E11
56234 7 3
1.063E10
1.7437E11
56234 7 3
1.051E10
1.8123E11
56234 7 3
1.151E10
1.8115E11
56234 7 3
1.021E10
1.7804E11
56234 7 3
1.082E10
1.8319E11
56234 7 3
1.128E10
1.8461E11
56234 7 3
1.018E10
1.7849E11
56234 7 3
1.009E10
1.8592E11
56234 7 3
1.004E10
1.8809E11
56234 7 3
1.011E10
1.8414E11
56234 7 3
1.021E10
1.8543E11
56234 7 3
1.067E10
1.8463E11
56234 7 3
1.087E10
1.9044E11
56234 7 3
1.069E10
1.9445E11
56234 7 3
1.057E10
1.9562E11
56234 7 3
1.038E10
2.0173E11
56234 7 3
1.052E10
2.0249E11
56234 7 3
1.133E10
1.972E11
56234 7 3
1.101E10
2.2928E11
56234 7 3
1.276E10
2.2458E11
56234 7 3
1.308E10
2.2554E11
56234 7 3
1.378E10
2.2468E11
56234 7 3
1.485E10
2.3843E11
56234 7 3
1.147E10
2.5063E11
56234 7 3
1.145E10
2.5359E11
56234 7 3
1.107E10
2.5967E11
56234 7 3
1.093E10
2.6874E11
100000 7 3
2.634E10
4.9842E11
100000 7 3
2.383E10
4.9415E11
100000 7 3
2.392E10
5.237E11
100000 7 3
2.407E10
5.252E11
100000 7 3
2.371E10
5.2364E11
100000 7 3
2.418E10
5.3494E11
100000 7 3
2.358E10
5.6399E11
100000 7 3
2.715E10
5.6005E11
100000 7 3
2.517E10
5.1736E11
100000 7 3
2.446E10
5.3303E11
100000 7 3
2.465E10
5.7616E11
100000 7 3
2.402E10
5.2751E11
100000 7 3
2.469E10
5.2858E11
100000 7 3
2.273E10
6.012E11
100000 7 3
2.371E10
6.0385E11
100000 7 3
2.341E10
6.1337E11
100000 7 3
2.4E10
6.282E11
100000 7 3
2.271E10
6.1951E11
100000 7 4
2.392E10
5.2267E11
100000 7 3
2.473E10
6.2573E11
100000 7 3
2.397E10
5.908E11
100000 7 3
2.366E10
5.5528E11
100000 7 3
2.444E10
5.5554E11
100000 7 3
2.432E10
5.5488E11
100000 7 3
2.321E10
6.3482E11
100000 7 3
2.276E10
6.4051E11
100000 7 3
2.299E10
6.7186E11
100000 7 3
2.271E10
6.5722E11
100000 7 4
2.265E10
6.4215E11
100000 7 3
2.275E10
6.6108E11
100000 7 3
2.337E10
5.8826E11
100000 7 3
2.337E10
6.8422E11
