100 7 1
546875.0
429687.5
100 7 1
546875.0
429687.5
100 7 1
585937.5
429687.5
100 7 1
507812.5
429687.5
100 7 1
546875.0
429687.5
100 7 1
546875.0
429687.5
100 7 1
585937.5
429687.5
100 7 1
585937.5
429687.5
100 7 1
585937.5
429687.5
100 7 1
585937.5
429687.5
100 7 1
585937.5
429687.5
100 7 1
546875.0
429687.5
100 7 1
625000.0
429687.5
100 7 1
625000.0
429687.5
100 7 1
507812.5
390625.0
100 7 2
507812.5
351562.5
100 7 1
546875.0
390625.0
100 7 1
585937.5
390625.0
100 7 1
546875.0
390625.0
100 7 1
546875.0
390625.0
100 7 1
546875.0
429687.5
100 7 1
546875.0
371093.75
100 7 1
585937.5
371093.75
100 7 1
585937.5
390625.0
100 7 1
585937.5
371093.75
100 7 1
585937.5
390625.0
100 7 1
585937.5
371093.75
100 7 1
585937.5
410156.25
100 7 1
546875.0
390625.0
100 7 1
546875.0
410156.25
100 7 1
585937.5
390625.0
100 7 1
546875.0
390625.0
177 7 1
1406250.0
1093750.0
177 7 1
1328125.0
1093750.0
177 7 1
1484375.0
1093750.0
177 7 1
1328125.0
1093750.0
177 7 1
1328125.0
1171875.0
177 7 1
1328125.0
1171875.0
177 7 1
1484375.0
1015625.0
177 7 1
1406250.0
1406250.0
177 7 2
1406250.0
1093750.0
177 7 1
1406250.0
1250000.0
177 7 1
1406250.0
1250000.0
177 7 1
1484375.0
1015625.0
177 7 1
1328125.0
1250000.0
177 7 1
1406250.0
1328125.0
177 7 1
1406250.0
1093750.0
177 7 1
1484375.0
1093750.0
177 7 1
1484375.0
1093750.0
177 7 1
1406250.0
1093750.0
177 7 1
1484375.0
1015625.0
177 7 1
1562500.0
1015625.0
177 7 1
1406250.0
1093750.0
177 7 1
1562500.0
1093750.0
177 7 1
1484375.0
1093750.0
177 7 1
1640625.0
1015625.0
177 7 1
1562500.0
1093750.0
177 7 1
1484375.0
1093750.0
177 7 1
1562500.0
1015625.0
177 7 1
1562500.0
1015625.0
177 7 1
1484375.0
1015625.0
177 7 1
1562500.0
1093750.0
177 7 2
1640625.0
1015625.0
177 7 1
1484375.0
1171875.0
316 7 1
3750000.0
3750000.0
316 7 2
4062500.0
3437500.0
316 7 2
3437500.0
3437500.0
316 7 1
3750000.0
3437500.0
316 7 2
3750000.0
3125000.0
316 7 2
3750000.0
3437500.0
316 7 1
6875000.0
3437500.0
316 7 2
3750000.0
3125000.0
316 7 1
3750000.0
2656250.0
316 7 1
3437500.0
3281250.0
316 7 1
4062500.0
3281250.0
316 7 1
4062500.0
3437500.0
316 7 1
3750000.0
3437500.0
316 7 1
3750000.0
2968750.0
316 7 2
3750000.0
2968750.0
316 7 1
3750000.0
3437500.0
316 7 2
3750000.0
3125000.0
316 7 1
3437500.0
3281250.0
316 7 1
4062500.0
3437500.0
316 7 1
3437500.0
3281250.0
316 7 2
3750000.0
3437500.0
316 7 1
3437500.0
3437500.0
316 7 2
4062500.0
3437500.0
316 7 2
3750000.0
3281250.0
316 7 2
4062500.0
3281250.0
316 7 1
4062500.0
2968750.0
316 7 2
4062500.0
3125000.0
316 7 2
3750000.0
2968750.0
316 7 1
4062500.0
2968750.0
316 7 2
3750000.0
2812500.0
562 7 1
1.125E7
8750000.0
562 7 2
1.0625E7
9375000.0
562 7 2
1.0625E7
8125000.0
562 7 2
1.0625E7
8750000.0
316 7 1
3750000.0
3125000.0
316 7 1
4062500.0
3125000.0
562 7 2
9375000.0
9375000.0
562 7 2
1.0E7
9375000.0
562 7 2
1.0E7
1.0E7
562 7 2
1.0E7
1.0E7
562 7 2
9375000.0
9375000.0
562 7 2
9375000.0
1.0E7
562 7 1
9375000.0
9375000.0
562 7 1
9375000.0
8750000.0
562 7 2
9375000.0
1.0E7
562 7 2
9375000.0
1.0E7
562 7 2
1.0E7
1.0625E7
562 7 2
8750000.0
9375000.0
562 7 2
9375000.0
8750000.0
562 7 2
9375000.0
9375000.0
562 7 2
1.0625E7
9375000.0
562 7 2
1.0625E7
1.0625E7
562 7 2
8750000.0
8750000.0
562 7 2
1.0E7
9375000.0
562 7 1
1.0E7
8750000.0
562 7 2
1.0E7
9375000.0
562 7 2
1.0625E7
1.0E7
562 7 2
9375000.0
1.0E7
562 7 2
1.0E7
8750000.0
562 7 1
9375000.0
8125000.0
562 7 2
1.0E7
9375000.0
562 7 2
9375000.0
8125000.0
562 7 2
1.0E7
7500000.0
562 7 2
9375000.0
8750000.0
1000 7 2
2.375E7
2.25E7
1000 7 2
2.25E7
2.625E7
1000 7 2
2.5E7
2.5E7
1000 7 2
2.375E7
2.75E7
1000 7 2
2.75E7
2.625E7
1000 7 2
2.5E7
3.0E7
1000 7 2
2.375E7
3.0E7
1000 7 2
2.375E7
3.75E7
1000 7 2
2.25E7
3.25E7
1000 7 2
2.375E7
3.0E7
1000 7 2
2.25E7
3.75E7
1000 7 2
2.375E7
3.0E7
1000 7 2
2.375E7
3.0E7
1000 7 2
2.375E7
3.0E7
1000 7 2
2.25E7
2.75E7
1000 7 2
2.5E7
2.75E7
1000 7 2
2.375E7
3.0E7
1000 7 2
2.375E7
3.375E7
1000 7 2
2.375E7
3.0E7
1000 7 2
2.5E7
3.25E7
1000 7 2
2.375E7
3.25E7
1000 7 2
2.75E7
3.25E7
1000 7 2
3.0E7
3.25E7
1000 7 2
2.5E7
3.0E7
1000 7 2
2.375E7
3.0E7
1000 7 2
2.125E7
3.25E7
1000 7 2
2.25E7
2.75E7
1000 7 2
2.5E7
3.25E7
1000 7 2
3.375E7
3.0E7
1000 7 2
2.25E7
3.0E7
1000 7 2
2.625E7
2.75E7
1000 7 2
3.25E7
3.25E7
1778 7 2
5.5E7
8.0E7
1778 7 2
6.5E7
9.5E7
1778 7 2
6.5E7
9.5E7
1778 7 2
9.5E7
9.0E7
1778 7 2
6.0E7
1.3E8
1778 7 2
6.0E7
1.3E8
1778 7 2
6.5E7
1.15E8
1778 7 2
6.0E7
1.3E8
1778 7 2
6.0E7
1.2E8
1778 7 2
5.5E7
1.4E8
1778 7 2
6.0E7
1.0E8
1778 7 2
6.0E7
9.5E7
1778 7 2
6.0E7
8.0E7
1778 7 2
6.0E7
1.15E8
1778 7 2
5.5E7
8.5E7
1778 7 2
6.0E7
1.3E8
1778 7 2
6.5E7
8.5E7
1778 7 2
6.0E7
1.3E8
1778 7 2
5.5E7
1.25E8
1778 7 2
6.0E7
9.5E7
1778 7 2
6.0E7
9.5E7
1778 7 2
6.0E7
8.5E7
1778 7 2
6.0E7
8.0E7
1778 7 2
5.5E7
8.0E7
1778 7 2
6.0E7
8.5E7
1778 7 2
6.0E7
8.0E7
1778 7 2
8.0E7
8.5E7
1778 7 2
6.75E7
8.5E7
1778 7 2
6.75E7
9.0E7
1778 7 2
6.5E7
8.5E7
1778 7 2
6.5E7
1.0E8
1778 7 2
6.0E7
1.15E8
3162 7 2
1.5E8
2.8E8
3162 7 2
1.5E8
2.9E8
3162 7 2
1.5E8
3.1E8
3162 7 2
1.4E8
3.0E8
3162 7 2
1.5E8
3.9E8
3162 7 2
1.5E8
2.8E8
3162 7 2
1.5E8
3.1E8
3162 7 2
1.5E8
3.1E8
3162 7 2
1.4E8
3.9E8
3162 7 2
1.4E8
3.2E8
3162 7 2
1.4E8
4.0E8
3162 7 2
1.4E8
4.1E8
3162 7 2
1.5E8
3.6E8
3162 7 2
1.4E8
4.2E8
3162 7 2
1.5E8
4.2E8
3162 7 2
1.5E8
3.7E8
3162 7 2
1.7E8
2.6E8
3162 7 2
1.4E8
3.4E8
3162 7 2
1.5E8
3.8E8
3162 7 2
1.7E8
2.5E8
3162 7 2
1.5E8
3.3E8
3162 7 2
1.7E8
3.2E8
3162 7 2
1.5E8
4.0E8
3162 7 2
1.8E8
2.7E8
3162 7 2
1.6E8
4.0E8
3162 7 2
1.8E8
2.6E8
3162 7 2
2.0E8
2.4E8
3162 7 2
1.6E8
3.0E8
3162 7 2
1.9E8
3.0E8
3162 7 2
1.9E8
3.1E8
3162 7 2
2.1E8
2.8E8
3162 7 2
1.8E8
2.2E8
5623 7 2
3.9E8
9.8E8
5623 7 2
3.4E8
1.06E9
5623 7 2
3.3E8
1.07E9
5623 7 2
3.4E8
1.07E9
5623 7 2
3.4E8
9.9E8
5623 7 2
3.3E8
9.8E8
5623 7 2
3.4E8
1.09E9
5623 7 2
3.3E8
1.23E9
5623 7 2
4.1E8
9.6E8
5623 7 2
3.2E8
1.22E9
5623 7 2
3.3E8
1.26E9
5623 7 2
3.3E8
1.28E9
5623 7 2
3.4E8
1.18E9
5623 7 2
3.4E8
1.19E9
5623 7 2
3.6E8
1.46E9
5623 7 2
3.4E8
1.37E9
5623 7 2
3.7E8
1.13E9
5623 7 2
3.4E8
1.34E9
5623 7 2
3.4E8
1.37E9
5623 7 2
3.3E8
1.34E9
5623 7 2
4.0E8
1.08E9
5623 7 2
3.8E8
1.17E9
5623 7 2
3.6E8
1.41E9
5623 7 2
3.3E8
1.34E9
5623 7 2
3.9E8
1.31E9
5623 7 2
3.4E8
1.39E9
5623 7 2
4.0E8
1.21E9
5623 7 2
4.2E8
1.25E9
5623 7 2
3.9E8
1.32E9
5623 7 2
3.3E8
1.44E9
5623 7 2
3.4E8
1.43E9
5623 7 2
3.3E8
1.44E9
10000 7 2
8.3E8
3.55E9
10000 7 2
7.5E8
3.44E9
10000 7 2
8.0E8
3.98E9
10000 7 2
7.9E8
3.84E9
10000 7 2
8.2E8
3.98E9
10000 7 2
7.9E8
3.88E9
10000 7 2
7.9E8
3.92E9
10000 7 2
9.2E8
3.53E9
10000 7 2
8.4E8
3.67E9
10000 7 2
8.0E8
4.21E9
10000 7 2
8.5E8
4.16E9
10000 7 2
7.9E8
4.38E9
10000 7 3
8.3E8
4.03E9
10000 7 2
7.7E8
4.12E9
10000 7 2
8.4E8
3.65E9
10000 7 2
8.1E8
3.93E9
10000 7 2
9.8E8
3.88E9
10000 7 2
7.8E8
4.09E9
10000 7 2
8.5E8
4.18E9
10000 7 2
7.9E8
4.56E9
10000 7 2
8.2E8
3.67E9
10000 7 2
7.9E8
4.45E9
10000 7 3
7.8E8
4.85E9
10000 7 2
9.6E8
4.07E9
10000 7 2
1.01E9
4.4E9
10000 7 2
1.01E9
4.49E9
10000 7 2
8.4E8
4.86E9
10000 7 2
8.4E8
4.93E9
10000 7 2
8.3E8
4.61E9
10000 7 2
8.3E8
4.94E9
10000 7 2
8.6E8
4.98E9
10000 7 2
8.1E8
4.55E9
17782 7 2
1.76E9
1.188E10
17782 7 3
1.86E9
1.177E10
17782 7 2
1.93E9
1.304E10
17782 7 2
1.91E9
1.199E10
17782 7 2
1.85E9
1.316E10
17782 7 3
1.81E9
1.277E10
17782 7 2
1.84E9
1.292E10
17782 7 3
1.77E9
1.359E10
17782 7 2
1.79E9
1.343E10
17782 7 3
1.96E9
1.299E10
17782 7 2
1.82E9
1.251E10
17782 7 2
1.69E9
1.322E10
17782 7 3
1.84E9
1.368E10
17782 7 2
2.03E9
1.298E10
17782 7 2
1.83E9
1.381E10
17782 7 2
1.84E9
1.388E10
17782 7 3
2.08E9
1.395E10
17782 7 2
1.78E9
1.382E10
17782 7 2
1.84E9
1.387E10
17782 7 3
1.83E9
1.425E10
17782 7 2
1.83E9
1.413E10
17782 7 3
1.84E9
1.434E10
17782 7 2
1.84E9
1.423E10
17782 7 3
1.83E9
1.583E10
17782 7 2
2.08E9
1.365E10
17782 7 2
1.98E9
1.42E10
17782 7 3
2.13E9
1.381E10
17782 7 3
1.88E9
1.52E10
17782 7 2
2.13E9
1.378E10
17782 7 2
2.28E9
1.448E10
17782 7 2
1.94E9
1.548E10
17782 7 3
1.91E9
1.655E10
31622 7 3
4.44E9
4.762E10
31622 7 3
4.4E9
5.097E10
31622 7 3
4.33E9
5.355E10
31622 7 3
4.6E9
5.296E10
31622 7 3
4.51E9
5.329E10
31622 7 3
4.3E9
5.505E10
31622 7 3
4.39E9
5.429E10
31622 7 3
4.45E9
5.42E10
31622 7 3
4.54E9
5.476E10
31622 7 3
4.21E9
5.56E10
31622 7 3
4.33E9
5.456E10
31622 7 3
4.16E9
5.453E10
31622 7 3
4.28E9
5.478E10
31622 7 3
4.6E9
5.489E10
31622 7 3
4.52E9
5.55E10
31622 7 3
4.34E9
5.692E10
31622 7 3
4.53E9
5.457E10
31622 7 3
4.55E9
5.387E10
31622 7 3
4.29E9
5.705E10
31622 7 3
4.49E9
5.554E10
31622 7 3
4.74E9
5.484E10
31622 7 3
5.2E9
5.073E10
31622 7 3
4.48E9
5.426E10
31622 7 3
4.27E9
5.709E10
31622 7 3
4.5E9
5.562E10
31622 7 3
4.16E9
5.822E10
31622 7 3
5.05E9
5.858E10
31622 7 3
4.43E9
6.179E10
31622 7 3
4.05E9
6.368E10
31622 7 3
4.58E9
6.288E10
31622 7 3
4.69E9
6.451E10
31622 7 3
4.35E9
6.692E10
56234 7 3
9.93E9
1.7336E11
56234 7 3
9.82E9
1.7238E11
56234 7 3
1.046E10
1.7229E11
56234 7 3
1.069E10
1.7671E11
56234 7 3
1.003E10
1.7657E11
56234 7 3
9.78E9
1.7938E11
56234 7 3
9.87E9
1.8227E11
56234 7 3
1.017E10
1.8254E11
56234 7 3
1.002E10
1.8922E11
56234 7 3
9.91E9
1.8816E11
56234 7 3
1.06E10
1.8625E11
56234 7 3
9.72E9
1.9253E11
56234 7 3
1.265E10
1.8548E11
56234 7 3
9.77E9
1.9046E11
56234 7 3
1.114E10
1.903E11
56234 7 3
1.01E10
1.9219E11
56234 7 3
1.019E10
1.941E11
56234 7 3
1.182E10
1.9419E11
56234 7 3
1.002E10
1.9584E11
56234 7 3
1.049E10
1.9512E11
56234 7 3
1.078E10
1.9021E11
56234 7 3
1.045E10
1.8794E11
56234 7 3
1.187E10
1.9783E11
56234 7 3
1.178E10
1.9002E11
56234 7 3
9.89E9
2.0162E11
56234 7 3
1.158E10
2.0168E11
56234 7 3
1.123E10
1.9646E11
56234 7 3
1.144E10
2.0726E11
56234 7 3
1.12E10
2.0982E11
56234 7 3
9.97E9
2.1103E11
56234 7 3
1.405E10
1.9369E11
56234 7 3
1.115E10
2.1132E11
100000 7 3
2.482E10
3.8935E11
100000 7 3
2.322E10
6.2558E11
100000 7 3
2.515E10
5.9438E11
100000 7 3
2.316E10
6.4294E11
100000 7 3
2.522E10
6.2822E11
100000 7 3
2.389E10
6.369E11
100000 7 3
2.509E10
6.3044E11
100000 7 3
2.369E10
6.3712E11
100000 7 3
2.543E10
6.4226E11
100000 7 3
2.415E10
6.6041E11
100000 7 3
2.423E10
6.3706E11
100000 7 3
2.332E10
6.7071E11
100000 7 3
2.321E10
6.8213E11
100000 7 3
2.388E10
6.9297E11
100000 7 3
2.394E10
6.7829E11
100000 7 3
2.338E10
6.5907E11
100000 7 3
2.412E10
6.7927E11
100000 7 3
2.385E10
6.6805E11
100000 7 3
2.435E10
6.8053E11
100000 7 3
2.363E10
6.6866E11
100000 7 3
2.513E10
6.5918E11
100000 7 3
2.301E10
6.9508E11
100000 7 3
2.894E10
6.7792E11
100000 7 3
2.503E10
7.0086E11
100000 7 3
2.524E10
6.7131E11
100000 7 3
2.405E10
6.9135E11
100000 7 3
2.393E10
6.8793E11
100000 7 3
2.491E10
6.858E11
100000 7 3
2.472E10
7.1289E11
100000 7 3
2.452E10
6.8846E11
100000 7 3
2.5E10
6.87E11
100000 7 3
2.424E10
7.1966E11
