100 8 1
625000.0
859375.0
100 8 1
507812.5
546875.0
100 8 1
546875.0
507812.5
100 8 1
585937.5
429687.5
100 8 1
546875.0
585937.5
100 8 1
625000.0
507812.5
100 8 1
546875.0
546875.0
100 8 1
585937.5
507812.5
100 8 1
585937.5
507812.5
100 8 1
585937.5
585937.5
100 8 1
625000.0
507812.5
100 8 1
585937.5
429687.5
100 8 1
585937.5
585937.5
100 8 1
585937.5
468750.0
100 8 1
468750.0
664062.5
100 8 1
585937.5
585937.5
100 8 1
585937.5
546875.0
100 8 1
625000.0
664062.5
100 8 1
664062.5
507812.5
100 8 1
585937.5
468750.0
100 8 1
625000.0
429687.5
100 8 1
625000.0
468750.0
100 8 1
585937.5
507812.5
100 8 1
585937.5
703125.0
100 8 1
585937.5
507812.5
100 8 1
546875.0
703125.0
100 8 1
625000.0
468750.0
100 8 1
546875.0
390625.0
100 8 1
546875.0
390625.0
100 8 1
546875.0
371093.75
100 8 1
625000.0
371093.75
100 8 1
585937.5
390625.0
177 8 1
1484375.0
1875000.0
177 8 1
1484375.0
1718750.0
177 8 1
1484375.0
1093750.0
177 8 1
1406250.0
1015625.0
177 8 1
1562500.0
1093750.0
177 8 1
1406250.0
1328125.0
177 8 1
1562500.0
1250000.0
177 8 1
1484375.0
1093750.0
177 8 1
1484375.0
1093750.0
177 8 1
1484375.0
1250000.0
177 8 1
1406250.0
1093750.0
177 8 1
1484375.0
1250000.0
177 8 1
1484375.0
1406250.0
177 8 1
1406250.0
1718750.0
177 8 1
1484375.0
1328125.0
177 8 1
1640625.0
1328125.0
177 8 1
1562500.0
1093750.0
177 8 1
1484375.0
1250000.0
177 8 1
1484375.0
1250000.0
177 8 1
1562500.0
1406250.0
177 8 1
1562500.0
1250000.0
177 8 1
1484375.0
1171875.0
177 8 1
1562500.0
1406250.0
177 8 1
1562500.0
1015625.0
177 8 1
1484375.0
1250000.0
177 8 1
1406250.0
1328125.0
177 8 1
1484375.0
1250000.0
177 8 1
1562500.0
1250000.0
177 8 1
1406250.0
1093750.0
177 8 1
1718750.0
1093750.0
177 8 1
1718750.0
1250000.0
177 8 1
1953125.0
1093750.0
316 8 1
4062500.0
3437500.0
316 8 1
3750000.0
2968750.0
316 8 1
3750000.0
5312500.0
316 8 1
3750000.0
5000000.0
316 8 1
4062500.0
5625000.0
316 8 1
3750000.0
6875000.0
316 8 1
3750000.0
2.0E7
316 8 1
3750000.0
5000000.0
316 8 1
3750000.0
3437500.0
316 8 1
4062500.0
4375000.0
316 8 1
3750000.0
4375000.0
316 8 1
3750000.0
4687500.0
316 8 1
4062500.0
3125000.0
316 8 1
4062500.0
4375000.0
316 8 1
3750000.0
5000000.0
316 8 1
3750000.0
5000000.0
316 8 1
3750000.0
1.5625E7
316 8 1
3750000.0
4687500.0
316 8 1
4062500.0
4375000.0
316 8 1
3750000.0
4062500.0
316 8 1
3750000.0
1.875E7
316 8 1
4062500.0
3125000.0
316 8 1
3750000.0
9375000.0
316 8 1
3750000.0
9687500.0
316 8 1
3437500.0
9687500.0
316 8 1
4062500.0
9375000.0
316 8 1
4062500.0
6406250.0
316 8 1
4062500.0
2968750.0
316 8 1
3437500.0
2812500.0
316 8 1
4062500.0
2968750.0
316 8 1
3750000.0
8125000.0
316 8 1
4062500.0
2812500.0
562 8 2
1.0E7
1.375E7
562 8 1
9375000.0
1.625E7
562 8 1
1.0E7
1.5E7
562 8 1
1.0E7
1.3125E7
562 8 1
1.0E7
1.625E7
562 8 2
9375000.0
1.1875E7
562 8 1
1.125E7
1.5E7
562 8 1
1.0625E7
1.5E7
562 8 1
1.0E7
1.3125E7
562 8 1
1.0E7
4.5E7
562 8 2
1.0625E7
1.3125E7
562 8 2
1.0E7
1.1875E7
562 8 1
1.0E7
8125000.0
562 8 1
1.0E7
4.5E7
562 8 1
1.0E7
2.25E7
562 8 1
9375000.0
1.3125E7
562 8 1
8750000.0
1.3125E7
562 8 1
1.0E7
2.625E7
562 8 1
1.0E7
2.875E7
562 8 2
9375000.0
1.1875E7
562 8 2
9375000.0
8750000.0
562 8 2
9375000.0
9375000.0
562 8 1
1.0E7
8125000.0
562 8 2
1.0E7
8750000.0
562 8 2
9375000.0
8125000.0
562 8 2
9375000.0
8750000.0
562 8 1
1.0625E7
8125000.0
562 8 2
1.1875E7
8750000.0
562 8 1
1.0E7
8125000.0
562 8 1
1.6875E7
8125000.0
562 8 2
1.0625E7
8125000.0
562 8 1
1.0625E7
8125000.0
1000 8 2
2.75E7
3.0E7
1000 8 2
2.5E7
3.5E7
1000 8 2
2.5E7
3.25E7
1000 8 1
2.375E7
3.25E7
1000 8 1
2.625E7
3.0E7
1000 8 1
2.375E7
3.0E7
1000 8 2
2.25E7
3.0E7
1000 8 1
2.5E7
3.25E7
1000 8 2
2.125E7
2.75E7
1000 8 2
2.375E7
3.5E7
1000 8 2
2.375E7
3.25E7
1000 8 2
2.5E7
3.0E7
1000 8 2
2.5E7
4.0E7
1000 8 2
2.625E7
3.0E7
1000 8 2
2.5E7
4.0E7
1000 8 2
2.75E7
2.875E7
1000 8 2
2.75E7
3.25E7
1000 8 2
2.75E7
3.25E7
1000 8 2
3.0E7
3.0E7
1000 8 2
2.375E7
4.0E7
1000 8 1
2.375E7
2.75E7
1000 8 2
2.5E7
3.25E7
1000 8 1
2.75E7
3.375E7
1000 8 1
2.25E7
2.75E7
1000 8 2
2.5E7
2.625E7
1000 8 2
2.5E7
2.5E7
1000 8 2
2.375E7
3.25E7
1000 8 2
2.375E7
2.625E7
1000 8 1
2.5E7
2.5E7
1778 8 2
7.0E7
9.5E7
1778 8 2
6.5E7
1.2E8
1778 8 2
6.5E7
1.1E8
1000 8 2
2.625E7
2.75E7
1778 8 2
5.5E7
1.1E8
1778 8 2
5.5E7
1.6E8
1778 8 1
6.0E7
1.2E8
1000 8 1
2.375E7
2.375E7
1778 8 2
5.5E7
1.0E8
1778 8 2
6.0E7
9.0E7
1778 8 2
7.5E7
1.2E8
1778 8 2
5.5E7
2.1E8
1778 8 2
7.0E7
1.1E8
1778 8 2
6.0E7
1.05E8
1778 8 2
6.5E7
1.2E8
1778 8 2
7.0E7
2.3E8
1000 8 1
2.5E7
4.75E7
1778 8 2
7.0E7
2.1E8
1778 8 2
6.5E7
1.3E8
1778 8 2
6.0E7
1.3E8
1778 8 2
6.0E7
1.15E8
1778 8 2
6.5E7
1.3E8
1778 8 2
9.0E7
1.4E8
1778 8 2
1.2E8
1.5E8
1778 8 2
6.5E7
7.5E7
1778 8 2
6.0E7
8.5E7
1778 8 2
6.0E7
1.05E8
1778 8 2
6.0E7
7.5E7
1778 8 2
6.5E7
7.5E7
1778 8 2
8.5E7
8.0E7
1778 8 2
6.0E7
7.5E7
1778 8 2
6.5E7
8.5E7
1778 8 2
6.5E7
1.15E8
1778 8 2
6.5E7
1.3E8
1778 8 2
6.5E7
7.5E7
3162 8 2
1.7E8
2.4E8
3162 8 2
1.6E8
2.5E8
3162 8 2
1.6E8
2.8E8
3162 8 2
1.6E8
3.7E8
3162 8 2
1.9E8
3.7E8
3162 8 2
1.5E8
2.6E8
3162 8 2
1.6E8
3.9E8
3162 8 2
1.7E8
2.6E8
3162 8 2
1.6E8
3.7E8
3162 8 2
1.8E8
4.3E8
3162 8 2
1.7E8
3.5E8
3162 8 2
1.4E8
3.4E8
3162 8 2
1.4E8
3.2E8
3162 8 2
1.5E8
3.1E8
3162 8 2
1.6E8
3.8E8
3162 8 2
1.6E8
2.3E8
3162 8 2
1.6E8
3.7E8
3162 8 2
2.0E8
2.9E8
3162 8 2
1.5E8
3.0E8
3162 8 2
1.6E8
5.7E8
3162 8 2
1.6E8
3.5E8
3162 8 2
2.0E8
6.1E8
3162 8 2
1.6E8
5.7E8
3162 8 2
2.2E8
5.2E8
3162 8 2
2.2E8
4.2E8
3162 8 2
1.7E8
3.2E8
3162 8 2
1.7E8
6.2E8
3162 8 2
1.7E8
2.6E8
3162 8 2
1.7E8
2.6E8
3162 8 2
1.8E8
2.9E8
3162 8 2
1.6E8
2.4E8
3162 8 2
2.5E8
2.3E8
5623 8 2
3.6E8
9.4E8
5623 8 2
3.8E8
8.5E8
5623 8 2
3.7E8
9.5E8
5623 8 2
4.0E8
1.02E9
5623 8 2
3.5E8
1.01E9
5623 8 2
3.7E8
1.06E9
5623 8 2
3.9E8
8.1E8
5623 8 2
3.9E8
8.6E8
5623 8 2
3.9E8
8.2E8
5623 8 2
3.9E8
8.1E8
5623 8 2
3.9E8
8.8E8
5623 8 2
4.0E8
1.45E9
5623 8 2
3.8E8
1.29E9
5623 8 2
3.8E8
1.23E9
5623 8 2
3.8E8
1.42E9
5623 8 2
4.2E8
1.22E9
5623 8 2
5.3E8
8.8E8
5623 8 2
4.0E8
8.9E8
5623 8 2
3.9E8
1.13E9
5623 8 2
4.3E8
1.21E9
5623 8 2
3.9E8
1.42E9
5623 8 2
4.1E8
8.7E8
5623 8 2
4.3E8
9.3E8
5623 8 2
4.3E8
1.35E9
5623 8 2
3.9E8
1.59E9
5623 8 2
3.9E8
1.77E9
5623 8 2
4.1E8
1.51E9
5623 8 2
4.4E8
1.49E9
5623 8 2
3.9E8
1.88E9
5623 8 2
3.9E8
1.8E9
5623 8 2
4.0E8
1.94E9
5623 8 2
4.6E8
1.81E9
10000 8 2
9.4E8
2.66E9
10000 8 2
9.3E8
2.55E9
10000 8 2
9.7E8
2.23E9
10000 8 2
9.9E8
2.32E9
10000 8 2
9.6E8
2.56E9
10000 8 2
9.5E8
3.11E9
10000 8 2
9.6E8
3.84E9
10000 8 2
9.5E8
3.36E9
10000 8 2
9.2E8
3.19E9
10000 8 2
1.0E9
3.71E9
10000 8 2
9.5E8
4.09E9
10000 8 2
9.4E8
3.76E9
10000 8 2
9.5E8
3.7E9
10000 8 2
9.3E8
3.93E9
10000 8 2
9.1E8
4.04E9
10000 8 2
9.7E8
3.24E9
10000 8 2
9.2E8
4.25E9
10000 8 2
1.09E9
3.88E9
10000 8 2
1.05E9
3.83E9
10000 8 2
9.8E8
3.75E9
10000 8 2
1.08E9
3.53E9
10000 8 2
9.6E8
4.66E9
10000 8 2
1.0E9
4.71E9
10000 8 2
9.6E8
4.91E9
10000 8 2
1.42E9
4.25E9
10000 8 2
9.4E8
6.56E9
10000 8 2
9.5E8
6.15E9
10000 8 2
1.21E9
6.04E9
10000 8 2
1.61E9
5.93E9
10000 8 2
1.31E9
7.1E9
10000 8 2
2.51E9
5.33E9
10000 8 2
9.5E8
7.77E9
17782 8 2
2.19E9
1.092E10
17782 8 2
2.26E9
1.252E10
17782 8 2
2.38E9
1.166E10
17782 8 2
2.32E9
1.139E10
17782 8 2
2.41E9
1.265E10
17782 8 2
2.45E9
1.161E10
17782 8 2
2.36E9
1.262E10
17782 8 2
2.95E9
1.023E10
17782 8 2
2.22E9
1.191E10
17782 8 2
2.22E9
1.243E10
17782 8 2
2.42E9
1.324E10
17782 8 2
2.16E9
1.309E10
17782 8 2
2.37E9
1.38E10
17782 8 2
2.33E9
1.134E10
17782 8 2
2.24E9
1.254E10
17782 8 2
2.2E9
1.374E10
17782 8 2
2.71E9
1.199E10
17782 8 2
2.41E9
1.317E10
17782 8 2
2.26E9
1.356E10
17782 8 2
2.29E9
1.34E10
17782 8 2
2.41E9
1.327E10
17782 8 2
2.4E9
1.38E10
17782 8 2
2.27E9
1.539E10
17782 8 2
2.77E9
1.431E10
17782 8 2
2.51E9
1.579E10
17782 8 2
2.48E9
1.71E10
17782 8 2
2.56E9
1.512E10
17782 8 2
3.23E9
1.465E10
17782 8 2
2.7E9
1.569E10
17782 8 2
2.4E9
1.596E10
17782 8 2
2.48E9
1.535E10
17782 8 2
3.41E9
1.477E10
31622 8 2
5.16E9
4.708E10
31622 8 2
5.67E9
4.863E10
31622 8 2
5.06E9
4.375E10
31622 8 2
5.4E9
4.614E10
31622 8 2
5.45E9
4.638E10
31622 8 2
5.49E9
4.994E10
31622 8 2
4.99E9
4.827E10
31622 8 2
5.63E9
5.177E10
31622 8 2
5.42E9
4.93E10
31622 8 2
4.78E9
4.834E10
31622 8 3
5.24E9
4.933E10
31622 8 2
5.33E9
5.733E10
31622 8 2
5.82E9
5.699E10
31622 8 2
6.44E9
5.717E10
31622 8 2
5.65E9
5.853E10
31622 8 2
5.22E9
5.88E10
31622 8 2
5.54E9
4.696E10
31622 8 2
5.59E9
5.763E10
31622 8 2
5.4E9
6.012E10
31622 8 2
5.89E9
5.811E10
31622 8 2
5.86E9
5.393E10
31622 8 2
5.39E9
6.158E10
31622 8 2
5.3E9
6.328E10
31622 8 2
5.26E9
5.563E10
31622 8 2
6.29E9
5.904E10
31622 8 2
5.26E9
6.129E10
31622 8 2
5.46E9
6.213E10
31622 8 2
5.74E9
6.304E10
31622 8 3
6.08E9
6.361E10
31622 8 2
5.5E9
6.902E10
31622 8 2
5.41E9
6.827E10
31622 8 2
5.42E9
6.81E10
56234 8 2
1.328E10
1.4836E11
56234 8 2
1.329E10
1.5052E11
56234 8 2
1.253E10
1.7816E11
56234 8 2
1.288E10
1.7725E11
56234 8 2
1.284E10
1.7138E11
56234 8 2
1.336E10
1.6569E11
56234 8 2
1.25E10
1.8162E11
56234 8 2
1.271E10
1.8318E11
56234 8 2
1.305E10
1.8334E11
56234 8 3
1.254E10
1.7492E11
56234 8 2
1.291E10
1.7948E11
56234 8 2
1.287E10
1.8658E11
56234 8 2
1.291E10
1.8717E11
56234 8 2
1.343E10
1.8332E11
56234 8 2
1.288E10
2.003E11
56234 8 2
1.345E10
1.9445E11
56234 8 2
1.302E10
1.8893E11
56234 8 2
1.326E10
2.0339E11
56234 8 2
1.334E10
1.8865E11
56234 8 2
1.363E10
1.8316E11
56234 8 3
1.283E10
2.0415E11
56234 8 2
1.257E10
1.9679E11
56234 8 2
1.282E10
2.0715E11
56234 8 2
1.309E10
2.0322E11
56234 8 3
1.371E10
1.8796E11
56234 8 2
1.284E10
2.0408E11
56234 8 3
1.298E10
2.008E11
56234 8 2
1.265E10
2.0308E11
56234 8 2
1.343E10
1.9328E11
56234 8 2
1.315E10
2.1441E11
56234 8 2
1.287E10
2.0938E11
56234 8 2
1.378E10
2.0237E11
100000 8 2
3.073E10
3.9879E11
100000 8 3
3.028E10
4.7823E11
100000 8 2
3.003E10
5.092E11
100000 8 2
3.114E10
5.1133E11
100000 8 2
3.022E10
5.3928E11
100000 8 3
2.978E10
5.6255E11
100000 8 3
3.027E10
5.8423E11
100000 8 2
3.095E10
6.1109E11
100000 8 2
2.968E10
6.3007E11
100000 8 2
3.031E10
6.4843E11
100000 8 3
3.028E10
6.5189E11
100000 8 2
2.974E10
6.7096E11
100000 8 2
3.083E10
6.3873E11
100000 8 3
2.993E10
6.7467E11
100000 8 2
2.985E10
6.8403E11
100000 8 2
2.985E10
6.7404E11
100000 8 2
3.033E10
7.026E11
100000 8 3
2.997E10
6.8764E11
100000 8 3
2.995E10
6.9498E11
100000 8 3
3.007E10
7.0064E11
100000 8 3
3.072E10
7.0193E11
100000 8 3
3.125E10
6.9269E11
100000 8 3
3.144E10
6.9439E11
100000 8 3
3.172E10
6.9429E11
100000 8 2
3.071E10
6.8445E11
100000 8 3
3.006E10
7.0682E11
100000 8 2
3.016E10
7.011E11
100000 8 3
3.122E10
6.9998E11
100000 8 3
3.06E10
7.2204E11
100000 8 3
3.016E10
7.2225E11
100000 8 3
3.07E10
7.1591E11
100000 8 3
3.033E10
7.2341E11
