100 3 3
253906.25
214843.75
100 3 5
253906.25
214843.75
100 3 4
292968.75
214843.75
100 3 4
351562.5
214843.75
100 3 5
292968.75
214843.75
100 3 4
351562.5
234375.0
100 3 4
292968.75
214843.75
100 3 5
253906.25
253906.25
100 3 4
253906.25
214843.75
100 3 4
312500.0
214843.75
100 3 4
292968.75
234375.0
100 3 4
332031.25
234375.0
100 3 4
234375.0
214843.75
100 3 4
312500.0
253906.25
100 3 4
292968.75
234375.0
100 3 4
332031.25
234375.0
100 3 4
273437.5
234375.0
100 3 4
214843.75
214843.75
100 3 4
292968.75
253906.25
100 3 4
312500.0
234375.0
100 3 5
332031.25
234375.0
100 3 4
312500.0
214843.75
100 3 4
292968.75
234375.0
100 3 4
332031.25
214843.75
100 3 4
332031.25
234375.0
100 3 4
234375.0
234375.0
100 3 4
185546.875
234375.0
100 3 4
253906.25
205078.125
100 3 4
253906.25
234375.0
100 3 5
292968.75
214843.75
100 3 4
292968.75
214843.75
100 3 4
273437.5
244140.625
177 3 5
468750.0
507812.5
177 3 5
429687.5
585937.5
177 3 6
507812.5
507812.5
177 3 5
546875.0
546875.0
177 3 5
507812.5
507812.5
177 3 5
468750.0
546875.0
177 3 5
468750.0
507812.5
177 3 5
625000.0
507812.5
177 3 5
468750.0
507812.5
177 3 5
585937.5
546875.0
177 3 4
664062.5
546875.0
177 3 4
664062.5
585937.5
177 3 4
507812.5
546875.0
177 3 5
703125.0
625000.0
177 3 4
820312.5
625000.0
177 3 5
781250.0
625000.0
177 3 5
585937.5
585937.5
177 3 5
781250.0
585937.5
177 3 4
781250.0
585937.5
177 3 5
781250.0
625000.0
177 3 5
468750.0
507812.5
177 3 5
820312.5
585937.5
177 3 5
859375.0
625000.0
177 3 4
781250.0
546875.0
177 3 5
859375.0
507812.5
177 3 4
429687.5
546875.0
177 3 5
468750.0
546875.0
177 3 4
820312.5
664062.5
177 3 5
976562.5
664062.5
177 3 4
664062.5
664062.5
177 3 5
664062.5
742187.5
177 3 5
703125.0
664062.5
316 3 6
1015625.0
2500000.0
316 3 6
1718750.0
1875000.0
316 3 5
1328125.0
2031250.0
316 3 5
1093750.0
1875000.0
316 3 6
1015625.0
1328125.0
316 3 6
1406250.0
2031250.0
316 3 5
1718750.0
1875000.0
316 3 6
937500.0
1328125.0
316 3 6
937500.0
1328125.0
316 3 6
1171875.0
1484375.0
316 3 6
1093750.0
1406250.0
316 3 6
1796875.0
1718750.0
316 3 6
1015625.0
1562500.0
316 3 5
1171875.0
1484375.0
316 3 6
1640625.0
1875000.0
316 3 6
937500.0
1406250.0
316 3 5
1250000.0
1406250.0
316 3 5
1640625.0
2031250.0
316 3 5
1093750.0
1562500.0
316 3 6
937500.0
1484375.0
316 3 6
1640625.0
2343750.0
316 3 5
1171875.0
1640625.0
316 3 6
937500.0
1875000.0
316 3 5
859375.0
1562500.0
316 3 6
1640625.0
1875000.0
316 3 5
1015625.0
1640625.0
316 3 6
1796875.0
1875000.0
316 3 5
1718750.0
1796875.0
316 3 6
1562500.0
1484375.0
316 3 6
1328125.0
1718750.0
562 3 6
3750000.0
3437500.0
562 3 6
2812500.0
6875000.0
316 3 6
976562.5
1406250.0
562 3 6
2187500.0
3750000.0
316 3 6
1328125.0
1953125.0
562 3 6
4062500.0
5625000.0
562 3 6
2187500.0
3750000.0
562 3 6
2812500.0
4062500.0
562 3 6
2656250.0
5000000.0
562 3 6
1875000.0
3750000.0
562 3 6
2187500.0
3750000.0
562 3 6
2031250.0
4062500.0
562 3 6
2031250.0
4062500.0
562 3 6
2656250.0
5000000.0
562 3 6
1875000.0
5312500.0
562 3 6
2187500.0
4687500.0
562 3 6
2187500.0
4687500.0
562 3 6
2343750.0
5000000.0
562 3 6
1875000.0
4375000.0
562 3 6
1875000.0
3750000.0
562 3 6
2187500.0
6250000.0
562 3 6
3437500.0
6250000.0
562 3 6
2031250.0
3750000.0
562 3 6
2656250.0
5937500.0
562 3 6
2968750.0
6562500.0
562 3 6
2187500.0
4687500.0
562 3 6
3437500.0
5625000.0
562 3 6
3437500.0
5000000.0
562 3 6
2187500.0
4375000.0
562 3 6
2187500.0
3437500.0
562 3 6
3125000.0
5000000.0
562 3 6
3750000.0
4375000.0
562 3 6
3125000.0
4062500.0
562 3 6
3437500.0
4062500.0
1000 3 6
6875000.0
1.375E7
1000 3 6
3750000.0
1.0625E7
1000 3 6
4062500.0
1.0625E7
1000 3 6
4062500.0
1.125E7
1000 3 6
4375000.0
1.75E7
1000 3 6
8750000.0
1.25E7
1000 3 6
8750000.0
1.5E7
1000 3 6
3750000.0
1.0625E7
1000 3 6
3750000.0
1.875E7
1000 3 6
6875000.0
1.0E7
1000 3 6
5000000.0
1.25E7
1000 3 6
3750000.0
1.0625E7
1000 3 6
3750000.0
1.0E7
1000 3 6
6875000.0
1.8125E7
1000 3 6
5000000.0
1.3125E7
1000 3 6
4375000.0
1.625E7
1000 3 6
3750000.0
1.25E7
1000 3 6
4375000.0
1.0E7
1000 3 6
5312500.0
1.875E7
1000 3 6
4687500.0
2.0625E7
1000 3 6
5312500.0
1.125E7
1000 3 6
5312500.0
2.0E7
1000 3 6
6562500.0
1.75E7
1778 3 6
1.375E7
6.0E7
1000 3 6
8125000.0
1.75E7
1000 3 6
4062500.0
1.0E7
1000 3 6
6875000.0
1.625E7
1000 3 6
6562500.0
1.75E7
1000 3 6
5625000.0
1.125E7
1000 3 6
5312500.0
1.1875E7
1778 3 6
8125000.0
3.0E7
1000 3 6
4062500.0
1.1875E7
1778 3 6
7500000.0
3.25E7
1778 3 6
1.5E7
2.75E7
1778 3 6
1.5E7
3.25E7
1778 3 6
1.5E7
4.25E7
1778 3 6
9375000.0
3.0E7
1778 3 6
8750000.0
5.5E7
1778 3 6
1.375E7
3.5E7
1778 3 6
8750000.0
4.25E7
1778 3 6
7500000.0
4.5E7
1778 3 6
7500000.0
5.25E7
1000 3 6
7812500.0
1.5E7
1778 3 6
1.375E7
4.75E7
1000 3 6
7187500.0
1.0625E7
1778 3 6
8750000.0
3.5E7
1778 3 6
1.0E7
3.25E7
1778 3 6
7500000.0
5.25E7
1778 3 6
8750000.0
3.0E7
1778 3 6
1.625E7
5.5E7
1778 3 6
1.25E7
5.5E7
3162 3 6
1.5E7
1.3E8
1778 3 6
1.375E7
5.5E7
1778 3 6
7500000.0
3.0E7
1778 3 6
8125000.0
3.25E7
1778 3 6
1.5E7
5.5E7
3162 3 6
1.5E7
1.2E8
1778 3 6
7500000.0
3.0E7
3162 3 6
1.875E7
1.4E8
3162 3 6
3.0E7
1.9E8
1778 3 6
8125000.0
3.25E7
1778 3 6
8125000.0
3.25E7
3162 3 6
3.0E7
1.7E8
3162 3 6
1.75E7
1.5E8
3162 3 6
3.0E7
1.5E8
3162 3 6
1.5E7
1.3E8
1778 3 6
8750000.0
4.5E7
1778 3 6
1.25E7
4.25E7
1778 3 6
1.5E7
4.5E7
1778 3 6
1.0E7
3.75E7
3162 3 6
2.5E7
1.2E8
3162 3 6
2.75E7
1.8E8
1778 3 6
1.5625E7
4.75E7
3162 3 6
2.75E7
1.8E8
1778 3 6
1.375E7
5.25E7
3162 3 6
2.0E7
1.5E8
3162 3 6
2.0E7
2.4E8
3162 3 6
2.125E7
2.3E8
3162 3 6
1.625E7
1.2E8
3162 3 6
2.375E7
2.2E8
3162 3 6
2.25E7
2.3E8
3162 3 6
1.625E7
1.1E8
3162 3 6
1.5E7
1.2E8
3162 3 6
2.75E7
2.1E8
3162 3 6
1.625E7
1.3E8
3162 3 6
1.875E7
1.4E8
3162 3 6
2.0E7
1.4E8
3162 3 6
1.5E7
1.2E8
3162 3 6
3.0E7
2.4E8
3162 3 6
3.5E7
2.3E8
3162 3 6
1.75E7
1.4E8
3162 3 6
1.875E7
1.4E8
3162 3 6
3.25E7
2.2E8
3162 3 6
2.75E7
2.2E8
3162 3 6
1.75E7
1.6E8
3162 3 6
1.5E7
1.6E8
5623 3 6
3.25E7
4.3E8
5623 3 6
2.75E7
4.2E8
5623 3 6
3.5E7
4.5E8
5623 3 6
3.0E7
4.3E8
5623 3 6
5.5E7
5.1E8
5623 3 6
5.5E7
5.1E8
5623 3 6
3.5E7
4.6E8
5623 3 6
3.25E7
3.8E8
5623 3 6
6.0E7
6.6E8
5623 3 6
5.5E7
5.0E8
5623 3 6
5.25E7
5.4E8
5623 3 6
3.75E7
5.5E8
5623 3 6
4.0E7
4.2E8
5623 3 6
5.5E7
5.8E8
5623 3 6
4.5E7
5.4E8
5623 3 6
4.25E7
4.3E8
5623 3 6
3.75E7
3.9E8
5623 3 6
5.5E7
5.8E8
5623 3 6
3.5E7
4.0E8
5623 3 6
4.5E7
6.3E8
5623 3 6
3.5E7
4.0E8
5623 3 6
3.5E7
4.1E8
5623 3 6
3.5E7
4.5E8
5623 3 6
3.0E7
4.1E8
5623 3 6
3.25E7
5.4E8
5623 3 6
3.25E7
5.0E8
5623 3 6
3.5E7
6.2E8
5623 3 6
3.0E7
5.7E8
5623 3 6
4.25E7
5.8E8
5623 3 6
4.0E7
6.3E8
5623 3 6
6.0E7
4.7E8
5623 3 6
4.75E7
6.3E8
10000 3 6
9.5E7
1.23E9
10000 3 6
7.0E7
1.27E9
10000 3 6
7.5E7
1.45E9
10000 3 6
6.5E7
1.28E9
10000 3 6
9.0E7
1.47E9
10000 3 6
5.5E7
1.26E9
10000 3 6
8.5E7
1.52E9
10000 3 6
6.5E7
1.54E9
10000 3 6
1.1E8
1.53E9
10000 3 6
7.5E7
1.25E9
10000 3 6
7.5E7
1.48E9
10000 3 6
6.0E7
1.26E9
10000 3 6
8.5E7
1.71E9
10000 3 6
9.0E7
1.58E9
10000 3 6
1.3E8
1.87E9
10000 3 6
8.0E7
1.52E9
10000 3 6
1.2E8
1.96E9
10000 3 6
7.0E7
1.66E9
10000 3 6
9.5E7
1.79E9
10000 3 6
1.1E8
2.01E9
10000 3 6
6.5E7
1.72E9
10000 3 6
6.5E7
1.58E9
10000 3 6
7.5E7
1.71E9
10000 3 6
1.1E8
1.93E9
10000 3 6
1.2E8
2.03E9
10000 3 6
1.05E8
2.04E9
10000 3 6
1.0E8
1.97E9
10000 3 6
9.0E7
1.86E9
10000 3 6
1.1E8
2.04E9
10000 3 6
1.2E8
1.96E9
10000 3 6
1.1E8
1.81E9
10000 3 6
1.15E8
2.03E9
17782 3 6
1.5E8
4.69E9
17782 3 6
1.3E8
4.57E9
17782 3 6
1.2E8
4.89E9
17782 3 6
1.6E8
4.61E9
17782 3 6
1.5E8
5.02E9
17782 3 6
1.3E8
5.19E9
17782 3 6
1.2E8
5.18E9
17782 3 6
1.3E8
4.6E9
17782 3 6
1.3E8
5.34E9
17782 3 6
1.5E8
5.39E9
17782 3 6
1.9E8
5.26E9
17782 3 6
1.7E8
5.88E9
17782 3 6
2.3E8
5.82E9
17782 3 6
1.8E8
5.5E9
17782 3 6
1.9E8
5.45E9
17782 3 6
1.7E8
5.56E9
17782 3 6
1.9E8
5.35E9
17782 3 6
1.8E8
5.68E9
17782 3 6
1.7E8
5.71E9
17782 3 6
1.8E8
5.86E9
17782 3 6
2.2E8
5.99E9
17782 3 6
2.0E8
5.61E9
17782 3 6
1.6E8
5.62E9
17782 3 6
1.4E8
6.1E9
17782 3 6
2.3E8
5.88E9
17782 3 6
1.3E8
5.69E9
17782 3 6
2.2E8
6.24E9
17782 3 6
2.6E8
6.33E9
17782 3 6
2.3E8
6.23E9
17782 3 6
2.1E8
6.32E9
17782 3 6
2.1E8
6.44E9
17782 3 6
2.1E8
6.37E9
31622 3 6
3.5E8
1.83E10
31622 3 6
3.0E8
1.86E10
31622 3 6
3.4E8
1.896E10
31622 3 6
3.0E8
2.003E10
31622 3 6
3.4E8
1.943E10
31622 3 6
3.1E8
1.94E10
31622 3 6
3.1E8
2.089E10
31622 3 6
3.0E8
2.113E10
31622 3 6
3.7E8
2.088E10
31622 3 6
3.8E8
2.14E10
31622 3 6
3.1E8
2.184E10
31622 3 6
4.4E8
2.041E10
31622 3 6
3.1E8
2.158E10
31622 3 6
3.1E8
2.353E10
31622 3 6
4.0E8
2.219E10
31622 3 6
3.3E8
2.273E10
31622 3 6
3.6E8
2.254E10
31622 3 6
3.0E8
2.37E10
31622 3 6
3.9E8
2.375E10
31622 3 6
4.2E8
2.29E10
31622 3 6
3.2E8
2.553E10
31622 3 6
4.1E8
2.357E10
31622 3 6
4.6E8
2.311E10
31622 3 6
4.2E8
2.408E10
31622 3 6
3.7E8
2.489E10
31622 3 6
3.8E8
2.563E10
31622 3 6
4.1E8
2.511E10
31622 3 6
2.8E8
2.467E10
31622 3 6
4.1E8
2.407E10
31622 3 6
3.9E8
2.524E10
31622 3 6
4.1E8
2.553E10
31622 3 6
3.9E8
2.555E10
56234 3 6
6.2E8
5.377E10
56234 3 6
6.5E8
7.779E10
56234 3 6
1.32E9
7.971E10
56234 3 6
7.1E8
8.097E10
56234 3 6
7.6E8
8.2E10
56234 3 6
6.5E8
8.256E10
56234 3 6
6.0E8
8.187E10
56234 3 6
6.7E8
8.155E10
56234 3 6
7.2E8
8.597E10
56234 3 6
7.3E8
8.172E10
56234 3 6
7.6E8
8.692E10
56234 3 6
9.4E8
9.015E10
56234 3 6
9.3E8
8.758E10
56234 3 6
7.1E8
8.956E10
56234 3 6
8.5E8
9.57E10
56234 3 6
6.7E8
9.491E10
56234 3 6
7.8E8
9.63E10
56234 3 6
6.3E8
9.591E10
56234 3 6
8.8E8
9.461E10
56234 3 6
7.8E8
9.394E10
56234 3 6
8.2E8
9.476E10
56234 3 6
6.3E8
9.764E10
56234 3 6
9.2E8
1.0435E11
56234 3 6
9.2E8
1.0407E11
56234 3 6
9.1E8
1.1233E11
56234 3 6
7.0E8
1.0611E11
56234 3 6
9.0E8
1.1771E11
56234 3 6
7.8E8
1.1651E11
56234 3 6
8.6E8
1.2134E11
56234 3 6
8.0E8
1.3019E11
56234 3 6
7.7E8
1.3022E11
56234 3 6
8.2E8
1.4796E11
100000 3 6
1.17E9
2.3712E11
100000 3 6
1.52E9
2.8747E11
100000 3 6
1.27E9
2.7643E11
100000 3 6
1.18E9
2.6878E11
100000 3 6
1.36E9
2.9223E11
100000 3 6
1.27E9
2.9145E11
100000 3 6
1.26E9
2.9655E11
100000 3 6
1.12E9
3.0842E11
100000 3 6
1.24E9
3.2863E11
100000 3 6
1.29E9
3.2667E11
100000 3 6
1.17E9
3.195E11
100000 3 6
2.03E9
3.2359E11
100000 3 6
1.78E9
3.3146E11
100000 3 6
1.22E9
3.4697E11
100000 3 6
1.12E9
3.1861E11
100000 3 6
1.13E9
3.4305E11
100000 3 6
1.26E9
3.4803E11
100000 3 6
1.91E9
3.3482E11
100000 3 6
1.92E9
3.3821E11
100000 3 6
1.05E9
2.9718E11
100000 3 6
1.76E9
3.3928E11
100000 3 6
1.36E9
3.4851E11
100000 3 6
1.49E9
3.4821E11
100000 3 6
2.41E9
3.2422E11
100000 3 6
1.33E9
3.7183E11
100000 3 6
1.79E9
3.4372E11
100000 3 6
1.73E9
3.4614E11
100000 3 6
1.84E9
3.6103E11
100000 3 6
2.1E9
3.2677E11
100000 3 6
1.55E9
3.4732E11
100000 3 6
1.41E9
3.5067E11
100000 3 6
2.14E9
3.5233E11
