100 4 2
429687.5
312500.0
100 4 2
371093.75
429687.5
100 4 2
371093.75
507812.5
100 4 3
371093.75
312500.0
100 4 2
351562.5
351562.5
100 4 3
390625.0
312500.0
100 4 2
351562.5
371093.75
100 4 2
371093.75
332031.25
100 4 2
390625.0
312500.0
100 4 3
351562.5
371093.75
100 4 2
371093.75
371093.75
100 4 2
351562.5
332031.25
100 4 2
371093.75
351562.5
100 4 3
371093.75
332031.25
100 4 3
390625.0
351562.5
100 4 2
390625.0
351562.5
100 4 3
371093.75
332031.25
100 4 3
371093.75
351562.5
100 4 2
390625.0
332031.25
100 4 2
371093.75
332031.25
100 4 3
371093.75
371093.75
100 4 2
371093.75
351562.5
100 4 3
371093.75
371093.75
100 4 2
410156.25
351562.5
100 4 3
390625.0
312500.0
100 4 3
390625.0
351562.5
100 4 3
371093.75
351562.5
100 4 2
371093.75
351562.5
100 4 3
390625.0
351562.5
100 4 2
371093.75
332031.25
100 4 3
371093.75
332031.25
100 4 2
390625.0
332031.25
177 4 3
859375.0
859375.0
177 4 3
859375.0
859375.0
177 4 3
1015625.0
859375.0
177 4 3
859375.0
859375.0
177 4 3
1015625.0
859375.0
177 4 3
937500.0
937500.0
177 4 3
859375.0
859375.0
177 4 3
859375.0
937500.0
177 4 3
1093750.0
820312.5
177 4 3
859375.0
937500.0
177 4 3
859375.0
937500.0
177 4 3
937500.0
937500.0
177 4 3
859375.0
859375.0
177 4 3
937500.0
781250.0
177 4 3
937500.0
820312.5
177 4 3
937500.0
859375.0
177 4 3
937500.0
742187.5
177 4 3
937500.0
859375.0
177 4 3
859375.0
703125.0
177 4 3
859375.0
742187.5
177 4 3
937500.0
742187.5
177 4 2
1015625.0
859375.0
177 4 3
859375.0
742187.5
177 4 3
859375.0
820312.5
177 4 3
937500.0
781250.0
177 4 3
937500.0
859375.0
177 4 3
859375.0
820312.5
177 4 3
859375.0
820312.5
177 4 3
937500.0
781250.0
177 4 3
859375.0
742187.5
177 4 3
937500.0
1015625.0
177 4 3
976562.5
859375.0
316 4 3
2031250.0
2031250.0
316 4 3
2031250.0
2187500.0
316 4 3
2343750.0
2187500.0
316 4 3
3437500.0
3437500.0
316 4 3
2187500.0
4375000.0
316 4 3
2343750.0
2656250.0
316 4 3
2500000.0
2500000.0
316 4 3
2187500.0
2343750.0
316 4 3
2343750.0
3750000.0
316 4 3
2500000.0
2656250.0
316 4 3
2031250.0
3437500.0
316 4 3
2343750.0
2656250.0
316 4 3
2187500.0
3125000.0
316 4 3
2656250.0
3437500.0
316 4 3
2031250.0
2812500.0
316 4 3
2187500.0
2500000.0
316 4 3
2343750.0
2968750.0
316 4 3
2968750.0
2812500.0
316 4 3
2343750.0
2656250.0
316 4 3
2031250.0
3125000.0
316 4 3
2187500.0
2500000.0
316 4 3
2343750.0
2656250.0
316 4 3
2187500.0
3281250.0
316 4 3
2187500.0
2500000.0
316 4 3
2031250.0
2812500.0
316 4 3
2500000.0
2500000.0
316 4 3
2031250.0
2187500.0
316 4 3
2968750.0
2187500.0
316 4 3
2656250.0
2968750.0
316 4 3
4062500.0
2500000.0
316 4 3
2500000.0
2343750.0
562 4 3
5937500.0
6875000.0
562 4 3
5312500.0
7500000.0
562 4 3
8125000.0
6875000.0
316 4 3
2500000.0
2812500.0
562 4 3
6875000.0
6875000.0
562 4 3
5312500.0
1.125E7
562 4 3
6875000.0
5625000.0
562 4 3
5312500.0
6875000.0
562 4 3
5312500.0
6875000.0
562 4 3
5937500.0
6875000.0
562 4 3
5937500.0
7500000.0
562 4 3
5625000.0
8125000.0
562 4 3
6875000.0
1.0625E7
562 4 3
6250000.0
1.0E7
562 4 3
7500000.0
9375000.0
562 4 3
6250000.0
8125000.0
562 4 3
7187500.0
1.0625E7
562 4 3
5625000.0
7500000.0
562 4 3
8125000.0
8750000.0
562 4 3
7500000.0
7500000.0
562 4 3
5625000.0
8125000.0
562 4 3
5312500.0
1.0625E7
562 4 3
5937500.0
8750000.0
562 4 3
5625000.0
8125000.0
562 4 3
5625000.0
8750000.0
562 4 3
5312500.0
9375000.0
562 4 3
5000000.0
9062500.0
562 4 3
4687500.0
1.1875E7
562 4 3
5625000.0
8125000.0
562 4 3
5000000.0
7500000.0
562 4 3
5000000.0
9062500.0
1000 4 3
1.375E7
1.5E7
1000 4 3
1.375E7
1.625E7
1000 4 3
1.5E7
1.75E7
562 4 3
6562500.0
6875000.0
562 4 3
5312500.0
6562500.0
1000 4 3
1.375E7
1.625E7
1000 4 3
1.375E7
1.75E7
1000 4 3
1.375E7
1.625E7
1000 4 3
1.375E7
1.625E7
1000 4 3
1.0625E7
3.0E7
1000 4 3
1.125E7
3.25E7
1000 4 3
1.375E7
3.0E7
1000 4 3
1.25E7
3.25E7
1000 4 3
1.0625E7
1.5E7
1000 4 3
1.375E7
3.5E7
1000 4 3
1.0625E7
2.125E7
1000 4 3
1.25E7
2.75E7
1000 4 3
1.125E7
2.125E7
1000 4 3
1.125E7
2.0E7
1000 4 3
1.0625E7
2.25E7
1000 4 3
1.1875E7
2.75E7
1000 4 3
1.1875E7
2.0E7
1000 4 3
1.0625E7
3.125E7
1000 4 3
1.1875E7
2.125E7
1000 4 3
1.1875E7
2.0E7
1000 4 3
1.3125E7
1.875E7
1000 4 3
1.125E7
2.875E7
1778 4 3
3.0E7
5.5E7
1000 4 3
1.25E7
2.75E7
1778 4 3
2.75E7
5.5E7
1000 4 3
1.125E7
2.75E7
1000 4 3
1.0625E7
2.0E7
1778 4 3
3.0E7
5.5E7
1000 4 3
1.8125E7
2.5E7
1000 4 3
1.3125E7
2.0E7
1778 4 3
2.75E7
7.5E7
1778 4 3
2.75E7
7.0E7
1000 4 3
1.3125E7
1.75E7
1778 4 3
2.75E7
6.5E7
1000 4 3
1.25E7
2.375E7
1778 4 3
4.0E7
6.0E7
1778 4 3
2.625E7
5.5E7
1778 4 3
3.0E7
5.5E7
1778 4 3
2.75E7
8.0E7
1778 4 3
3.75E7
4.75E7
1778 4 3
3.375E7
5.5E7
1778 4 3
3.0E7
6.0E7
1778 4 3
2.75E7
6.0E7
1778 4 3
3.375E7
7.0E7
1778 4 3
2.75E7
7.0E7
1778 4 3
3.5E7
6.0E7
1778 4 3
2.25E7
6.0E7
1778 4 3
3.0E7
5.25E7
1778 4 3
3.0E7
5.5E7
1778 4 3
2.75E7
5.5E7
1778 4 3
3.0E7
5.75E7
3162 4 3
6.0E7
2.1E8
3162 4 3
5.5E7
2.2E8
1778 4 3
2.375E7
7.0E7
3162 4 3
5.5E7
2.2E8
1778 4 3
2.25E7
9.0E7
3162 4 3
5.5E7
2.5E8
1778 4 3
2.375E7
6.0E7
3162 4 3
5.5E7
2.3E8
1778 4 3
3.0E7
5.75E7
1778 4 3
3.5E7
7.5E7
1778 4 3
2.375E7
5.5E7
1778 4 3
3.0E7
7.25E7
3162 4 3
6.5E7
1.9E8
1778 4 3
2.5E7
7.5E7
1778 4 3
2.5E7
7.0E7
3162 4 3
7.0E7
2.3E8
3162 4 3
6.0E7
2.1E8
1778 4 3
2.875E7
6.5E7
3162 4 3
6.0E7
2.1E8
3162 4 3
7.0E7
2.8E8
3162 4 3
6.5E7
2.1E8
3162 4 3
6.5E7
2.1E8
3162 4 3
7.0E7
2.0E8
3162 4 3
5.5E7
2.1E8
3162 4 3
7.5E7
2.2E8
3162 4 3
6.0E7
1.8E8
3162 4 3
7.0E7
1.9E8
3162 4 3
6.5E7
2.0E8
3162 4 3
5.5E7
3.2E8
3162 4 3
7.0E7
1.9E8
3162 4 3
5.5E7
1.9E8
3162 4 3
5.5E7
2.0E8
3162 4 3
6.5E7
3.1E8
3162 4 3
5.5E7
1.9E8
3162 4 3
5.5E7
2.7E8
3162 4 3
6.0E7
2.3E8
3162 4 3
8.5E7
2.5E8
3162 4 3
6.5E7
2.3E8
3162 4 3
7.5E7
3.3E8
3162 4 3
6.0E7
2.3E8
3162 4 3
8.5E7
3.2E8
3162 4 3
9.5E7
2.4E8
5623 4 3
1.2E8
7.3E8
5623 4 3
1.3E8
7.5E8
5623 4 3
1.4E8
7.3E8
5623 4 3
1.2E8
7.3E8
5623 4 3
1.8E8
8.8E8
5623 4 3
1.15E8
7.1E8
5623 4 3
1.4E8
8.0E8
5623 4 3
1.2E8
7.8E8
5623 4 3
1.5E8
6.1E8
5623 4 3
1.4E8
8.3E8
5623 4 3
1.2E8
9.0E8
5623 4 3
1.6E8
8.7E8
5623 4 3
1.7E8
7.7E8
5623 4 3
1.4E8
9.0E8
5623 4 3
1.4E8
7.8E8
5623 4 3
1.2E8
6.5E8
5623 4 3
1.4E8
9.2E8
5623 4 3
1.4E8
7.3E8
5623 4 3
1.7E8
7.9E8
5623 4 3
1.5E8
7.6E8
5623 4 3
1.3E8
8.8E8
5623 4 3
1.6E8
7.7E8
5623 4 3
1.4E8
7.9E8
5623 4 3
1.6E8
9.3E8
5623 4 3
1.2E8
8.2E8
5623 4 3
1.2E8
7.4E8
5623 4 3
1.9E8
9.2E8
5623 4 3
1.6E8
9.3E8
5623 4 3
1.2E8
8.7E8
5623 4 3
1.6E8
8.2E8
5623 4 3
1.8E8
9.5E8
5623 4 3
1.85E8
8.7E8
10000 4 3
2.5E8
2.13E9
10000 4 3
2.6E8
2.31E9
10000 4 3
2.7E8
2.44E9
10000 4 3
2.4E8
2.52E9
10000 4 3
2.7E8
2.49E9
10000 4 3
2.4E8
2.46E9
10000 4 3
2.3E8
2.55E9
10000 4 3
3.4E8
2.24E9
10000 4 3
2.7E8
2.61E9
10000 4 3
3.5E8
2.9E9
10000 4 3
2.3E8
2.58E9
10000 4 3
2.4E8
2.5E9
10000 4 3
3.3E8
2.4E9
10000 4 3
3.2E8
2.66E9
10000 4 3
2.7E8
2.68E9
10000 4 3
2.8E8
2.64E9
10000 4 3
2.7E8
2.48E9
10000 4 3
2.6E8
2.57E9
10000 4 3
3.1E8
2.49E9
10000 4 3
2.8E8
2.39E9
10000 4 3
2.3E8
2.58E9
10000 4 3
2.6E8
2.55E9
10000 4 3
2.6E8
2.72E9
10000 4 3
2.7E8
2.47E9
10000 4 3
2.7E8
3.08E9
10000 4 3
3.4E8
2.76E9
10000 4 3
2.5E8
2.7E9
10000 4 3
2.9E8
2.77E9
10000 4 3
3.8E8
3.61E9
10000 4 3
3.5E8
3.73E9
10000 4 3
4.6E8
3.57E9
10000 4 3
6.0E8
3.41E9
17782 4 3
5.7E8
5.8E9
17782 4 3
5.6E8
5.98E9
17782 4 3
5.4E8
6.42E9
17782 4 3
5.3E8
6.79E9
17782 4 3
5.5E8
7.15E9
17782 4 3
4.9E8
7.44E9
17782 4 3
5.7E8
7.48E9
17782 4 3
5.5E8
7.73E9
17782 4 3
5.1E8
7.78E9
17782 4 3
5.5E8
7.77E9
17782 4 3
5.3E8
8.16E9
17782 4 3
5.9E8
8.58E9
17782 4 3
4.9E8
8.27E9
17782 4 3
5.6E8
8.67E9
17782 4 3
5.3E8
8.98E9
17782 4 3
7.3E8
8.36E9
17782 4 3
7.4E8
8.94E9
17782 4 3
6.0E8
9.31E9
17782 4 3
5.7E8
9.27E9
17782 4 3
7.5E8
9.57E9
17782 4 3
6.8E8
9.39E9
17782 4 3
5.3E8
9.89E9
17782 4 3
6.1E8
1.047E10
17782 4 3
5.8E8
1.015E10
17782 4 3
5.8E8
1.086E10
17782 4 3
5.9E8
1.161E10
17782 4 3
5.8E8
1.243E10
17782 4 3
7.1E8
1.139E10
17782 4 3
7.3E8
1.27E10
17782 4 3
6.6E8
1.35E10
17782 4 3
9.5E8
1.413E10
17782 4 3
6.7E8
1.657E10
31622 4 3
8.9E8
2.61E10
31622 4 3
9.9E8
2.765E10
31622 4 3
1.03E9
2.915E10
31622 4 3
1.05E9
2.968E10
31622 4 3
1.09E9
2.778E10
31622 4 3
1.1E9
2.991E10
31622 4 3
1.22E9
3.04E10
31622 4 3
1.0E9
3.197E10
31622 4 3
1.36E9
3.13E10
31622 4 3
1.12E9
3.142E10
31622 4 3
1.15E9
3.07E10
31622 4 3
1.08E9
3.471E10
31622 4 3
1.08E9
3.02E10
31622 4 3
9.9E8
3.389E10
31622 4 3
1.13E9
3.132E10
31622 4 3
1.16E9
3.283E10
31622 4 3
1.05E9
3.422E10
31622 4 3
1.14E9
3.606E10
31622 4 3
1.09E9
2.776E10
31622 4 3
1.17E9
3.122E10
31622 4 3
1.11E9
3.021E10
31622 4 3
1.45E9
3.381E10
31622 4 3
1.33E9
3.748E10
31622 4 3
1.34E9
2.782E10
31622 4 3
1.12E9
3.503E10
31622 4 3
1.01E9
3.08E10
31622 4 3
1.11E9
3.517E10
31622 4 3
1.24E9
3.853E10
31622 4 3
1.35E9
3.641E10
31622 4 3
1.44E9
3.951E10
31622 4 3
1.56E9
4.408E10
31622 4 3
1.46E9
3.912E10
56234 4 3
2.1E9
1.0985E11
56234 4 3
2.11E9
1.1223E11
56234 4 3
1.97E9
1.1748E11
56234 4 3
2.29E9
1.2124E11
56234 4 3
2.12E9
1.1311E11
56234 4 3
2.11E9
1.1523E11
56234 4 3
2.23E9
1.2102E11
56234 4 3
2.6E9
1.1959E11
56234 4 3
2.61E9
1.2346E11
56234 4 3
3.1E9
1.2303E11
56234 4 3
2.44E9
1.2317E11
56234 4 3
2.18E9
1.2725E11
56234 4 3
2.24E9
1.3206E11
56234 4 3
2.3E9
1.323E11
56234 4 3
3.23E9
1.2986E11
56234 4 3
2.09E9
1.3066E11
56234 4 3
2.18E9
1.3412E11
56234 4 3
2.16E9
1.4146E11
56234 4 3
2.61E9
1.3798E11
56234 4 3
2.25E9
1.3843E11
56234 4 3
2.33E9
1.2331E11
56234 4 3
2.95E9
1.3739E11
56234 4 3
2.01E9
1.3391E11
56234 4 3
2.73E9
1.4103E11
56234 4 3
2.63E9
1.4426E11
56234 4 3
2.64E9
1.4589E11
56234 4 3
3.21E9
1.4321E11
56234 4 3
2.96E9
1.6052E11
56234 4 3
2.9E9
1.5484E11
56234 4 3
2.39E9
1.642E11
56234 4 3
3.02E9
1.5822E11
56234 4 3
1.87E9
1.5582E11
100000 4 3
5.13E9
3.871E11
100000 4 3
4.88E9
3.9056E11
100000 4 3
4.13E9
4.1713E11
100000 4 3
6.27E9
4.022E11
100000 4 3
4.75E9
4.1592E11
100000 4 3
5.15E9
4.2245E11
100000 4 3
3.96E9
4.3025E11
100000 4 3
5.33E9
4.4059E11
100000 4 3
5.29E9
4.321E11
100000 4 3
4.23E9
4.5326E11
100000 4 3
3.93E9
4.1973E11
100000 4 3
4.48E9
4.3539E11
100000 4 3
4.55E9
4.5464E11
100000 4 3
4.28E9
4.6104E11
100000 4 3
7.91E9
4.3008E11
100000 4 3
4.35E9
4.5486E11
100000 4 3
5.45E9
4.5177E11
100000 4 3
4.53E9
4.714E11
100000 4 3
4.27E9
4.7635E11
100000 4 3
4.51E9
4.5647E11
100000 4 3
7.37E9
4.297E11
100000 4 3
7.19E9
4.3032E11
100000 4 3
3.93E9
4.5664E11
100000 4 3
8.22E9
4.7978E11
100000 4 3
5.4E9
4.855E11
100000 4 3
4.95E9
4.7689E11
100000 4 3
4.42E9
4.8924E11
100000 4 3
5.4E9
4.8377E11
100000 4 3
6.04E9
4.7916E11
100000 4 3
6.7E9
4.6984E11
100000 4 3
7.8E9
4.9129E11
100000 4 3
8.52E9
4.8404E11
