100 6 1
546875.0
429687.5
100 6 1
546875.0
429687.5
100 6 1
546875.0
429687.5
100 6 2
507812.5
429687.5
100 6 2
507812.5
429687.5
100 6 2
546875.0
429687.5
100 6 2
546875.0
429687.5
100 6 2
585937.5
429687.5
100 6 1
585937.5
429687.5
100 6 2
546875.0
410156.25
100 6 1
468750.0
429687.5
100 6 2
585937.5
390625.0
100 6 2
546875.0
390625.0
100 6 2
546875.0
390625.0
100 6 1
507812.5
390625.0
100 6 2
507812.5
371093.75
100 6 2
507812.5
390625.0
100 6 2
546875.0
410156.25
100 6 2
546875.0
390625.0
100 6 2
546875.0
390625.0
100 6 1
546875.0
390625.0
100 6 2
546875.0
390625.0
100 6 1
585937.5
371093.75
100 6 2
585937.5
390625.0
100 6 2
546875.0
390625.0
100 6 2
546875.0
429687.5
100 6 2
546875.0
390625.0
100 6 2
546875.0
410156.25
100 6 2
546875.0
410156.25
100 6 2
585937.5
410156.25
100 6 1
546875.0
390625.0
100 6 2
546875.0
371093.75
177 6 2
1406250.0
1250000.0
177 6 2
1406250.0
1093750.0
177 6 2
1406250.0
1171875.0
177 6 2
1250000.0
1093750.0
177 6 2
1484375.0
1328125.0
177 6 2
1406250.0
1250000.0
177 6 2
1328125.0
1562500.0
177 6 2
1328125.0
1406250.0
177 6 2
1484375.0
2031250.0
177 6 2
1406250.0
1718750.0
177 6 2
1484375.0
1718750.0
177 6 1
1328125.0
2343750.0
177 6 2
1406250.0
1875000.0
177 6 2
1484375.0
2031250.0
177 6 2
1562500.0
2031250.0
177 6 2
1328125.0
1875000.0
177 6 2
1406250.0
2187500.0
177 6 2
1328125.0
2031250.0
177 6 2
1406250.0
1875000.0
177 6 2
1328125.0
2031250.0
177 6 2
1484375.0
1093750.0
177 6 2
1328125.0
1015625.0
177 6 2
1406250.0
1015625.0
177 6 2
1328125.0
1328125.0
177 6 2
1328125.0
1484375.0
177 6 2
1406250.0
1093750.0
177 6 2
1328125.0
1328125.0
177 6 2
1328125.0
1171875.0
177 6 2
1328125.0
1093750.0
177 6 2
1328125.0
1093750.0
177 6 2
1406250.0
1015625.0
177 6 2
1484375.0
1093750.0
316 6 2
3750000.0
3437500.0
316 6 2
3437500.0
3750000.0
316 6 2
3437500.0
3437500.0
316 6 2
3437500.0
3437500.0
316 6 2
6875000.0
3125000.0
316 6 2
3437500.0
3437500.0
316 6 2
3437500.0
3437500.0
316 6 2
3281250.0
3750000.0
316 6 2
3437500.0
3437500.0
316 6 2
3437500.0
3437500.0
316 6 2
3437500.0
3437500.0
316 6 2
3437500.0
3437500.0
316 6 2
3437500.0
3437500.0
316 6 2
3437500.0
2968750.0
316 6 2
3437500.0
3125000.0
316 6 2
3437500.0
3125000.0
316 6 2
3437500.0
2968750.0
316 6 2
3750000.0
3437500.0
316 6 2
3750000.0
2968750.0
316 6 2
3437500.0
3281250.0
316 6 2
3750000.0
3281250.0
316 6 2
3750000.0
3125000.0
316 6 2
3750000.0
3281250.0
316 6 2
3437500.0
2968750.0
316 6 2
3437500.0
2968750.0
316 6 2
3281250.0
2968750.0
316 6 2
3750000.0
3125000.0
316 6 2
3750000.0
3281250.0
316 6 2
3437500.0
3906250.0
562 6 2
8125000.0
2.0E7
562 6 2
8125000.0
1.1875E7
562 6 2
9375000.0
1.625E7
316 6 2
3281250.0
4375000.0
316 6 2
3281250.0
4062500.0
316 6 2
3437500.0
2656250.0
562 6 2
8125000.0
1.0E7
562 6 2
9375000.0
8125000.0
562 6 2
8750000.0
8750000.0
562 6 2
8750000.0
7500000.0
562 6 2
8125000.0
8125000.0
562 6 2
8750000.0
8125000.0
562 6 2
9375000.0
8125000.0
562 6 2
8750000.0
8750000.0
562 6 2
9375000.0
1.0E7
562 6 2
1.375E7
8750000.0
562 6 2
1.0E7
9375000.0
562 6 2
9375000.0
8750000.0
562 6 2
1.0E7
8125000.0
562 6 2
1.25E7
8750000.0
562 6 2
8750000.0
8125000.0
562 6 2
8750000.0
8750000.0
562 6 2
8750000.0
8125000.0
562 6 2
8125000.0
8750000.0
562 6 2
8750000.0
8125000.0
562 6 2
8750000.0
8750000.0
562 6 2
8750000.0
8750000.0
562 6 2
8750000.0
8125000.0
562 6 2
8750000.0
7500000.0
562 6 2
8125000.0
8750000.0
562 6 2
9375000.0
8750000.0
562 6 2
8750000.0
8750000.0
562 6 2
8125000.0
9375000.0
562 6 2
8125000.0
9375000.0
1000 6 2
2.125E7
2.75E7
562 6 2
8750000.0
9375000.0
1000 6 2
2.0E7
2.75E7
1000 6 2
2.0E7
3.75E7
1000 6 2
2.0E7
4.0E7
1000 6 2
2.0E7
2.125E7
1000 6 2
2.125E7
4.5E7
1000 6 2
1.875E7
3.375E7
1000 6 2
2.0E7
3.5E7
1000 6 2
2.125E7
3.5E7
1000 6 2
2.125E7
2.75E7
1000 6 2
2.125E7
2.125E7
1000 6 2
2.0E7
3.5E7
1000 6 2
2.25E7
2.75E7
1000 6 2
1.875E7
2.125E7
1000 6 2
3.25E7
2.75E7
1000 6 3
2.125E7
2.5E7
1000 6 2
2.25E7
2.75E7
1000 6 2
1.875E7
2.5E7
1000 6 2
1.875E7
2.375E7
1000 6 2
2.125E7
2.75E7
1000 6 2
2.375E7
2.375E7
1000 6 2
2.25E7
2.75E7
1000 6 2
3.0E7
2.5E7
1000 6 2
2.375E7
3.0E7
1000 6 2
2.125E7
3.0E7
1000 6 2
2.75E7
2.875E7
1000 6 2
2.75E7
2.375E7
1000 6 2
2.75E7
2.875E7
1000 6 3
3.0E7
3.0E7
1000 6 2
2.125E7
2.375E7
1778 6 2
5.5E7
7.5E7
1778 6 2
5.5E7
7.5E7
1778 6 3
4.25E7
7.0E7
1778 6 2
5.5E7
8.0E7
1778 6 2
5.0E7
7.0E7
1778 6 2
5.5E7
7.5E7
1000 6 2
2.25E7
2.375E7
1778 6 2
5.25E7
7.0E7
1778 6 2
5.0E7
8.5E7
1778 6 3
5.5E7
9.0E7
1778 6 3
4.5E7
7.0E7
1778 6 2
5.0E7
6.5E7
1778 6 2
5.0E7
7.5E7
1000 6 2
2.25E7
2.5E7
1778 6 2
4.75E7
8.0E7
1778 6 2
5.5E7
6.5E7
1778 6 2
5.0E7
7.0E7
1778 6 2
4.75E7
7.0E7
1778 6 2
5.0E7
7.5E7
1778 6 2
4.75E7
7.5E7
1778 6 2
5.5E7
7.0E7
1778 6 2
5.0E7
8.5E7
1778 6 2
5.5E7
1.1E8
1778 6 2
5.25E7
9.5E7
3162 6 3
1.2E8
2.4E8
1778 6 3
5.0E7
9.5E7
1778 6 2
5.25E7
1.0E8
3162 6 3
1.3E8
2.7E8
1778 6 2
5.25E7
9.0E7
3162 6 2
1.3E8
2.9E8
1778 6 2
5.0E7
9.0E7
3162 6 3
1.1E8
2.7E8
1778 6 3
5.0E7
9.5E7
1778 6 3
5.25E7
9.0E7
1778 6 2
5.25E7
9.0E7
1778 6 2
4.75E7
9.0E7
1778 6 2
5.0E7
8.0E7
1778 6 3
5.25E7
8.0E7
3162 6 3
1.2E8
2.7E8
3162 6 3
1.2E8
2.6E8
3162 6 3
1.2E8
3.0E8
3162 6 2
1.2E8
2.5E8
3162 6 3
1.2E8
2.6E8
3162 6 2
1.2E8
2.9E8
3162 6 3
1.2E8
2.9E8
3162 6 3
1.1E8
2.7E8
3162 6 3
1.2E8
2.9E8
3162 6 3
1.3E8
2.2E8
3162 6 3
1.1E8
2.7E8
3162 6 3
1.2E8
2.2E8
3162 6 3
1.2E8
2.9E8
3162 6 3
1.2E8
2.6E8
3162 6 3
1.3E8
3.2E8
3162 6 3
1.2E8
2.3E8
3162 6 3
1.3E8
2.7E8
3162 6 3
1.1E8
2.9E8
3162 6 2
1.1E8
2.2E8
3162 6 2
1.2E8
2.5E8
3162 6 3
1.2E8
3.2E8
3162 6 3
1.2E8
3.0E8
3162 6 3
1.2E8
2.7E8
3162 6 3
1.2E8
2.9E8
3162 6 3
1.2E8
3.0E8
3162 6 3
1.2E8
2.8E8
3162 6 3
1.1E8
2.9E8
3162 6 3
1.2E8
2.9E8
5623 6 3
2.5E8
7.6E8
5623 6 3
2.6E8
8.0E8
5623 6 3
3.0E8
9.3E8
5623 6 3
2.6E8
8.8E8
5623 6 3
2.6E8
8.0E8
5623 6 3
2.9E8
8.1E8
5623 6 3
3.4E8
8.3E8
5623 6 3
2.5E8
8.0E8
5623 6 3
3.0E8
1.02E9
5623 6 3
3.2E8
9.5E8
5623 6 3
2.7E8
1.02E9
5623 6 3
3.2E8
1.05E9
5623 6 3
2.7E8
1.02E9
5623 6 3
2.6E8
8.0E8
5623 6 3
2.9E8
1.09E9
5623 6 3
3.2E8
1.05E9
5623 6 3
3.1E8
8.6E8
5623 6 3
2.8E8
1.12E9
5623 6 3
2.7E8
9.4E8
5623 6 3
3.0E8
9.0E8
5623 6 3
2.7E8
9.3E8
5623 6 3
2.7E8
1.03E9
5623 6 3
2.7E8
1.11E9
5623 6 3
2.9E8
1.1E9
5623 6 3
2.8E8
1.14E9
5623 6 3
2.9E8
1.03E9
5623 6 3
2.7E8
1.06E9
5623 6 3
3.5E8
9.0E8
5623 6 3
2.8E8
1.03E9
5623 6 3
2.8E8
1.06E9
5623 6 3
2.9E8
1.0E9
5623 6 3
2.8E8
1.04E9
10000 6 3
5.9E8
2.6E9
10000 6 3
5.8E8
2.62E9
10000 6 3
5.6E8
2.52E9
10000 6 3
5.9E8
2.56E9
10000 6 3
5.9E8
3.02E9
10000 6 3
6.0E8
2.88E9
10000 6 3
5.8E8
3.43E9
10000 6 3
6.0E8
3.29E9
10000 6 3
6.1E8
3.42E9
10000 6 3
6.9E8
2.94E9
10000 6 3
5.7E8
3.3E9
10000 6 3
7.4E8
2.75E9
10000 6 3
6.0E8
2.79E9
10000 6 3
6.7E8
3.22E9
10000 6 3
6.0E8
3.31E9
10000 6 3
5.8E8
3.31E9
10000 6 3
7.0E8
3.18E9
10000 6 3
6.0E8
3.41E9
10000 6 3
6.2E8
3.3E9
10000 6 3
6.7E8
3.31E9
10000 6 3
6.7E8
3.25E9
10000 6 3
6.2E8
3.35E9
10000 6 3
6.2E8
3.07E9
10000 6 3
6.1E8
3.48E9
10000 6 3
6.5E8
3.15E9
10000 6 3
5.8E8
3.29E9
10000 6 3
6.4E8
3.29E9
10000 6 4
7.3E8
3.14E9
10000 6 3
6.6E8
3.28E9
10000 6 3
6.4E8
3.21E9
10000 6 3
7.4E8
3.46E9
10000 6 3
5.5E8
3.32E9
17782 6 3
1.4E9
7.94E9
17782 6 3
1.48E9
8.98E9
17782 6 3
1.47E9
1.01E10
17782 6 4
1.48E9
9.41E9
17782 6 4
1.58E9
9.39E9
17782 6 3
1.41E9
9.96E9
17782 6 3
1.45E9
9.8E9
17782 6 3
1.54E9
1.002E10
17782 6 3
1.42E9
1.039E10
17782 6 3
1.43E9
1.105E10
17782 6 3
1.68E9
9.33E9
17782 6 3
1.34E9
1.111E10
17782 6 3
1.38E9
1.041E10
17782 6 3
1.37E9
1.068E10
17782 6 3
1.39E9
1.126E10
17782 6 3
1.48E9
1.065E10
17782 6 3
1.36E9
1.103E10
17782 6 3
1.45E9
1.08E10
17782 6 3
1.38E9
1.095E10
17782 6 3
1.37E9
1.057E10
17782 6 3
1.5E9
1.0E10
17782 6 3
1.35E9
1.164E10
17782 6 4
1.63E9
1.077E10
17782 6 4
1.47E9
1.115E10
17782 6 3
1.47E9
1.042E10
17782 6 3
1.38E9
1.191E10
17782 6 3
1.45E9
1.056E10
17782 6 4
1.48E9
1.175E10
17782 6 3
1.42E9
1.151E10
17782 6 4
1.44E9
1.13E10
17782 6 4
1.46E9
1.205E10
17782 6 4
1.64E9
1.194E10
31622 6 4
3.2E9
3.834E10
31622 6 4
3.23E9
3.776E10
31622 6 4
3.2E9
3.788E10
31622 6 4
3.13E9
3.835E10
31622 6 4
3.26E9
3.981E10
31622 6 4
3.47E9
3.671E10
31622 6 3
3.44E9
3.77E10
31622 6 4
3.16E9
4.107E10
31622 6 4
3.2E9
4.016E10
31622 6 4
3.37E9
4.17E10
31622 6 4
3.67E9
4.197E10
31622 6 4
3.32E9
4.448E10
31622 6 4
4.33E9
4.159E10
31622 6 4
3.18E9
4.79E10
31622 6 4
3.29E9
4.492E10
31622 6 4
3.3E9
4.571E10
31622 6 4
3.27E9
4.693E10
31622 6 4
3.16E9
4.734E10
31622 6 4
3.22E9
4.655E10
31622 6 4
3.39E9
4.58E10
31622 6 4
3.26E9
4.748E10
31622 6 4
3.47E9
4.828E10
31622 6 4
3.04E9
5.036E10
31622 6 4
3.93E9
4.639E10
31622 6 4
3.23E9
4.886E10
31622 6 4
3.29E9
5.142E10
31622 6 4
3.22E9
5.197E10
31622 6 4
3.12E9
5.194E10
31622 6 4
3.08E9
5.621E10
31622 6 4
3.34E9
5.292E10
31622 6 4
3.65E9
5.605E10
31622 6 4
3.8E9
5.649E10
56234 6 4
7.53E9
1.2375E11
56234 6 4
7.51E9
1.2026E11
56234 6 4
7.47E9
1.1786E11
56234 6 4
7.22E9
1.2622E11
56234 6 4
7.43E9
1.327E11
56234 6 4
7.3E9
1.3541E11
56234 6 4
7.19E9
1.278E11
56234 6 4
7.6E9
1.2878E11
56234 6 4
7.64E9
1.4308E11
56234 6 4
7.24E9
1.3633E11
56234 6 4
7.31E9
1.447E11
56234 6 4
7.44E9
1.3811E11
56234 6 4
7.51E9
1.4655E11
56234 6 5
7.89E9
1.457E11
56234 6 4
8.47E9
1.2292E11
56234 6 4
9.43E9
1.3048E11
56234 6 4
7.74E9
1.3938E11
56234 6 4
7.44E9
1.4578E11
56234 6 4
7.47E9
1.4847E11
56234 6 4
7.21E9
1.3907E11
56234 6 4
7.38E9
1.4264E11
56234 6 4
7.57E9
1.4594E11
56234 6 4
7.34E9
1.4641E11
56234 6 4
7.93E9
1.5755E11
56234 6 4
7.49E9
1.5255E11
56234 6 4
7.45E9
1.5239E11
56234 6 4
7.17E9
1.4722E11
56234 6 4
7.61E9
1.5729E11
56234 6 4
7.58E9
1.6187E11
56234 6 4
7.98E9
1.5659E11
56234 6 4
7.92E9
1.6935E11
56234 6 4
8.18E9
1.5682E11
100000 6 4
1.747E10
3.6969E11
100000 6 4
1.669E10
4.008E11
100000 6 4
1.666E10
3.7071E11
100000 6 4
1.674E10
3.877E11
100000 6 4
1.52E10
3.7217E11
100000 6 4
1.549E10
3.6809E11
100000 6 5
1.596E10
3.7416E11
100000 6 4
1.748E10
3.9688E11
100000 6 4
1.627E10
4.1998E11
100000 6 4
1.802E10
4.0143E11
100000 6 4
1.728E10
3.9624E11
100000 6 4
1.749E10
4.0604E11
100000 6 4
1.559E10
3.8735E11
100000 6 4
1.609E10
4.1314E11
100000 6 4
1.712E10
4.12E11
100000 6 4
1.707E10
4.308E11
100000 6 5
1.641E10
4.2499E11
100000 6 5
1.677E10
4.4132E11
100000 6 4
1.75E10
4.1109E11
100000 6 4
1.642E10
4.3102E11
100000 6 4
1.582E10
4.0203E11
100000 6 4
1.775E10
4.1896E11
100000 6 4
1.601E10
4.385E11
100000 6 4
1.694E10
4.5098E11
100000 6 5
1.699E10
4.1935E11
100000 6 4
1.76E10
4.3461E11
100000 6 4
1.678E10
4.4884E11
100000 6 4
1.604E10
4.1799E11
100000 6 5
1.617E10
4.1744E11
100000 6 4
1.676E10
4.1898E11
100000 6 4
1.635E10
4.1938E11
100000 6 4
1.592E10
4.2016E11
