100 6 2
507812.5
429687.5
100 6 1
546875.0
429687.5
100 6 2
546875.0
429687.5
100 6 2
546875.0
429687.5
100 6 1
546875.0
468750.0
100 6 2
546875.0
390625.0
100 6 2
507812.5
371093.75
100 6 2
507812.5
371093.75
100 6 1
507812.5
410156.25
100 6 1
546875.0
371093.75
100 6 1
546875.0
371093.75
100 6 2
546875.0
390625.0
100 6 1
585937.5
351562.5
100 6 1
585937.5
390625.0
100 6 1
507812.5
410156.25
100 6 1
546875.0
390625.0
100 6 1
546875.0
390625.0
100 6 2
546875.0
410156.25
100 6 2
546875.0
390625.0
100 6 1
546875.0
390625.0
100 6 1
585937.5
410156.25
100 6 1
546875.0
410156.25
100 6 2
546875.0
429687.5
100 6 2
546875.0
410156.25
100 6 2
585937.5
410156.25
100 6 1
546875.0
371093.75
100 6 1
507812.5
390625.0
100 6 1
546875.0
429687.5
100 6 2
546875.0
390625.0
100 6 2
585937.5
410156.25
100 6 2
585937.5
410156.25
100 6 2
585937.5
410156.25
177 6 2
1328125.0
1093750.0
177 6 2
1406250.0
1093750.0
177 6 2
1406250.0
1015625.0
177 6 2
1406250.0
1093750.0
177 6 2
1328125.0
1171875.0
177 6 2
1328125.0
1171875.0
177 6 2
1484375.0
1093750.0
177 6 2
1328125.0
1015625.0
177 6 2
1406250.0
1171875.0
177 6 2
1328125.0
1093750.0
177 6 2
1406250.0
1015625.0
177 6 2
1328125.0
1171875.0
177 6 2
1406250.0
1093750.0
177 6 2
1406250.0
1171875.0
177 6 2
1328125.0
1093750.0
177 6 2
1406250.0
1093750.0
177 6 2
1406250.0
1093750.0
177 6 1
1328125.0
1250000.0
177 6 2
1406250.0
1171875.0
177 6 2
1406250.0
1093750.0
177 6 2
1484375.0
1171875.0
177 6 2
1406250.0
1171875.0
177 6 2
1406250.0
1093750.0
177 6 1
1328125.0
1171875.0
177 6 2
1484375.0
1015625.0
177 6 2
1406250.0
1093750.0
177 6 2
1328125.0
1171875.0
177 6 2
1406250.0
1171875.0
177 6 2
1484375.0
1171875.0
177 6 2
1406250.0
1093750.0
177 6 1
1406250.0
1093750.0
177 6 2
1406250.0
1093750.0
316 6 2
3437500.0
3750000.0
316 6 2
3437500.0
2968750.0
316 6 2
3437500.0
3437500.0
316 6 2
3437500.0
3437500.0
316 6 2
3437500.0
3437500.0
316 6 2
3750000.0
4062500.0
316 6 2
3750000.0
3593750.0
316 6 2
3750000.0
3437500.0
316 6 2
3437500.0
4375000.0
316 6 2
3437500.0
4062500.0
316 6 2
3750000.0
4062500.0
316 6 2
3437500.0
3750000.0
316 6 2
3750000.0
3750000.0
316 6 2
3437500.0
3437500.0
316 6 2
3750000.0
3750000.0
316 6 2
3437500.0
3437500.0
316 6 2
3437500.0
3281250.0
316 6 2
3437500.0
3437500.0
316 6 2
3437500.0
3281250.0
316 6 2
3437500.0
3125000.0
316 6 2
3437500.0
3125000.0
316 6 2
3437500.0
3125000.0
316 6 2
3437500.0
3437500.0
316 6 2
3437500.0
2968750.0
316 6 2
3437500.0
3281250.0
316 6 2
3437500.0
3437500.0
316 6 2
3437500.0
3437500.0
316 6 2
3437500.0
3125000.0
316 6 2
3750000.0
3593750.0
316 6 2
3750000.0
2812500.0
316 6 2
3906250.0
3125000.0
316 6 2
3750000.0
3125000.0
562 6 2
8750000.0
8750000.0
562 6 2
8750000.0
8125000.0
562 6 2
8750000.0
9375000.0
562 6 2
8750000.0
8750000.0
562 6 2
8125000.0
8750000.0
562 6 2
8125000.0
9375000.0
562 6 2
8125000.0
8750000.0
562 6 2
8125000.0
1.0E7
562 6 2
8750000.0
9375000.0
562 6 2
8750000.0
1.0E7
562 6 2
8750000.0
9375000.0
562 6 2
8125000.0
1.0E7
562 6 2
8750000.0
8750000.0
562 6 2
8125000.0
8750000.0
562 6 2
8750000.0
8750000.0
562 6 2
9375000.0
8750000.0
562 6 2
8125000.0
9375000.0
562 6 2
8125000.0
8125000.0
562 6 2
8750000.0
1.0E7
562 6 2
8750000.0
8750000.0
562 6 2
8125000.0
9375000.0
562 6 2
8125000.0
1.0E7
562 6 2
1.0E7
8750000.0
562 6 2
8750000.0
1.0E7
562 6 2
8750000.0
8750000.0
562 6 2
8750000.0
9375000.0
562 6 2
8750000.0
9375000.0
562 6 2
8750000.0
9375000.0
562 6 2
1.0E7
8750000.0
562 6 2
9375000.0
9375000.0
562 6 2
7500000.0
8125000.0
562 6 2
8750000.0
8125000.0
1000 6 2
2.0E7
2.75E7
1000 6 2
2.0E7
2.75E7
1000 6 2
2.125E7
2.75E7
1000 6 2
2.125E7
2.5E7
1000 6 2
2.0E7
3.25E7
1000 6 2
2.125E7
2.75E7
1000 6 2
1.875E7
2.75E7
1000 6 2
2.0E7
2.5E7
1000 6 2
2.25E7
2.75E7
1000 6 2
2.125E7
2.75E7
1000 6 2
2.125E7
3.0E7
1000 6 2
2.125E7
3.25E7
1000 6 3
2.0E7
2.875E7
1000 6 2
2.125E7
2.75E7
1000 6 2
2.125E7
3.0E7
1000 6 2
2.0E7
3.0E7
1000 6 2
2.0E7
3.0E7
1000 6 2
2.0E7
3.0E7
1000 6 2
2.125E7
2.75E7
1000 6 2
2.125E7
2.75E7
1000 6 2
2.125E7
3.0E7
1000 6 2
2.0E7
2.75E7
1000 6 2
2.125E7
2.75E7
1000 6 2
2.125E7
2.75E7
1000 6 2
2.125E7
2.75E7
1000 6 2
2.375E7
3.0E7
1000 6 3
2.5E7
2.75E7
1000 6 2
2.125E7
3.0E7
1000 6 2
2.0E7
2.75E7
1778 6 2
5.5E7
6.5E7
1000 6 2
2.25E7
2.375E7
1000 6 2
2.125E7
2.5E7
1000 6 2
2.25E7
2.625E7
1778 6 3
5.0E7
6.5E7
1778 6 2
5.0E7
7.0E7
1778 6 2
5.0E7
7.0E7
1778 6 2
5.0E7
7.5E7
1778 6 3
5.0E7
8.0E7
1778 6 2
5.0E7
8.5E7
1778 6 2
5.0E7
8.5E7
1778 6 2
4.75E7
7.5E7
1778 6 2
4.75E7
7.5E7
1778 6 2
5.0E7
1.1E8
1778 6 2
4.75E7
8.0E7
1778 6 2
5.0E7
8.0E7
1778 6 2
5.0E7
8.0E7
1778 6 2
5.0E7
8.0E7
1778 6 3
4.75E7
8.0E7
1778 6 3
4.75E7
8.0E7
1778 6 3
4.75E7
8.0E7
1778 6 2
4.75E7
7.5E7
1778 6 2
4.75E7
8.5E7
1778 6 3
5.0E7
8.5E7
1778 6 2
5.0E7
7.0E7
1778 6 3
4.75E7
7.5E7
1778 6 3
4.75E7
7.0E7
1778 6 3
4.75E7
8.0E7
1778 6 2
5.25E7
7.5E7
1778 6 2
5.25E7
8.0E7
1778 6 2
5.25E7
8.0E7
1778 6 2
4.75E7
7.0E7
3162 6 2
1.2E8
2.4E8
1778 6 2
5.25E7
1.0E8
3162 6 3
1.3E8
2.6E8
1778 6 3
5.25E7
1.1E8
3162 6 3
1.2E8
2.4E8
3162 6 3
1.2E8
2.5E8
3162 6 3
1.1E8
3.2E8
3162 6 3
1.2E8
3.0E8
3162 6 3
1.2E8
3.0E8
1778 6 2
5.0E7
1.05E8
3162 6 3
1.2E8
3.4E8
3162 6 3
1.1E8
3.0E8
3162 6 3
1.2E8
2.9E8
3162 6 3
1.1E8
2.6E8
3162 6 2
1.2E8
2.6E8
3162 6 3
1.2E8
3.4E8
3162 6 3
1.2E8
2.6E8
3162 6 3
1.3E8
3.2E8
3162 6 3
1.2E8
2.5E8
3162 6 3
1.2E8
2.7E8
3162 6 3
1.2E8
3.4E8
3162 6 3
1.3E8
2.9E8
3162 6 3
1.2E8
3.3E8
3162 6 2
1.2E8
3.1E8
3162 6 2
1.2E8
3.1E8
3162 6 3
1.2E8
3.1E8
3162 6 3
1.6E8
2.7E8
3162 6 3
1.2E8
2.9E8
3162 6 3
1.3E8
2.5E8
3162 6 3
1.6E8
2.5E8
3162 6 3
1.2E8
3.0E8
3162 6 3
1.3E8
2.1E8
3162 6 3
1.3E8
1.9E8
3162 6 3
1.1E8
2.9E8
3162 6 3
1.3E8
2.1E8
5623 6 3
2.7E8
8.4E8
5623 6 3
2.6E8
9.8E8
5623 6 3
2.6E8
9.4E8
5623 6 3
2.5E8
9.4E8
5623 6 3
2.5E8
9.6E8
5623 6 3
2.6E8
8.6E8
5623 6 3
2.5E8
1.01E9
5623 6 3
2.6E8
8.6E8
5623 6 3
2.7E8
8.7E8
5623 6 3
2.7E8
8.7E8
5623 6 3
2.6E8
1.0E9
5623 6 3
2.7E8
1.05E9
5623 6 3
2.6E8
8.7E8
5623 6 3
2.6E8
1.03E9
5623 6 3
2.5E8
9.6E8
5623 6 3
2.5E8
1.05E9
5623 6 3
2.6E8
1.0E9
5623 6 3
2.6E8
9.2E8
5623 6 3
2.6E8
1.0E9
5623 6 3
2.7E8
9.9E8
5623 6 3
2.6E8
1.04E9
5623 6 3
2.6E8
9.8E8
5623 6 3
2.5E8
9.9E8
5623 6 3
2.8E8
1.03E9
5623 6 3
2.6E8
1.04E9
5623 6 3
2.6E8
1.06E9
5623 6 3
2.8E8
9.6E8
5623 6 3
2.6E8
9.8E8
5623 6 3
2.9E8
7.7E8
5623 6 3
2.9E8
9.4E8
5623 6 3
2.8E8
7.8E8
5623 6 3
3.3E8
9.0E8
10000 6 3
5.9E8
2.75E9
10000 6 3
5.9E8
3.02E9
10000 6 3
6.0E8
3.08E9
10000 6 3
5.9E8
3.2E9
10000 6 3
5.7E8
3.21E9
10000 6 3
5.8E8
2.97E9
10000 6 3
5.9E8
3.29E9
10000 6 3
5.7E8
3.12E9
10000 6 3
5.9E8
2.96E9
10000 6 3
5.9E8
2.96E9
10000 6 3
6.0E8
3.24E9
10000 6 3
6.1E8
3.3E9
10000 6 3
5.8E8
3.28E9
10000 6 3
5.9E8
3.37E9
10000 6 3
5.9E8
3.25E9
10000 6 3
6.2E8
3.07E9
10000 6 3
6.0E8
3.42E9
10000 6 3
6.0E8
3.12E9
10000 6 3
6.0E8
3.42E9
10000 6 3
6.1E8
3.14E9
10000 6 3
6.0E8
3.45E9
10000 6 4
6.1E8
3.29E9
10000 6 3
6.6E8
3.32E9
10000 6 3
6.1E8
3.16E9
10000 6 4
5.9E8
3.31E9
10000 6 3
6.2E8
3.02E9
10000 6 3
6.1E8
3.18E9
10000 6 3
6.4E8
3.33E9
10000 6 3
6.1E8
3.41E9
10000 6 3
6.5E8
3.33E9
10000 6 3
7.3E8
3.09E9
10000 6 3
8.7E8
2.92E9
17782 6 3
1.37E9
9.01E9
17782 6 3
1.38E9
9.05E9
17782 6 3
1.37E9
1.006E10
17782 6 3
1.41E9
1.036E10
17782 6 4
1.31E9
1.064E10
17782 6 3
1.49E9
9.83E9
17782 6 4
1.41E9
1.055E10
17782 6 3
1.44E9
1.08E10
17782 6 3
1.5E9
1.07E10
17782 6 3
1.33E9
1.051E10
17782 6 4
1.34E9
1.084E10
17782 6 3
1.36E9
1.076E10
17782 6 3
1.41E9
1.073E10
17782 6 3
1.34E9
1.115E10
17782 6 3
1.27E9
1.185E10
17782 6 3
1.3E9
1.157E10
17782 6 3
1.44E9
1.088E10
17782 6 4
1.3E9
1.146E10
17782 6 3
1.34E9
1.145E10
17782 6 3
1.28E9
1.119E10
17782 6 3
1.33E9
1.106E10
17782 6 3
1.43E9
1.123E10
17782 6 3
1.27E9
1.172E10
17782 6 3
1.35E9
1.194E10
17782 6 3
1.34E9
1.201E10
17782 6 3
1.5E9
1.147E10
17782 6 3
1.41E9
1.122E10
17782 6 3
1.44E9
1.189E10
17782 6 3
1.36E9
1.197E10
17782 6 3
1.29E9
1.168E10
17782 6 3
1.35E9
1.133E10
17782 6 3
1.35E9
1.147E10
31622 6 4
3.15E9
3.581E10
31622 6 4
3.05E9
3.704E10
31622 6 3
3.48E9
4.012E10
31622 6 4
3.69E9
4.052E10
31622 6 4
3.36E9
4.222E10
31622 6 4
3.39E9
4.211E10
31622 6 4
3.29E9
4.121E10
31622 6 4
3.75E9
4.273E10
31622 6 4
3.18E9
4.537E10
31622 6 4
3.96E9
4.352E10
31622 6 4
3.14E9
4.456E10
31622 6 4
3.18E9
4.742E10
31622 6 4
3.13E9
4.78E10
31622 6 4
3.04E9
4.757E10
31622 6 3
3.13E9
4.66E10
31622 6 4
3.26E9
5.093E10
31622 6 4
3.08E9
5.124E10
31622 6 4
3.26E9
5.056E10
31622 6 4
2.99E9
5.107E10
31622 6 4
3.29E9
5.225E10
31622 6 4
3.36E9
5.09E10
31622 6 3
3.15E9
5.343E10
31622 6 4
3.1E9
5.46E10
31622 6 4
3.03E9
5.514E10
31622 6 4
3.08E9
5.64E10
31622 6 4
3.36E9
5.617E10
31622 6 4
3.26E9
5.675E10
31622 6 4
3.12E9
5.766E10
31622 6 4
3.16E9
5.878E10
31622 6 4
3.4E9
5.959E10
31622 6 4
3.03E9
6.126E10
31622 6 4
3.47E9
6.471E10
56234 6 4
7.32E9
1.3747E11
56234 6 4
7.39E9
1.3369E11
56234 6 4
7.58E9
1.3587E11
56234 6 4
7.17E9
1.3169E11
56234 6 4
7.11E9
1.4314E11
56234 6 4
7.83E9
1.4767E11
56234 6 4
7.68E9
1.3428E11
56234 6 4
7.79E9
1.4248E11
56234 6 4
7.51E9
1.3879E11
56234 6 4
7.45E9
1.5024E11
56234 6 4
7.52E9
1.5239E11
56234 6 4
7.23E9
1.4609E11
56234 6 4
7.28E9
1.5918E11
56234 6 4
7.61E9
1.5121E11
56234 6 4
7.54E9
1.5406E11
56234 6 4
7.43E9
1.4733E11
56234 6 4
7.54E9
1.4278E11
56234 6 4
7.54E9
1.5013E11
56234 6 4
8.55E9
1.4976E11
56234 6 4
7.67E9
1.5612E11
56234 6 4
7.35E9
1.5083E11
56234 6 4
7.47E9
1.6206E11
56234 6 4
7.35E9
1.6406E11
56234 6 4
7.48E9
1.5396E11
56234 6 4
7.26E9
1.4818E11
56234 6 4
7.86E9
1.5605E11
56234 6 4
7.74E9
1.5656E11
56234 6 4
6.93E9
1.5092E11
56234 6 4
7.44E9
1.6198E11
56234 6 4
7.53E9
1.6004E11
56234 6 5
8.42E9
1.5843E11
56234 6 4
8.7E9
1.6789E11
100000 6 4
1.775E10
4.1113E11
100000 6 4
1.653E10
4.0984E11
100000 6 4
1.709E10
4.5125E11
100000 6 4
1.643E10
4.394E11
100000 6 4
1.752E10
4.4449E11
100000 6 4
1.625E10
4.7126E11
100000 6 4
1.66E10
4.6912E11
100000 6 4
1.708E10
4.6456E11
100000 6 5
1.712E10
4.7921E11
100000 6 4
1.695E10
4.8684E11
100000 6 4
1.76E10
4.6183E11
100000 6 4
1.734E10
4.7389E11
100000 6 5
1.63E10
4.746E11
100000 6 4
1.73E10
4.736E11
100000 6 4
1.734E10
4.7771E11
100000 6 4
1.51E10
4.5782E11
100000 6 4
1.586E10
4.8027E11
100000 6 4
1.756E10
5.036E11
100000 6 4
1.672E10
4.9748E11
100000 6 4
1.83E10
4.766E11
100000 6 4
1.814E10
4.8823E11
100000 6 4
1.687E10
4.8262E11
100000 6 4
1.695E10
5.068E11
100000 6 4
1.666E10
5.1404E11
100000 6 4
1.847E10
5.0596E11
100000 6 4
1.644E10
5.0836E11
100000 6 4
1.659E10
5.0577E11
100000 6 4
1.825E10
5.0008E11
100000 6 4
1.611E10
5.1016E11
100000 6 5
1.692E10
5.1455E11
100000 6 4
1.703E10
5.1481E11
100000 6 5
1.643E10
5.3438E11
