100 6 1
546875.0
429687.5
100 6 1
546875.0
429687.5
100 6 1
585937.5
429687.5
100 6 1
546875.0
429687.5
100 6 1
585937.5
429687.5
100 6 1
546875.0
429687.5
100 6 1
546875.0
429687.5
100 6 1
546875.0
429687.5
100 6 1
546875.0
429687.5
100 6 1
507812.5
390625.0
100 6 1
507812.5
390625.0
100 6 1
546875.0
410156.25
100 6 1
546875.0
390625.0
100 6 1
546875.0
390625.0
100 6 1
546875.0
390625.0
100 6 1
546875.0
371093.75
100 6 1
585937.5
390625.0
100 6 1
546875.0
410156.25
100 6 1
546875.0
390625.0
100 6 1
507812.5
390625.0
100 6 1
546875.0
390625.0
100 6 1
546875.0
371093.75
100 6 1
507812.5
390625.0
100 6 1
546875.0
390625.0
100 6 1
546875.0
390625.0
100 6 1
585937.5
390625.0
100 6 1
546875.0
390625.0
100 6 1
546875.0
390625.0
100 6 1
546875.0
371093.75
100 6 1
546875.0
371093.75
100 6 1
507812.5
410156.25
100 6 1
625000.0
371093.75
177 6 1
1406250.0
1015625.0
177 6 1
1406250.0
1015625.0
177 6 1
1328125.0
1015625.0
177 6 1
1484375.0
1093750.0
177 6 1
1406250.0
1093750.0
177 6 1
1406250.0
1250000.0
177 6 1
1406250.0
1015625.0
177 6 1
1406250.0
1093750.0
177 6 1
1406250.0
1093750.0
177 6 1
1406250.0
859375.0
177 6 1
1328125.0
937500.0
177 6 1
1406250.0
1171875.0
177 6 1
1406250.0
1171875.0
177 6 1
1328125.0
1093750.0
177 6 1
1328125.0
1093750.0
177 6 1
1328125.0
1093750.0
177 6 1
1406250.0
1093750.0
177 6 1
1328125.0
1093750.0
177 6 1
1406250.0
1015625.0
177 6 1
1328125.0
1093750.0
177 6 1
1484375.0
1093750.0
177 6 1
1250000.0
1171875.0
177 6 1
1328125.0
1093750.0
177 6 1
1406250.0
1093750.0
177 6 1
1406250.0
1093750.0
177 6 1
1406250.0
1015625.0
177 6 1
1406250.0
1015625.0
177 6 1
1406250.0
1250000.0
177 6 1
1406250.0
1093750.0
177 6 1
1406250.0
1015625.0
177 6 1
1406250.0
1093750.0
177 6 1
1406250.0
1015625.0
316 6 1
4062500.0
3437500.0
316 6 1
3437500.0
3750000.0
316 6 1
3437500.0
3593750.0
316 6 1
3437500.0
3750000.0
316 6 1
4375000.0
3437500.0
316 6 1
3750000.0
3281250.0
316 6 1
3437500.0
4062500.0
316 6 1
3437500.0
3750000.0
316 6 1
3437500.0
2968750.0
316 6 1
3437500.0
3750000.0
316 6 1
3437500.0
4062500.0
316 6 1
3750000.0
4062500.0
316 6 1
3750000.0
3750000.0
316 6 1
3750000.0
3437500.0
316 6 1
3750000.0
3437500.0
316 6 1
3437500.0
3281250.0
316 6 1
3437500.0
3437500.0
316 6 1
3437500.0
3593750.0
316 6 1
3437500.0
2968750.0
316 6 1
3750000.0
3437500.0
316 6 1
3750000.0
3125000.0
316 6 1
3750000.0
3125000.0
316 6 1
3437500.0
2968750.0
316 6 1
3750000.0
3125000.0
316 6 1
3437500.0
3281250.0
316 6 1
3750000.0
3125000.0
316 6 1
3750000.0
3125000.0
316 6 1
3750000.0
3281250.0
316 6 1
3437500.0
3281250.0
316 6 1
3437500.0
2968750.0
316 6 1
3750000.0
3125000.0
316 6 1
3437500.0
2968750.0
562 6 1
8750000.0
8750000.0
562 6 1
8125000.0
1.0E7
562 6 1
8125000.0
1.0625E7
562 6 1
8125000.0
1.0E7
562 6 1
8750000.0
1.0625E7
562 6 1
8750000.0
8750000.0
562 6 1
8125000.0
1.0625E7
562 6 1
8750000.0
9375000.0
562 6 1
8125000.0
1.0625E7
562 6 1
9375000.0
9375000.0
562 6 1
8750000.0
1.0E7
562 6 1
8750000.0
1.0625E7
562 6 1
8750000.0
1.0E7
562 6 1
8750000.0
9375000.0
562 6 1
8750000.0
1.0625E7
562 6 1
7500000.0
1.0625E7
562 6 1
8125000.0
9375000.0
562 6 1
8125000.0
1.0E7
562 6 1
9375000.0
1.0E7
562 6 1
7500000.0
8750000.0
562 6 1
8125000.0
8750000.0
562 6 1
8750000.0
8750000.0
562 6 1
8750000.0
8750000.0
562 6 1
8125000.0
8750000.0
562 6 1
8750000.0
8750000.0
562 6 1
8750000.0
9375000.0
562 6 1
8125000.0
9375000.0
562 6 1
8125000.0
9375000.0
562 6 1
8125000.0
9375000.0
562 6 1
8750000.0
9375000.0
562 6 1
8750000.0
8750000.0
1000 6 1
2.0E7
2.75E7
562 6 1
8750000.0
9375000.0
1000 6 1
2.0E7
2.75E7
1000 6 1
2.0E7
3.0E7
1000 6 1
2.0E7
2.75E7
1000 6 1
2.0E7
3.5E7
1000 6 1
2.0E7
3.25E7
1000 6 1
2.0E7
2.75E7
1000 6 1
2.0E7
3.0E7
1000 6 1
1.875E7
3.25E7
1000 6 1
2.0E7
2.75E7
1000 6 1
2.0E7
3.0E7
1000 6 1
2.0E7
3.0E7
1000 6 1
2.125E7
2.75E7
1000 6 1
2.0E7
2.75E7
1000 6 1
2.0E7
2.75E7
1000 6 1
2.0E7
2.75E7
1000 6 1
2.0E7
3.0E7
1000 6 1
1.875E7
2.75E7
1000 6 1
2.125E7
2.75E7
1000 6 1
2.0E7
2.75E7
1000 6 1
2.25E7
2.75E7
1000 6 1
2.125E7
2.625E7
1000 6 1
2.0E7
2.75E7
1000 6 1
2.0E7
3.0E7
1000 6 1
2.25E7
2.75E7
1000 6 1
2.25E7
2.75E7
1000 6 1
2.125E7
2.75E7
1000 6 1
2.0E7
2.625E7
1000 6 1
2.125E7
3.25E7
1778 6 1
4.75E7
9.5E7
1000 6 1
2.125E7
3.125E7
1778 6 1
4.75E7
1.1E8
1778 6 1
4.75E7
1.1E8
1778 6 1
5.0E7
1.1E8
1000 6 1
2.125E7
2.75E7
1778 6 1
4.5E7
1.0E8
1778 6 1
4.75E7
8.5E7
1778 6 1
4.5E7
1.0E8
1778 6 1
4.75E7
9.0E7
1778 6 1
5.0E7
9.0E7
1778 6 1
4.75E7
9.0E7
1778 6 1
4.75E7
9.0E7
1778 6 1
4.75E7
9.5E7
1778 6 1
4.5E7
9.5E7
1778 6 1
5.0E7
1.05E8
1778 6 1
4.75E7
9.0E7
1000 6 1
2.0E7
3.25E7
1778 6 1
5.0E7
1.0E8
1778 6 1
4.75E7
8.5E7
1778 6 1
4.5E7
9.0E7
1778 6 1
4.75E7
1.1E8
1778 6 1
4.75E7
9.5E7
1778 6 1
4.75E7
1.0E8
1778 6 1
4.75E7
1.0E8
1778 6 1
5.5E7
9.0E7
1778 6 1
5.5E7
9.5E7
1778 6 1
5.0E7
9.0E7
1778 6 1
4.5E7
9.5E7
1778 6 1
4.75E7
1.15E8
1778 6 1
6.5E7
1.15E8
1778 6 1
6.5E7
1.05E8
1778 6 1
6.5E7
9.0E7
1778 6 1
5.5E7
1.1E8
3162 6 1
1.1E8
3.4E8
3162 6 1
1.1E8
3.1E8
3162 6 1
1.2E8
4.0E8
3162 6 1
1.2E8
3.8E8
1778 6 1
5.0E7
9.5E7
3162 6 1
1.2E8
3.2E8
3162 6 1
1.2E8
4.0E8
3162 6 1
1.1E8
3.1E8
3162 6 1
1.1E8
3.8E8
3162 6 1
1.2E8
3.2E8
3162 6 1
1.2E8
3.0E8
3162 6 1
1.3E8
3.8E8
3162 6 1
1.1E8
2.8E8
3162 6 1
1.2E8
3.2E8
3162 6 1
1.2E8
3.1E8
3162 6 1
1.1E8
3.6E8
3162 6 1
1.1E8
3.0E8
3162 6 1
1.2E8
3.5E8
3162 6 1
1.2E8
3.7E8
3162 6 1
1.1E8
3.1E8
3162 6 1
1.1E8
2.9E8
3162 6 1
1.4E8
3.4E8
3162 6 1
1.2E8
2.8E8
3162 6 1
1.2E8
2.9E8
3162 6 1
1.3E8
3.2E8
3162 6 1
1.3E8
3.1E8
3162 6 1
1.1E8
2.9E8
3162 6 1
1.1E8
2.7E8
3162 6 1
1.4E8
2.9E8
3162 6 1
1.3E8
2.8E8
3162 6 1
1.4E8
2.8E8
3162 6 1
1.2E8
2.8E8
3162 6 1
1.3E8
3.0E8
5623 6 1
2.6E8
1.06E9
5623 6 1
2.6E8
1.09E9
5623 6 1
2.5E8
1.2E9
5623 6 1
2.5E8
1.14E9
5623 6 1
2.6E8
1.22E9
5623 6 1
2.6E8
1.09E9
5623 6 1
2.6E8
1.21E9
5623 6 1
2.7E8
1.29E9
5623 6 1
2.6E8
1.07E9
5623 6 1
2.5E8
1.07E9
5623 6 1
2.5E8
1.34E9
5623 6 1
2.8E8
1.26E9
5623 6 1
2.5E8
1.14E9
5623 6 1
2.6E8
1.29E9
5623 6 1
2.6E8
1.3E9
5623 6 1
2.6E8
1.25E9
5623 6 1
2.6E8
1.31E9
5623 6 1
2.6E8
1.37E9
5623 6 1
2.8E8
1.18E9
5623 6 1
2.8E8
1.16E9
5623 6 1
2.7E8
1.32E9
5623 6 1
2.6E8
1.27E9
5623 6 1
2.6E8
1.29E9
5623 6 1
2.7E8
1.22E9
5623 6 1
2.5E8
1.29E9
5623 6 1
2.9E8
1.01E9
5623 6 1
2.9E8
1.2E9
5623 6 1
2.6E8
1.36E9
5623 6 1
2.6E8
1.35E9
5623 6 1
2.8E8
1.34E9
5623 6 1
2.7E8
1.3E9
5623 6 1
3.0E8
1.18E9
10000 6 1
5.9E8
3.85E9
10000 6 1
5.8E8
3.99E9
10000 6 1
5.8E8
3.76E9
10000 6 1
5.8E8
3.92E9
10000 6 1
5.7E8
4.02E9
10000 6 1
5.9E8
3.73E9
10000 6 1
6.1E8
3.77E9
10000 6 1
5.7E8
4.13E9
10000 6 1
5.8E8
4.31E9
10000 6 1
5.9E8
4.54E9
10000 6 1
5.7E8
4.28E9
10000 6 1
5.7E8
4.19E9
10000 6 1
5.8E8
4.45E9
10000 6 1
5.8E8
4.37E9
10000 6 1
5.8E8
4.41E9
10000 6 1
5.8E8
3.97E9
10000 6 1
5.8E8
4.56E9
10000 6 1
5.7E8
4.55E9
10000 6 1
5.7E8
4.51E9
10000 6 1
5.8E8
4.33E9
10000 6 1
5.8E8
4.37E9
10000 6 1
5.9E8
4.38E9
10000 6 1
6.0E8
4.21E9
10000 6 1
5.8E8
4.77E9
10000 6 1
5.8E8
4.76E9
10000 6 1
5.8E8
4.45E9
10000 6 1
5.9E8
4.84E9
10000 6 1
6.0E8
4.77E9
10000 6 1
5.9E8
4.67E9
10000 6 1
6.1E8
4.64E9
10000 6 1
6.5E8
4.74E9
10000 6 1
6.1E8
4.6E9
17782 6 1
1.41E9
1.4E10
17782 6 1
1.31E9
1.386E10
17782 6 1
1.37E9
1.503E10
17782 6 1
1.29E9
1.498E10
17782 6 1
1.34E9
1.58E10
17782 6 1
1.3E9
1.568E10
17782 6 1
1.3E9
1.581E10
17782 6 1
1.33E9
1.656E10
17782 6 1
1.3E9
1.587E10
17782 6 1
1.34E9
1.567E10
17782 6 1
1.29E9
1.685E10
17782 6 1
1.34E9
1.653E10
17782 6 1
1.28E9
1.641E10
17782 6 1
1.31E9
1.625E10
17782 6 1
1.39E9
1.642E10
17782 6 1
1.3E9
1.632E10
17782 6 1
1.34E9
1.692E10
17782 6 1
1.26E9
1.652E10
17782 6 1
1.28E9
1.682E10
17782 6 1
1.31E9
1.695E10
17782 6 1
1.3E9
1.691E10
17782 6 1
1.28E9
1.7E10
17782 6 1
1.25E9
1.705E10
17782 6 1
1.34E9
1.635E10
17782 6 1
1.31E9
1.734E10
17782 6 1
1.23E9
1.732E10
17782 6 1
1.34E9
1.705E10
17782 6 1
1.42E9
1.671E10
17782 6 1
1.33E9
1.746E10
17782 6 1
1.35E9
1.789E10
17782 6 1
1.31E9
1.857E10
17782 6 1
1.33E9
1.83E10
31622 6 1
2.98E9
5.017E10
31622 6 1
2.94E9
5.079E10
31622 6 1
3.11E9
5.793E10
31622 6 1
3.04E9
5.754E10
31622 6 1
3.01E9
5.665E10
31622 6 1
3.77E9
5.575E10
31622 6 1
3.04E9
5.67E10
31622 6 1
3.04E9
5.769E10
31622 6 1
3.12E9
5.887E10
31622 6 1
3.15E9
5.941E10
31622 6 1
3.13E9
6.09E10
31622 6 1
2.98E9
6.245E10
31622 6 1
2.96E9
5.919E10
31622 6 1
3.63E9
5.856E10
31622 6 1
3.19E9
5.985E10
31622 6 1
2.99E9
6.174E10
31622 6 1
3.04E9
6.083E10
31622 6 1
3.02E9
6.126E10
31622 6 1
3.03E9
6.103E10
31622 6 1
3.12E9
5.956E10
31622 6 1
3.12E9
6.118E10
31622 6 1
3.32E9
5.949E10
31622 6 1
2.9E9
6.302E10
31622 6 1
2.9E9
6.363E10
31622 6 1
3.12E9
6.262E10
31622 6 1
3.04E9
6.404E10
31622 6 1
2.94E9
6.489E10
31622 6 1
3.03E9
6.241E10
31622 6 1
3.11E9
6.367E10
31622 6 1
3.02E9
6.501E10
31622 6 1
2.98E9
6.477E10
31622 6 1
3.03E9
6.557E10
56234 6 1
7.08E9
1.9426E11
56234 6 1
6.78E9
2.0117E11
56234 6 1
6.49E9
2.2202E11
56234 6 1
6.43E9
2.3363E11
56234 6 1
6.61E9
2.3035E11
56234 6 1
6.93E9
2.2245E11
56234 6 1
6.8E9
2.2358E11
56234 6 1
6.81E9
2.2788E11
56234 6 1
6.76E9
2.3005E11
56234 6 1
6.71E9
2.4134E11
56234 6 1
6.63E9
2.4697E11
56234 6 1
6.68E9
2.5004E11
56234 6 1
6.87E9
2.5036E11
56234 6 1
6.72E9
2.5612E11
56234 6 1
6.86E9
2.5917E11
56234 6 1
6.71E9
2.5627E11
56234 6 1
7.15E9
2.5777E11
56234 6 1
6.74E9
2.7227E11
56234 6 1
7.03E9
2.7461E11
56234 6 1
6.86E9
2.8854E11
56234 6 1
7.21E9
2.831E11
56234 6 1
6.98E9
2.9056E11
56234 6 1
6.78E9
2.9539E11
56234 6 1
6.91E9
3.0039E11
56234 6 1
6.9E9
3.0243E11
56234 6 1
6.84E9
3.0205E11
56234 6 1
7.17E9
3.0266E11
56234 6 1
7.44E9
3.0252E11
56234 6 1
7.27E9
3.0599E11
56234 6 1
6.66E9
3.1082E11
56234 6 1
6.51E9
3.2278E11
56234 6 1
6.74E9
3.2514E11
100000 6 1
1.443E10
7.7888E11
100000 6 1
1.44E10
8.3858E11
100000 6 1
1.466E10
8.2845E11
100000 6 1
1.446E10
8.4329E11
100000 6 1
1.454E10
8.4961E11
100000 6 1
1.483E10
7.8138E11
100000 6 1
1.458E10
8.5391E11
100000 6 1
1.571E10
8.2546E11
100000 6 1
1.474E10
7.9277E11
100000 6 1
1.508E10
8.1943E11
100000 6 1
1.609E10
8.7728E11
100000 6 1
1.536E10
8.4444E11
100000 6 1
1.431E10
9.0305E11
100000 6 1
1.59E10
8.9108E11
100000 6 1
1.532E10
8.639E11
100000 6 1
1.47E10
9.1106E11
100000 6 1
1.576E10
8.8402E11
100000 6 1
1.598E10
8.8586E11
100000 6 1
1.519E10
8.5034E11
100000 6 1
1.557E10
8.4535E11
100000 6 1
1.509E10
9.0965E11
100000 6 1
1.549E10
8.4801E11
100000 6 1
1.65E10
8.6312E11
100000 6 1
1.592E10
9.192E11
100000 6 1
1.59E10
9.1491E11
100000 6 1
1.484E10
8.581E11
100000 6 1
1.499E10
8.8265E11
100000 6 1
1.494E10
9.1589E11
100000 6 1
1.587E10
8.9568E11
100000 6 1
1.507E10
9.1159E11
100000 6 1
1.627E10
8.9077E11
100000 6 1
1.589E10
9.0442E11
