100 7 1
546875.0
429687.5
100 7 1
585937.5
429687.5
100 7 1
546875.0
429687.5
100 7 1
507812.5
429687.5
100 7 2
546875.0
429687.5
100 7 1
546875.0
429687.5
100 7 1
546875.0
429687.5
100 7 1
546875.0
429687.5
100 7 1
585937.5
429687.5
100 7 2
546875.0
429687.5
100 7 1
585937.5
468750.0
100 7 1
585937.5
429687.5
100 7 2
585937.5
429687.5
100 7 1
625000.0
429687.5
100 7 1
625000.0
429687.5
100 7 1
625000.0
429687.5
100 7 1
546875.0
429687.5
100 7 2
625000.0
429687.5
100 7 1
585937.5
429687.5
100 7 1
625000.0
429687.5
100 7 1
585937.5
429687.5
100 7 1
546875.0
390625.0
100 7 2
546875.0
390625.0
100 7 1
546875.0
390625.0
100 7 2
585937.5
371093.75
100 7 1
546875.0
390625.0
100 7 1
546875.0
371093.75
100 7 1
546875.0
410156.25
100 7 1
546875.0
410156.25
100 7 1
585937.5
390625.0
100 7 1
625000.0
390625.0
100 7 1
585937.5
371093.75
177 7 1
1406250.0
1015625.0
177 7 1
1406250.0
1093750.0
177 7 1
1484375.0
1093750.0
177 7 2
1484375.0
1015625.0
177 7 1
1328125.0
1093750.0
177 7 1
1484375.0
1015625.0
177 7 2
1406250.0
1093750.0
177 7 1
1406250.0
1250000.0
177 7 1
1406250.0
1093750.0
177 7 1
1562500.0
1015625.0
177 7 2
1562500.0
1093750.0
177 7 1
1562500.0
1093750.0
177 7 2
1562500.0
1015625.0
177 7 1
1484375.0
1171875.0
177 7 1
1406250.0
1171875.0
177 7 2
1484375.0
1171875.0
177 7 1
1484375.0
1171875.0
177 7 1
1484375.0
1171875.0
177 7 1
1406250.0
1171875.0
177 7 1
1484375.0
1093750.0
177 7 2
1484375.0
1015625.0
177 7 1
1484375.0
1093750.0
177 7 1
1484375.0
1015625.0
177 7 2
1406250.0
937500.0
177 7 2
1484375.0
1015625.0
177 7 1
1484375.0
1015625.0
177 7 1
1562500.0
937500.0
177 7 2
1406250.0
1015625.0
177 7 2
1562500.0
1015625.0
177 7 2
1484375.0
1171875.0
177 7 2
1640625.0
1015625.0
177 7 1
1562500.0
937500.0
316 7 2
3437500.0
2968750.0
316 7 2
3750000.0
3125000.0
316 7 1
3437500.0
2968750.0
316 7 2
3437500.0
2968750.0
316 7 2
3437500.0
3125000.0
316 7 2
3750000.0
2968750.0
316 7 2
3750000.0
3125000.0
316 7 2
3750000.0
3125000.0
316 7 2
3750000.0
3281250.0
316 7 2
3437500.0
3437500.0
316 7 2
3437500.0
3281250.0
316 7 2
3437500.0
2968750.0
316 7 1
3750000.0
2812500.0
316 7 1
3437500.0
3125000.0
316 7 2
3437500.0
3437500.0
316 7 2
3437500.0
3125000.0
316 7 2
3750000.0
2968750.0
316 7 1
3750000.0
3437500.0
316 7 2
3437500.0
2812500.0
316 7 2
3750000.0
2812500.0
316 7 1
3750000.0
2968750.0
316 7 2
3750000.0
2968750.0
316 7 1
3750000.0
2968750.0
316 7 2
3750000.0
2968750.0
316 7 2
4062500.0
3125000.0
316 7 2
3750000.0
2968750.0
316 7 2
4062500.0
3125000.0
316 7 2
3750000.0
3437500.0
316 7 1
4062500.0
3281250.0
316 7 1
3750000.0
3125000.0
316 7 1
3750000.0
3281250.0
316 7 1
3750000.0
3125000.0
562 7 2
9375000.0
8750000.0
562 7 2
1.0E7
9375000.0
562 7 2
1.0E7
8125000.0
562 7 2
9375000.0
8125000.0
562 7 2
9375000.0
8750000.0
562 7 2
1.0E7
8750000.0
562 7 2
9375000.0
8125000.0
562 7 2
1.0E7
8125000.0
562 7 2
9375000.0
8750000.0
562 7 2
1.0625E7
8750000.0
562 7 2
1.0E7
1.0E7
562 7 2
1.0E7
8125000.0
562 7 2
9375000.0
8750000.0
562 7 2
1.0E7
8125000.0
562 7 2
9375000.0
8750000.0
562 7 2
9375000.0
9375000.0
562 7 2
1.0625E7
8750000.0
562 7 2
1.0E7
7500000.0
562 7 2
1.0E7
8750000.0
562 7 2
9375000.0
8125000.0
562 7 2
9375000.0
8750000.0
562 7 2
9375000.0
8125000.0
562 7 2
1.0E7
8750000.0
562 7 2
9375000.0
1.0E7
562 7 2
9375000.0
8750000.0
562 7 2
1.0E7
8750000.0
562 7 2
9375000.0
8750000.0
562 7 2
1.0E7
9375000.0
562 7 2
9375000.0
1.0625E7
562 7 2
9375000.0
9375000.0
562 7 2
9375000.0
8750000.0
562 7 2
1.0E7
1.25E7
1000 7 2
2.375E7
2.75E7
1000 7 2
2.25E7
3.25E7
1000 7 2
2.5E7
3.0E7
1000 7 2
2.5E7
2.75E7
1000 7 2
2.375E7
2.75E7
1000 7 2
2.375E7
2.75E7
1000 7 2
2.125E7
2.5E7
1000 7 2
2.375E7
2.5E7
1000 7 2
2.375E7
2.5E7
1000 7 2
2.375E7
2.375E7
1000 7 2
2.25E7
2.625E7
1000 7 2
2.375E7
2.375E7
1000 7 2
2.375E7
2.5E7
1000 7 2
2.5E7
2.625E7
1000 7 2
2.5E7
2.75E7
1000 7 2
2.5E7
2.75E7
1000 7 2
2.375E7
2.75E7
1000 7 2
2.5E7
3.0E7
1000 7 2
2.375E7
2.625E7
1000 7 2
2.625E7
2.875E7
1000 7 2
2.375E7
3.0E7
1778 7 2
6.0E7
1.2E8
1000 7 2
2.25E7
2.75E7
1000 7 2
2.25E7
2.75E7
1000 7 2
2.5E7
3.0E7
1778 7 2
5.5E7
9.5E7
1000 7 2
2.5E7
2.75E7
1000 7 2
2.5E7
2.75E7
1778 7 2
6.0E7
8.0E7
1778 7 2
5.5E7
8.5E7
1778 7 2
6.0E7
8.5E7
1000 7 2
2.5E7
2.375E7
1778 7 2
6.0E7
8.0E7
1778 7 2
6.0E7
1.1E8
1000 7 2
2.375E7
3.0E7
1000 7 2
2.5E7
3.0E7
1778 7 2
6.0E7
1.1E8
1778 7 2
6.0E7
9.5E7
1000 7 2
2.375E7
3.125E7
1778 7 2
6.0E7
8.5E7
1778 7 2
5.5E7
8.5E7
1000 7 2
2.375E7
2.625E7
1778 7 2
5.5E7
9.0E7
1778 7 2
6.0E7
8.5E7
1778 7 2
6.5E7
9.0E7
1778 7 2
6.0E7
9.5E7
1778 7 2
6.0E7
8.0E7
1778 7 2
5.5E7
1.1E8
1778 7 2
5.5E7
8.5E7
1778 7 2
5.5E7
9.0E7
1778 7 2
6.5E7
8.0E7
1778 7 2
6.0E7
9.0E7
1778 7 2
6.0E7
7.5E7
1000 7 2
2.25E7
2.75E7
1778 7 2
6.5E7
7.5E7
1778 7 2
6.5E7
8.0E7
1778 7 2
6.5E7
7.5E7
1778 7 2
6.0E7
9.0E7
1778 7 2
6.0E7
8.5E7
1778 7 2
6.5E7
9.0E7
1778 7 2
5.5E7
8.5E7
1778 7 2
6.5E7
8.5E7
1778 7 2
6.0E7
8.0E7
1778 7 2
6.0E7
1.0E8
3162 7 2
1.5E8
2.5E8
3162 7 2
1.5E8
2.9E8
3162 7 2
1.2E8
2.9E8
3162 7 2
1.5E8
3.2E8
3162 7 2
1.4E8
3.1E8
3162 7 2
1.4E8
2.8E8
3162 7 2
1.5E8
2.9E8
3162 7 2
1.4E8
3.1E8
3162 7 2
1.4E8
2.7E8
3162 7 2
1.5E8
2.8E8
3162 7 2
1.5E8
2.9E8
3162 7 2
1.4E8
2.9E8
3162 7 2
1.5E8
2.6E8
3162 7 2
1.4E8
2.8E8
3162 7 2
1.6E8
3.1E8
3162 7 2
1.5E8
2.6E8
3162 7 2
1.6E8
2.7E8
3162 7 2
1.4E8
2.5E8
3162 7 2
1.4E8
2.9E8
3162 7 2
1.4E8
3.1E8
3162 7 2
1.4E8
3.1E8
3162 7 2
1.5E8
2.8E8
3162 7 2
1.6E8
2.5E8
3162 7 2
1.5E8
2.7E8
3162 7 2
1.4E8
2.5E8
3162 7 2
1.4E8
2.5E8
3162 7 2
1.7E8
2.8E8
3162 7 2
1.5E8
2.4E8
3162 7 2
1.5E8
2.8E8
3162 7 2
1.3E8
2.6E8
3162 7 2
1.4E8
2.5E8
3162 7 2
1.4E8
2.4E8
5623 7 2
3.5E8
8.9E8
5623 7 2
3.4E8
9.4E8
5623 7 2
3.4E8
1.05E9
5623 7 2
3.4E8
1.11E9
5623 7 2
3.4E8
1.02E9
5623 7 2
3.4E8
1.22E9
5623 7 2
4.0E8
8.6E8
5623 7 2
3.7E8
9.2E8
5623 7 2
3.6E8
1.27E9
5623 7 2
3.6E8
8.8E8
5623 7 2
3.3E8
1.16E9
5623 7 2
3.3E8
1.17E9
5623 7 2
3.4E8
1.23E9
5623 7 2
3.9E8
9.5E8
5623 7 3
3.5E8
1.31E9
5623 7 2
3.4E8
1.32E9
5623 7 2
3.3E8
1.38E9
5623 7 2
3.4E8
1.23E9
5623 7 2
3.6E8
1.07E9
5623 7 2
3.3E8
1.39E9
5623 7 2
3.4E8
1.21E9
5623 7 2
3.4E8
1.35E9
5623 7 2
3.4E8
1.35E9
5623 7 2
3.4E8
1.32E9
5623 7 2
3.5E8
1.27E9
5623 7 2
3.4E8
1.41E9
5623 7 2
3.4E8
1.15E9
5623 7 2
4.1E8
1.21E9
5623 7 2
3.5E8
1.23E9
5623 7 2
3.5E8
1.19E9
5623 7 2
4.0E8
1.22E9
5623 7 2
3.5E8
1.24E9
10000 7 2
7.7E8
3.29E9
10000 7 2
7.8E8
3.25E9
10000 7 2
7.8E8
3.22E9
10000 7 2
7.9E8
3.39E9
10000 7 2
7.7E8
3.41E9
10000 7 3
7.9E8
3.54E9
10000 7 3
7.7E8
3.48E9
10000 7 2
7.8E8
3.49E9
10000 7 3
8.0E8
3.59E9
10000 7 2
7.7E8
3.59E9
10000 7 2
7.9E8
3.22E9
10000 7 3
8.7E8
3.16E9
10000 7 2
7.9E8
3.74E9
10000 7 2
7.7E8
4.04E9
10000 7 2
8.3E8
3.71E9
10000 7 2
7.9E8
3.77E9
10000 7 2
7.8E8
3.8E9
10000 7 2
8.2E8
3.75E9
10000 7 3
8.2E8
3.75E9
10000 7 2
7.8E8
4.02E9
10000 7 2
8.0E8
3.63E9
10000 7 2
7.9E8
4.22E9
10000 7 3
7.9E8
4.15E9
10000 7 3
7.8E8
4.1E9
10000 7 2
7.8E8
4.13E9
10000 7 2
7.9E8
4.46E9
10000 7 2
7.9E8
4.53E9
10000 7 2
7.9E8
4.46E9
10000 7 2
8.0E8
4.41E9
10000 7 2
8.1E8
4.38E9
10000 7 3
8.1E8
4.45E9
10000 7 2
8.5E8
4.38E9
17782 7 3
1.86E9
1.127E10
17782 7 2
1.84E9
1.161E10
17782 7 3
1.81E9
1.18E10
17782 7 3
1.85E9
1.178E10
17782 7 3
2.03E9
1.152E10
17782 7 3
1.84E9
1.22E10
17782 7 3
1.97E9
1.222E10
17782 7 2
1.87E9
1.227E10
17782 7 3
1.84E9
1.247E10
17782 7 2
1.82E9
1.34E10
17782 7 2
1.84E9
1.23E10
17782 7 3
1.84E9
1.282E10
17782 7 3
1.84E9
1.359E10
17782 7 3
1.8E9
1.426E10
17782 7 3
1.98E9
1.318E10
17782 7 3
2.01E9
1.307E10
17782 7 2
1.85E9
1.392E10
17782 7 3
1.71E9
1.439E10
17782 7 3
1.82E9
1.366E10
17782 7 3
1.82E9
1.404E10
17782 7 3
1.89E9
1.344E10
17782 7 3
1.87E9
1.335E10
17782 7 3
1.79E9
1.361E10
17782 7 2
1.9E9
1.347E10
17782 7 3
1.87E9
1.335E10
17782 7 3
1.86E9
1.365E10
17782 7 3
1.82E9
1.477E10
17782 7 2
1.91E9
1.375E10
17782 7 2
1.85E9
1.376E10
17782 7 3
1.84E9
1.38E10
17782 7 3
2.0E9
1.398E10
17782 7 3
1.92E9
1.379E10
31622 7 3
4.64E9
3.584E10
31622 7 3
4.43E9
3.887E10
31622 7 3
4.73E9
3.658E10
31622 7 3
4.23E9
4.323E10
31622 7 3
4.82E9
4.11E10
31622 7 3
4.38E9
4.046E10
31622 7 3
4.2E9
4.027E10
31622 7 3
4.72E9
4.222E10
31622 7 3
4.3E9
4.694E10
31622 7 3
4.29E9
4.395E10
31622 7 3
5.1E9
4.355E10
31622 7 3
4.42E9
4.433E10
31622 7 3
4.55E9
4.433E10
31622 7 3
4.97E9
4.524E10
31622 7 3
4.7E9
4.584E10
31622 7 3
4.39E9
4.658E10
31622 7 3
4.37E9
4.828E10
31622 7 3
4.38E9
4.799E10
31622 7 3
4.2E9
4.658E10
31622 7 3
4.65E9
4.692E10
31622 7 3
4.67E9
4.617E10
31622 7 3
4.49E9
4.612E10
31622 7 3
4.66E9
4.66E10
31622 7 3
4.82E9
4.669E10
31622 7 3
4.55E9
4.811E10
31622 7 3
4.61E9
4.656E10
31622 7 3
4.85E9
4.726E10
31622 7 3
4.49E9
4.884E10
31622 7 3
4.48E9
4.895E10
31622 7 3
4.26E9
4.837E10
31622 7 3
4.28E9
5.136E10
31622 7 3
4.43E9
4.859E10
56234 7 3
1.084E10
1.0992E11
56234 7 3
1.01E10
1.3015E11
56234 7 3
1.095E10
1.3436E11
56234 7 3
9.96E9
1.4277E11
56234 7 3
1.01E10
1.4264E11
56234 7 3
9.6E9
1.5722E11
56234 7 3
1.019E10
1.6535E11
56234 7 3
1.093E10
1.5295E11
56234 7 3
9.91E9
1.6329E11
56234 7 3
1.017E10
1.5744E11
56234 7 3
9.78E9
1.6585E11
56234 7 3
1.012E10
1.6495E11
56234 7 3
9.87E9
1.6868E11
56234 7 3
1.078E10
1.6429E11
56234 7 3
1.15E10
1.6797E11
56234 7 3
1.028E10
1.6957E11
56234 7 3
1.035E10
1.7697E11
56234 7 3
1.037E10
1.795E11
56234 7 3
1.021E10
1.7104E11
56234 7 3
9.46E9
1.8101E11
56234 7 3
9.54E9
1.781E11
56234 7 3
9.99E9
1.8969E11
56234 7 3
9.67E9
1.8189E11
56234 7 3
1.063E10
1.7778E11
56234 7 3
1.039E10
1.7908E11
56234 7 3
1.108E10
1.7888E11
56234 7 3
1.044E10
1.8403E11
56234 7 3
1.059E10
1.9054E11
56234 7 3
9.44E9
2.0173E11
56234 7 3
1.095E10
1.9639E11
56234 7 3
1.05E10
1.9951E11
56234 7 3
1.059E10
2.0313E11
100000 7 3
2.202E10
4.1413E11
100000 7 3
2.135E10
4.2056E11
100000 7 3
2.195E10
4.1265E11
100000 7 3
2.327E10
3.8771E11
100000 7 3
2.324E10
4.0796E11
100000 7 3
2.206E10
4.25E11
100000 7 3
2.343E10
4.2118E11
100000 7 3
2.312E10
4.3045E11
100000 7 3
2.333E10
4.1783E11
100000 7 3
2.225E10
4.387E11
100000 7 3
2.279E10
4.3901E11
100000 7 3
2.304E10
4.3722E11
100000 7 3
2.317E10
4.3289E11
100000 7 3
2.311E10
4.5501E11
100000 7 3
2.312E10
5.172E11
100000 7 3
2.313E10
5.1841E11
100000 7 3
2.328E10
5.2872E11
100000 7 3
2.341E10
5.2909E11
100000 7 3
2.385E10
5.2408E11
100000 7 3
2.287E10
5.5031E11
100000 7 3
2.334E10
5.3674E11
100000 7 3
2.565E10
5.0667E11
100000 7 3
2.478E10
5.2575E11
100000 7 3
2.334E10
5.6232E11
100000 7 3
2.638E10
5.3431E11
100000 7 3
2.338E10
5.654E11
100000 7 4
2.406E10
5.5262E11
100000 7 3
2.344E10
5.8016E11
100000 7 3
2.349E10
5.7869E11
100000 7 3
2.572E10
5.7037E11
100000 7 3
2.507E10
5.7087E11
100000 7 3
2.353E10
5.9499E11
