100 6 1
546875.0
429687.5
100 6 1
585937.5
429687.5
100 6 1
546875.0
429687.5
100 6 2
546875.0
429687.5
100 6 1
546875.0
429687.5
100 6 1
585937.5
429687.5
100 6 1
859375.0
371093.75
100 6 2
507812.5
371093.75
100 6 2
546875.0
390625.0
100 6 1
507812.5
351562.5
100 6 2
546875.0
390625.0
100 6 2
507812.5
390625.0
100 6 2
507812.5
390625.0
100 6 1
546875.0
371093.75
100 6 1
585937.5
410156.25
100 6 2
585937.5
390625.0
100 6 2
546875.0
390625.0
100 6 1
585937.5
410156.25
100 6 2
546875.0
410156.25
100 6 2
507812.5
429687.5
100 6 2
625000.0
390625.0
100 6 1
625000.0
390625.0
100 6 2
546875.0
390625.0
100 6 2
585937.5
410156.25
100 6 2
546875.0
390625.0
100 6 1
585937.5
390625.0
100 6 1
546875.0
429687.5
100 6 1
546875.0
390625.0
100 6 2
585937.5
410156.25
100 6 2
546875.0
371093.75
100 6 1
625000.0
371093.75
100 6 2
625000.0
390625.0
177 6 1
1406250.0
1328125.0
177 6 2
1328125.0
1328125.0
177 6 2
1406250.0
1093750.0
177 6 2
1406250.0
1171875.0
177 6 2
1406250.0
1171875.0
177 6 2
1328125.0
1171875.0
177 6 2
1328125.0
1093750.0
177 6 2
1328125.0
1171875.0
177 6 2
1406250.0
1093750.0
177 6 2
1406250.0
1093750.0
177 6 1
1406250.0
1250000.0
177 6 2
1328125.0
1015625.0
177 6 2
1406250.0
1093750.0
177 6 2
1406250.0
1015625.0
177 6 2
1406250.0
1093750.0
177 6 1
1406250.0
1015625.0
177 6 2
1406250.0
1093750.0
177 6 2
1406250.0
1015625.0
177 6 2
1406250.0
1015625.0
177 6 2
1484375.0
1093750.0
177 6 2
1484375.0
1015625.0
177 6 2
1406250.0
1015625.0
177 6 2
1406250.0
1015625.0
177 6 2
1484375.0
1015625.0
177 6 2
1484375.0
1015625.0
177 6 2
1328125.0
1015625.0
177 6 2
1328125.0
1093750.0
177 6 2
1406250.0
1093750.0
177 6 2
1406250.0
1015625.0
177 6 1
1484375.0
1015625.0
177 6 2
1640625.0
1093750.0
177 6 2
1640625.0
937500.0
316 6 2
3750000.0
3437500.0
316 6 2
3750000.0
3750000.0
316 6 2
3437500.0
3750000.0
316 6 2
3437500.0
3437500.0
316 6 2
3750000.0
3437500.0
316 6 2
3437500.0
3125000.0
316 6 2
3437500.0
3437500.0
316 6 2
3750000.0
3437500.0
316 6 2
3437500.0
3437500.0
316 6 2
3437500.0
3750000.0
316 6 2
3750000.0
3437500.0
316 6 2
3437500.0
3437500.0
316 6 2
3437500.0
3593750.0
316 6 2
3750000.0
3750000.0
316 6 2
3750000.0
3437500.0
316 6 2
3437500.0
3281250.0
316 6 2
3437500.0
3437500.0
316 6 2
3750000.0
4531250.0
316 6 2
3750000.0
3593750.0
316 6 2
3437500.0
3437500.0
316 6 2
3437500.0
5000000.0
316 6 2
3437500.0
5000000.0
316 6 2
3750000.0
4687500.0
316 6 2
3437500.0
3125000.0
316 6 2
3437500.0
4843750.0
316 6 2
3750000.0
3750000.0
316 6 2
3437500.0
3125000.0
316 6 2
3437500.0
3125000.0
316 6 2
3593750.0
2968750.0
316 6 2
3593750.0
3281250.0
316 6 2
4687500.0
3125000.0
562 6 2
8750000.0
1.0625E7
562 6 2
8125000.0
1.0E7
562 6 2
8750000.0
1.375E7
316 6 2
4531250.0
3593750.0
562 6 2
8125000.0
8750000.0
562 6 2
8125000.0
8125000.0
562 6 2
8750000.0
9375000.0
562 6 2
8750000.0
9375000.0
562 6 2
8750000.0
1.375E7
562 6 2
8750000.0
1.0E7
562 6 2
8125000.0
1.0625E7
562 6 2
8750000.0
9375000.0
562 6 2
8125000.0
9375000.0
562 6 2
8750000.0
1.375E7
562 6 2
8125000.0
8125000.0
562 6 2
8125000.0
9375000.0
562 6 2
8750000.0
9375000.0
562 6 2
8125000.0
8125000.0
562 6 2
8750000.0
8750000.0
562 6 2
8125000.0
1.0E7
562 6 2
8750000.0
9375000.0
562 6 2
8750000.0
1.0E7
562 6 2
8125000.0
8125000.0
562 6 2
8750000.0
1.0E7
562 6 2
8750000.0
1.0E7
562 6 2
8750000.0
1.0E7
562 6 2
8750000.0
8750000.0
562 6 2
9375000.0
8125000.0
562 6 2
8750000.0
8750000.0
562 6 2
8750000.0
9375000.0
562 6 2
8750000.0
9375000.0
562 6 2
8125000.0
9375000.0
562 6 2
8125000.0
8750000.0
1000 6 2
2.0E7
2.75E7
1000 6 2
2.0E7
2.75E7
1000 6 2
2.0E7
2.75E7
1000 6 2
2.0E7
3.25E7
1000 6 3
2.0E7
2.75E7
1000 6 2
2.0E7
2.75E7
1000 6 2
2.125E7
2.75E7
1000 6 2
2.0E7
3.0E7
1000 6 2
2.0E7
3.0E7
1000 6 2
2.0E7
2.75E7
1000 6 3
2.0E7
2.75E7
1000 6 2
2.125E7
3.0E7
1000 6 2
2.125E7
2.75E7
1000 6 2
2.125E7
2.5E7
1000 6 2
2.0E7
2.5E7
1000 6 2
2.0E7
2.5E7
1000 6 2
2.0E7
2.625E7
1000 6 2
2.125E7
2.5E7
1000 6 2
2.125E7
2.375E7
1000 6 2
2.25E7
2.375E7
1000 6 3
2.125E7
2.375E7
1000 6 2
2.125E7
2.625E7
1000 6 2
2.375E7
2.625E7
1000 6 2
2.25E7
2.75E7
1000 6 2
2.25E7
2.5E7
1778 6 2
5.5E7
7.0E7
1000 6 2
2.25E7
2.625E7
1000 6 2
2.25E7
2.75E7
1000 6 2
2.25E7
2.5E7
1000 6 2
2.25E7
2.75E7
1000 6 2
2.125E7
2.75E7
1778 6 2
4.75E7
1.1E8
1778 6 2
5.0E7
1.1E8
1000 6 2
2.25E7
2.75E7
1778 6 2
5.25E7
1.3E8
1778 6 3
5.5E7
1.4E8
1000 6 2
2.125E7
2.875E7
1778 6 2
5.0E7
9.0E7
1778 6 2
5.0E7
7.5E7
1778 6 2
5.0E7
8.5E7
1778 6 2
5.0E7
8.0E7
1778 6 2
5.0E7
8.0E7
1778 6 3
5.5E7
1.2E8
1778 6 2
6.0E7
1.1E8
1778 6 2
6.0E7
1.1E8
1778 6 3
5.0E7
7.0E7
1778 6 2
5.25E7
8.0E7
1778 6 3
5.5E7
7.0E7
1778 6 2
6.0E7
7.0E7
1778 6 2
5.25E7
8.0E7
1778 6 3
4.75E7
7.5E7
1778 6 2
7.5E7
6.5E7
1778 6 2
5.0E7
7.5E7
1778 6 3
7.5E7
7.5E7
1778 6 3
5.5E7
8.0E7
1778 6 2
5.5E7
7.0E7
1778 6 2
5.25E7
8.0E7
1778 6 2
5.0E7
8.0E7
1778 6 3
5.25E7
7.5E7
1778 6 2
5.5E7
8.0E7
1778 6 3
5.25E7
7.5E7
1778 6 3
5.25E7
7.5E7
1778 6 2
5.5E7
1.05E8
3162 6 3
1.2E8
2.4E8
3162 6 2
1.1E8
2.5E8
3162 6 3
1.1E8
2.7E8
3162 6 3
1.1E8
2.7E8
3162 6 3
1.1E8
2.7E8
3162 6 3
1.2E8
2.7E8
3162 6 3
1.2E8
2.5E8
1778 6 2
5.0E7
9.0E7
3162 6 3
1.3E8
3.2E8
3162 6 3
1.2E8
2.6E8
3162 6 3
1.2E8
3.6E8
3162 6 3
1.3E8
4.0E8
3162 6 3
1.2E8
3.0E8
3162 6 3
1.2E8
3.6E8
3162 6 3
1.2E8
3.7E8
3162 6 3
1.2E8
3.1E8
3162 6 3
1.3E8
2.4E8
3162 6 3
1.2E8
3.1E8
3162 6 3
1.3E8
2.8E8
3162 6 3
1.3E8
2.5E8
3162 6 3
1.3E8
2.8E8
3162 6 2
1.2E8
2.5E8
3162 6 3
1.2E8
2.5E8
3162 6 2
1.2E8
2.7E8
3162 6 2
1.7E8
3.1E8
3162 6 3
1.2E8
3.0E8
3162 6 3
1.2E8
2.5E8
3162 6 3
1.2E8
2.4E8
3162 6 3
1.6E8
3.2E8
3162 6 3
1.4E8
2.2E8
3162 6 3
1.2E8
2.4E8
3162 6 3
1.3E8
2.3E8
3162 6 3
1.6E8
2.3E8
5623 6 3
2.8E8
8.4E8
5623 6 3
2.7E8
8.2E8
5623 6 3
2.6E8
8.3E8
5623 6 3
2.9E8
8.8E8
5623 6 3
2.6E8
8.8E8
5623 6 3
2.8E8
9.3E8
5623 6 3
2.8E8
9.9E8
5623 6 3
2.8E8
1.01E9
5623 6 3
2.7E8
1.07E9
5623 6 3
2.6E8
8.3E8
5623 6 3
2.7E8
1.01E9
5623 6 3
2.7E8
1.03E9
5623 6 3
2.7E8
1.04E9
5623 6 3
2.7E8
1.04E9
5623 6 3
2.7E8
8.9E8
5623 6 3
2.8E8
1.06E9
5623 6 3
2.7E8
8.9E8
5623 6 3
2.7E8
8.5E8
5623 6 3
2.7E8
8.9E8
5623 6 3
2.6E8
9.4E8
5623 6 3
2.8E8
9.0E8
5623 6 3
2.7E8
1.15E9
5623 6 3
2.9E8
8.3E8
5623 6 3
2.6E8
1.08E9
5623 6 3
2.6E8
9.7E8
5623 6 3
2.7E8
1.22E9
5623 6 3
2.6E8
1.12E9
5623 6 3
2.7E8
1.24E9
5623 6 3
2.8E8
1.19E9
5623 6 3
3.0E8
1.16E9
5623 6 3
3.0E8
1.14E9
5623 6 3
3.3E8
1.12E9
10000 6 3
6.1E8
2.94E9
10000 6 3
6.0E8
2.93E9
10000 6 3
6.1E8
2.89E9
10000 6 3
6.1E8
2.85E9
10000 6 3
6.0E8
2.96E9
10000 6 4
6.0E8
2.93E9
10000 6 3
6.0E8
2.9E9
10000 6 3
6.0E8
2.95E9
10000 6 3
6.1E8
2.97E9
10000 6 3
6.0E8
2.89E9
10000 6 3
6.0E8
3.13E9
10000 6 3
6.0E8
3.04E9
10000 6 3
5.9E8
3.09E9
10000 6 3
6.1E8
3.11E9
10000 6 3
6.1E8
3.22E9
10000 6 3
6.0E8
3.26E9
10000 6 3
6.0E8
3.3E9
10000 6 3
6.3E8
3.18E9
10000 6 3
6.0E8
3.41E9
10000 6 3
6.2E8
3.34E9
10000 6 3
6.1E8
3.36E9
10000 6 3
6.4E8
3.43E9
10000 6 3
6.3E8
3.31E9
10000 6 3
6.1E8
3.42E9
10000 6 3
6.0E8
3.82E9
10000 6 3
6.0E8
3.65E9
10000 6 3
6.7E8
3.2E9
10000 6 3
6.0E8
3.81E9
10000 6 3
8.0E8
3.4E9
10000 6 3
6.4E8
4.03E9
10000 6 3
6.6E8
3.91E9
10000 6 3
7.5E8
3.56E9
17782 6 3
1.43E9
8.78E9
17782 6 4
1.37E9
9.85E9
17782 6 4
1.35E9
9.91E9
17782 6 3
1.36E9
1.064E10
17782 6 3
1.36E9
1.073E10
17782 6 3
1.41E9
1.065E10
17782 6 3
1.35E9
1.108E10
17782 6 3
1.39E9
1.093E10
17782 6 3
1.35E9
1.132E10
17782 6 4
1.42E9
1.105E10
17782 6 3
1.37E9
1.104E10
17782 6 3
1.48E9
1.022E10
17782 6 3
1.37E9
1.138E10
17782 6 4
1.41E9
1.113E10
17782 6 3
1.37E9
1.151E10
17782 6 4
1.4E9
1.122E10
17782 6 3
1.3E9
1.2E10
17782 6 4
1.41E9
1.109E10
17782 6 4
1.44E9
1.17E10
17782 6 4
1.48E9
1.136E10
17782 6 3
1.41E9
1.136E10
17782 6 3
1.22E9
1.265E10
17782 6 3
1.31E9
1.168E10
17782 6 3
1.45E9
1.285E10
17782 6 4
1.28E9
1.326E10
17782 6 3
1.47E9
1.227E10
17782 6 3
1.41E9
1.27E10
17782 6 4
1.44E9
1.265E10
17782 6 3
1.46E9
1.328E10
17782 6 4
1.66E9
1.3E10
17782 6 3
1.46E9
1.347E10
17782 6 3
1.47E9
1.425E10
31622 6 4
3.2E9
3.865E10
31622 6 4
3.27E9
3.871E10
31622 6 4
3.19E9
3.868E10
31622 6 4
3.29E9
3.875E10
31622 6 4
3.06E9
3.968E10
31622 6 4
3.08E9
3.944E10
31622 6 4
3.21E9
4.071E10
31622 6 4
3.15E9
3.827E10
31622 6 4
3.8E9
3.732E10
31622 6 4
3.57E9
3.88E10
31622 6 4
3.63E9
3.914E10
31622 6 4
3.28E9
3.957E10
31622 6 4
3.27E9
4.025E10
31622 6 4
3.23E9
3.981E10
31622 6 4
2.98E9
3.955E10
31622 6 4
3.21E9
4.032E10
31622 6 4
3.44E9
4.045E10
31622 6 4
3.17E9
4.037E10
31622 6 4
3.31E9
4.01E10
31622 6 4
3.51E9
4.128E10
31622 6 4
3.19E9
4.177E10
31622 6 4
3.09E9
4.423E10
31622 6 4
3.35E9
4.258E10
31622 6 4
3.44E9
4.164E10
31622 6 4
3.77E9
4.012E10
31622 6 4
3.4E9
4.223E10
31622 6 4
3.29E9
4.687E10
31622 6 4
3.25E9
4.579E10
31622 6 3
3.84E9
4.258E10
31622 6 4
4.09E9
4.348E10
31622 6 4
3.55E9
4.538E10
31622 6 4
3.52E9
4.904E10
56234 6 4
7.65E9
1.3569E11
56234 6 4
8.06E9
1.3848E11
56234 6 4
7.66E9
1.5014E11
56234 6 4
7.33E9
1.4099E11
56234 6 4
7.83E9
1.5458E11
56234 6 4
7.66E9
1.4917E11
56234 6 4
8.14E9
1.6154E11
56234 6 4
7.84E9
1.4968E11
56234 6 4
7.82E9
1.638E11
56234 6 4
8.1E9
1.7369E11
56234 6 4
7.63E9
1.7091E11
56234 6 4
9.11E9
1.7477E11
56234 6 4
8.36E9
1.6805E11
56234 6 4
8.55E9
1.7004E11
56234 6 4
8.69E9
1.8314E11
56234 6 4
7.93E9
1.8324E11
56234 6 4
7.87E9
1.7991E11
56234 6 4
8.78E9
1.8466E11
56234 6 4
8.38E9
1.8432E11
56234 6 4
7.53E9
1.8788E11
56234 6 4
9.11E9
1.9111E11
56234 6 4
7.75E9
1.9551E11
56234 6 4
8.05E9
1.9483E11
56234 6 4
7.86E9
1.9628E11
56234 6 4
8.09E9
1.9964E11
56234 6 4
8.17E9
1.9506E11
56234 6 4
8.18E9
2.0368E11
56234 6 4
8.21E9
2.0145E11
56234 6 4
9.5E9
2.0744E11
56234 6 4
7.69E9
2.1166E11
56234 6 4
7.65E9
2.0872E11
56234 6 4
8.71E9
2.1664E11
100000 6 4
1.639E10
4.0345E11
100000 6 4
1.682E10
4.0745E11
100000 6 4
1.693E10
3.8824E11
100000 6 4
1.694E10
3.7273E11
100000 6 4
1.617E10
4.4297E11
100000 6 4
1.71E10
4.023E11
100000 6 5
1.637E10
4.308E11
100000 6 4
1.646E10
4.3869E11
100000 6 4
1.705E10
4.3065E11
100000 6 4
1.722E10
4.3446E11
100000 6 4
1.893E10
3.9076E11
100000 6 4
1.7E10
3.9918E11
100000 6 5
1.722E10
4.4476E11
100000 6 4
1.702E10
3.9994E11
100000 6 4
1.742E10
4.1062E11
100000 6 4
1.596E10
4.3952E11
100000 6 4
1.713E10
4.521E11
100000 6 4
1.642E10
4.4454E11
100000 6 4
1.652E10
4.4887E11
100000 6 4
1.774E10
4.3853E11
100000 6 5
1.732E10
4.1321E11
100000 6 5
1.727E10
4.3914E11
100000 6 4
1.917E10
4.4347E11
100000 6 4
1.818E10
4.276E11
100000 6 4
1.613E10
4.2191E11
100000 6 4
1.628E10
4.3647E11
100000 6 5
1.632E10
4.2938E11
100000 6 4
1.714E10
4.7972E11
100000 6 4
1.754E10
4.4578E11
100000 6 4
1.654E10
4.6395E11
100000 6 4
1.775E10
4.6571E11
100000 6 4
1.585E10
4.4278E11
