100 7 1
546875.0
429687.5
100 7 1
546875.0
429687.5
100 7 1
546875.0
429687.5
100 7 1
585937.5
429687.5
100 7 1
585937.5
429687.5
100 7 1
546875.0
429687.5
100 7 1
585937.5
429687.5
100 7 1
625000.0
429687.5
100 7 1
585937.5
429687.5
100 7 1
625000.0
429687.5
100 7 1
625000.0
429687.5
100 7 1
585937.5
429687.5
100 7 1
546875.0
429687.5
100 7 1
468750.0
410156.25
100 7 1
585937.5
429687.5
100 7 1
507812.5
390625.0
100 7 1
546875.0
410156.25
100 7 1
546875.0
371093.75
100 7 1
546875.0
390625.0
100 7 1
546875.0
410156.25
100 7 1
546875.0
410156.25
100 7 1
546875.0
390625.0
100 7 1
585937.5
371093.75
100 7 1
546875.0
390625.0
100 7 1
585937.5
371093.75
100 7 1
585937.5
410156.25
100 7 1
625000.0
390625.0
100 7 2
625000.0
390625.0
100 7 1
546875.0
390625.0
100 7 2
585937.5
410156.25
100 7 1
546875.0
390625.0
100 7 1
585937.5
390625.0
177 7 2
1718750.0
1015625.0
177 7 1
1718750.0
1015625.0
177 7 1
1406250.0
1015625.0
177 7 1
1406250.0
1015625.0
177 7 1
1406250.0
1015625.0
177 7 2
1484375.0
1015625.0
177 7 1
1406250.0
1093750.0
177 7 1
1484375.0
1093750.0
177 7 2
1484375.0
1015625.0
177 7 2
1484375.0
1015625.0
177 7 2
1484375.0
1093750.0
177 7 1
1562500.0
1171875.0
177 7 1
1406250.0
1015625.0
177 7 1
1406250.0
937500.0
177 7 2
1484375.0
1093750.0
177 7 2
1406250.0
1015625.0
177 7 1
1484375.0
1015625.0
177 7 1
1484375.0
1093750.0
177 7 1
1406250.0
1015625.0
177 7 2
1406250.0
1093750.0
177 7 1
1484375.0
1093750.0
177 7 1
1562500.0
1015625.0
177 7 1
1484375.0
1015625.0
177 7 1
1484375.0
1093750.0
177 7 2
1484375.0
1093750.0
177 7 2
1562500.0
1015625.0
177 7 1
1484375.0
1093750.0
177 7 1
1562500.0
1015625.0
177 7 1
1562500.0
1015625.0
177 7 1
1406250.0
1093750.0
177 7 1
1406250.0
1015625.0
177 7 1
1640625.0
1093750.0
316 7 2
3750000.0
3437500.0
316 7 2
4062500.0
3437500.0
316 7 2
4062500.0
2968750.0
316 7 1
3750000.0
3437500.0
316 7 1
4062500.0
2968750.0
316 7 2
4062500.0
3437500.0
316 7 2
3750000.0
3437500.0
316 7 2
4062500.0
4062500.0
316 7 2
3750000.0
2968750.0
316 7 1
3750000.0
3437500.0
316 7 2
4062500.0
3281250.0
316 7 2
3437500.0
3281250.0
316 7 2
3750000.0
3437500.0
316 7 2
3750000.0
3437500.0
316 7 2
3750000.0
3281250.0
316 7 2
3750000.0
3125000.0
316 7 2
3750000.0
3125000.0
316 7 2
3750000.0
3437500.0
316 7 1
3750000.0
3125000.0
316 7 2
4062500.0
3125000.0
316 7 2
3750000.0
2968750.0
316 7 1
3750000.0
2968750.0
316 7 2
3750000.0
2968750.0
316 7 2
4062500.0
3437500.0
316 7 2
4062500.0
3281250.0
316 7 1
3750000.0
2968750.0
316 7 2
4062500.0
2968750.0
316 7 1
4062500.0
2968750.0
316 7 2
3437500.0
2343750.0
316 7 2
3750000.0
2343750.0
562 7 2
9375000.0
8125000.0
316 7 2
4062500.0
2968750.0
316 7 1
4062500.0
2656250.0
562 7 2
9375000.0
6875000.0
562 7 2
1.0E7
7500000.0
562 7 2
8750000.0
1.0E7
562 7 2
8750000.0
6875000.0
562 7 2
1.0625E7
6875000.0
562 7 2
9375000.0
6250000.0
562 7 2
1.375E7
6562500.0
562 7 2
9375000.0
5937500.0
562 7 2
8125000.0
6250000.0
562 7 2
8750000.0
6250000.0
562 7 2
9375000.0
5625000.0
562 7 2
8750000.0
6250000.0
562 7 2
1.0E7
5937500.0
562 7 2
9375000.0
6250000.0
562 7 2
9375000.0
1.375E7
562 7 2
9375000.0
1.375E7
1000 7 2
2.25E7
3.0E7
562 7 2
8750000.0
1.1875E7
1000 7 2
2.0E7
3.5E7
562 7 2
8750000.0
1.25E7
1000 7 2
2.25E7
2.75E7
1000 7 2
2.375E7
3.25E7
562 7 2
9375000.0
1.0625E7
1000 7 2
2.375E7
3.25E7
562 7 2
8750000.0
1.3125E7
562 7 1
8750000.0
1.25E7
562 7 1
9375000.0
1.25E7
562 7 2
9375000.0
1.25E7
1000 7 2
2.375E7
3.0E7
562 7 2
9375000.0
1.0625E7
1000 7 2
2.5E7
2.75E7
1000 7 2
2.375E7
3.0E7
1000 7 2
2.375E7
3.0E7
1000 7 2
2.375E7
3.0E7
562 7 2
9375000.0
1.0625E7
1000 7 2
2.5E7
3.25E7
1000 7 2
2.375E7
3.25E7
1000 7 2
2.375E7
3.0E7
562 7 2
9375000.0
1.0E7
562 7 2
9375000.0
1.0625E7
1000 7 2
2.375E7
3.0E7
1000 7 2
2.5E7
2.75E7
562 7 2
1.0E7
8750000.0
562 7 2
1.0E7
8750000.0
562 7 2
9375000.0
8125000.0
562 7 2
1.0625E7
8750000.0
1000 7 2
2.375E7
2.75E7
1000 7 2
2.25E7
4.0E7
1778 7 2
6.0E7
9.0E7
1778 7 2
5.5E7
8.5E7
1778 7 2
5.5E7
1.1E8
1778 7 2
5.5E7
1.05E8
1000 7 2
2.25E7
3.25E7
1778 7 2
6.0E7
9.5E7
1778 7 3
6.0E7
1.0E8
1778 7 2
6.0E7
1.0E8
1778 7 2
6.0E7
9.5E7
1000 7 2
2.375E7
3.0E7
1000 7 2
2.375E7
3.25E7
1000 7 2
2.375E7
3.75E7
1778 7 2
6.0E7
9.5E7
1000 7 2
2.375E7
3.5E7
1000 7 2
2.375E7
3.5E7
1778 7 2
6.0E7
8.5E7
1000 7 2
2.375E7
3.5E7
1778 7 2
6.0E7
9.5E7
1778 7 2
6.0E7
1.15E8
1000 7 2
2.375E7
3.0E7
1000 7 2
2.5E7
2.75E7
1000 7 2
2.25E7
4.25E7
1778 7 2
6.0E7
8.0E7
1000 7 2
2.375E7
3.5E7
1000 7 2
2.375E7
2.75E7
1778 7 2
6.5E7
8.5E7
1778 7 2
6.0E7
7.5E7
1000 7 2
2.375E7
2.375E7
1000 7 2
2.5E7
2.5E7
1778 7 2
5.5E7
1.1E8
1778 7 2
6.0E7
1.3E8
1778 7 2
6.0E7
1.2E8
1778 7 2
5.5E7
1.3E8
1000 7 2
2.375E7
3.0E7
1778 7 2
5.5E7
1.4E8
1778 7 2
6.0E7
8.5E7
1778 7 2
5.5E7
7.5E7
1778 7 2
5.5E7
8.5E7
1778 7 2
5.5E7
8.0E7
1778 7 2
5.5E7
8.5E7
1778 7 2
6.0E7
1.3E8
1778 7 2
6.5E7
1.3E8
1778 7 2
6.0E7
1.2E8
1778 7 2
5.5E7
8.5E7
1778 7 2
5.5E7
8.5E7
1778 7 2
6.0E7
9.0E7
3162 7 2
1.4E8
2.6E8
3162 7 2
1.4E8
2.5E8
3162 7 2
1.3E8
3.2E8
3162 7 2
1.4E8
3.3E8
3162 7 2
1.4E8
3.0E8
3162 7 2
1.4E8
3.5E8
1778 7 2
5.5E7
7.5E7
3162 7 2
1.4E8
2.7E8
3162 7 2
1.5E8
3.2E8
3162 7 2
1.6E8
2.4E8
3162 7 2
1.5E8
3.0E8
3162 7 2
1.5E8
2.5E8
3162 7 2
1.5E8
2.6E8
3162 7 2
1.5E8
2.9E8
3162 7 2
1.5E8
2.3E8
3162 7 2
1.7E8
2.3E8
3162 7 2
1.6E8
2.4E8
3162 7 2
1.6E8
2.4E8
3162 7 2
1.6E8
2.5E8
3162 7 2
1.4E8
2.4E8
3162 7 2
1.6E8
2.4E8
3162 7 2
1.5E8
2.5E8
3162 7 2
1.4E8
2.3E8
3162 7 2
1.5E8
2.5E8
3162 7 2
1.5E8
2.3E8
3162 7 2
1.4E8
2.4E8
3162 7 2
1.4E8
2.4E8
3162 7 2
1.4E8
2.7E8
3162 7 2
1.4E8
2.7E8
3162 7 2
1.4E8
2.4E8
3162 7 2
1.4E8
2.4E8
3162 7 2
1.4E8
2.2E8
3162 7 2
1.4E8
2.5E8
5623 7 2
3.4E8
8.7E8
5623 7 2
3.2E8
9.1E8
5623 7 2
3.6E8
9.7E8
5623 7 2
3.6E8
9.5E8
5623 7 2
3.3E8
9.2E8
5623 7 2
3.6E8
9.8E8
5623 7 2
3.5E8
1.03E9
5623 7 2
3.5E8
1.03E9
5623 7 2
3.4E8
1.01E9
5623 7 2
3.4E8
1.11E9
5623 7 2
3.4E8
1.15E9
5623 7 2
3.4E8
1.19E9
5623 7 2
3.7E8
9.9E8
5623 7 2
3.9E8
8.7E8
5623 7 2
3.4E8
9.5E8
5623 7 2
3.4E8
1.24E9
5623 7 2
3.5E8
1.02E9
5623 7 2
3.6E8
1.0E9
5623 7 2
3.6E8
9.4E8
5623 7 2
3.5E8
1.19E9
5623 7 2
3.5E8
9.6E8
5623 7 2
3.4E8
1.04E9
5623 7 2
3.4E8
9.4E8
5623 7 2
3.5E8
9.3E8
5623 7 2
3.6E8
9.4E8
5623 7 2
3.7E8
1.09E9
5623 7 2
3.7E8
1.11E9
5623 7 2
3.6E8
1.15E9
5623 7 2
3.4E8
1.07E9
5623 7 2
3.4E8
1.09E9
5623 7 2
3.6E8
1.15E9
5623 7 2
3.3E8
1.1E9
10000 7 2
7.9E8
3.0E9
10000 7 2
7.8E8
3.4E9
10000 7 3
7.9E8
3.23E9
10000 7 2
7.8E8
3.45E9
10000 7 2
7.8E8
3.44E9
10000 7 2
7.8E8
3.41E9
10000 7 3
8.0E8
3.39E9
10000 7 2
7.9E8
3.08E9
10000 7 3
7.9E8
3.32E9
10000 7 2
8.0E8
3.53E9
10000 7 2
7.9E8
3.47E9
10000 7 2
7.9E8
3.58E9
10000 7 2
7.8E8
3.81E9
10000 7 2
7.9E8
3.88E9
10000 7 3
8.0E8
3.49E9
10000 7 2
7.8E8
3.81E9
10000 7 2
7.9E8
3.75E9
10000 7 2
8.6E8
3.62E9
10000 7 2
7.9E8
3.83E9
10000 7 2
7.9E8
4.05E9
10000 7 3
7.9E8
4.29E9
10000 7 2
8.0E8
3.98E9
10000 7 2
7.9E8
4.13E9
10000 7 2
7.7E8
3.96E9
10000 7 2
7.8E8
3.97E9
10000 7 3
8.0E8
3.96E9
10000 7 2
7.9E8
4.12E9
10000 7 2
7.9E8
3.92E9
10000 7 2
7.8E8
3.78E9
10000 7 2
8.5E8
3.93E9
10000 7 3
7.9E8
4.05E9
10000 7 2
8.0E8
4.01E9
17782 7 2
1.8E9
1.103E10
17782 7 3
1.84E9
1.108E10
17782 7 3
1.8E9
1.119E10
17782 7 3
1.94E9
1.162E10
17782 7 2
1.88E9
1.238E10
17782 7 3
1.91E9
1.165E10
17782 7 3
1.83E9
1.236E10
17782 7 2
1.81E9
1.342E10
17782 7 3
1.81E9
1.331E10
17782 7 3
1.8E9
1.37E10
17782 7 3
1.98E9
1.337E10
17782 7 2
1.94E9
1.358E10
17782 7 3
1.78E9
1.392E10
17782 7 3
1.84E9
1.348E10
17782 7 3
1.79E9
1.377E10
17782 7 3
1.83E9
1.431E10
17782 7 3
1.83E9
1.418E10
17782 7 3
1.82E9
1.422E10
17782 7 3
1.83E9
1.453E10
17782 7 3
1.85E9
1.399E10
17782 7 3
1.84E9
1.378E10
17782 7 3
1.81E9
1.382E10
17782 7 3
1.92E9
1.345E10
17782 7 2
1.9E9
1.409E10
17782 7 3
1.79E9
1.385E10
17782 7 3
1.81E9
1.415E10
17782 7 3
1.8E9
1.416E10
17782 7 3
1.74E9
1.416E10
17782 7 3
1.76E9
1.412E10
17782 7 3
1.73E9
1.392E10
17782 7 3
1.83E9
1.473E10
17782 7 3
1.81E9
1.497E10
31622 7 3
4.48E9
3.682E10
31622 7 3
4.22E9
4.075E10
31622 7 3
4.23E9
4.384E10
31622 7 3
4.24E9
4.457E10
31622 7 3
4.42E9
4.399E10
31622 7 3
4.41E9
4.389E10
31622 7 3
4.61E9
4.474E10
31622 7 3
4.63E9
4.837E10
31622 7 3
4.3E9
4.695E10
31622 7 3
4.39E9
4.978E10
31622 7 3
4.24E9
4.756E10
31622 7 3
4.1E9
4.698E10
31622 7 3
4.07E9
4.937E10
31622 7 3
4.49E9
4.916E10
31622 7 3
4.33E9
4.713E10
31622 7 3
4.27E9
5.248E10
31622 7 3
4.41E9
4.946E10
31622 7 3
4.37E9
5.259E10
31622 7 3
4.66E9
4.825E10
31622 7 3
4.85E9
5.28E10
31622 7 3
4.24E9
5.139E10
31622 7 3
4.48E9
5.193E10
31622 7 3
4.61E9
5.44E10
31622 7 3
4.54E9
5.134E10
31622 7 3
4.36E9
5.229E10
31622 7 3
4.24E9
5.411E10
31622 7 3
4.21E9
5.3E10
31622 7 3
4.44E9
5.444E10
31622 7 3
4.37E9
5.393E10
31622 7 3
4.36E9
5.597E10
31622 7 3
4.92E9
5.516E10
31622 7 3
4.31E9
5.619E10
56234 7 3
1.058E10
1.5274E11
56234 7 3
1.061E10
1.5059E11
56234 7 3
1.141E10
1.5459E11
56234 7 3
1.132E10
1.5305E11
56234 7 3
9.87E9
1.762E11
56234 7 3
9.76E9
1.6757E11
56234 7 3
9.61E9
1.6958E11
56234 7 3
9.93E9
1.744E11
56234 7 3
1.065E10
1.765E11
56234 7 3
1.019E10
1.7136E11
56234 7 3
1.26E10
1.6496E11
56234 7 3
1.072E10
1.7912E11
56234 7 3
1.014E10
1.7014E11
56234 7 3
1.095E10
1.8539E11
56234 7 3
1.044E10
1.8718E11
56234 7 3
1.364E10
1.721E11
56234 7 3
1.036E10
1.8648E11
56234 7 3
1.36E10
1.7314E11
56234 7 3
1.069E10
1.7488E11
56234 7 3
1.014E10
1.8989E11
56234 7 3
1.023E10
1.901E11
56234 7 3
9.51E9
1.8954E11
56234 7 3
1.094E10
1.7947E11
56234 7 3
1.077E10
1.9005E11
56234 7 3
1.068E10
1.8609E11
56234 7 3
1.003E10
1.9139E11
56234 7 3
9.87E9
1.9207E11
56234 7 3
1.032E10
1.8716E11
56234 7 3
1.032E10
1.9715E11
56234 7 3
1.059E10
1.9072E11
56234 7 3
1.04E10
1.926E11
56234 7 3
1.357E10
1.9105E11
100000 7 3
2.318E10
5.1407E11
100000 7 3
2.297E10
5.4117E11
100000 7 3
2.32E10
5.5378E11
100000 7 3
2.59E10
5.5503E11
100000 7 3
2.327E10
5.6984E11
100000 7 3
2.523E10
5.9311E11
100000 7 3
2.323E10
5.7282E11
100000 7 3
2.557E10
5.634E11
100000 7 3
2.28E10
5.8632E11
100000 7 3
2.265E10
6.0938E11
100000 7 3
3.018E10
5.7449E11
100000 7 3
2.375E10
6.1324E11
100000 7 3
2.398E10
6.1891E11
100000 7 3
2.359E10
5.967E11
100000 7 3
2.659E10
6.2187E11
100000 7 3
2.307E10
6.1484E11
100000 7 3
2.29E10
6.1755E11
100000 7 3
2.291E10
6.3655E11
100000 7 3
2.287E10
6.249E11
100000 7 3
2.454E10
6.0572E11
100000 7 3
2.317E10
6.4426E11
100000 7 3
2.334E10
6.1813E11
100000 7 3
2.252E10
6.4828E11
100000 7 3
3.772E10
6.0089E11
100000 7 3
2.302E10
6.2903E11
100000 7 3
2.32E10
6.108E11
100000 7 3
2.368E10
6.2273E11
100000 7 3
2.447E10
6.4065E11
100000 7 3
2.461E10
6.3152E11
100000 7 3
2.521E10
6.5604E11
100000 7 3
2.318E10
6.4768E11
100000 7 3
2.28E10
6.5973E11
