100 7 1
507812.5
429687.5
100 7 1
546875.0
468750.0
100 7 1
507812.5
468750.0
100 7 1
625000.0
429687.5
100 7 1
546875.0
507812.5
100 7 1
585937.5
429687.5
100 7 1
546875.0
468750.0
100 7 1
585937.5
429687.5
100 7 1
585937.5
468750.0
100 7 1
546875.0
468750.0
100 7 1
585937.5
507812.5
100 7 1
585937.5
468750.0
100 7 1
585937.5
429687.5
100 7 1
585937.5
429687.5
100 7 2
546875.0
507812.5
100 7 1
546875.0
468750.0
100 7 1
507812.5
585937.5
100 7 1
546875.0
429687.5
100 7 1
585937.5
507812.5
100 7 1
546875.0
585937.5
100 7 1
664062.5
429687.5
100 7 1
585937.5
585937.5
100 7 1
546875.0
546875.0
100 7 1
585937.5
546875.0
100 7 1
585937.5
429687.5
100 7 1
625000.0
507812.5
100 7 1
585937.5
429687.5
100 7 1
546875.0
390625.0
100 7 2
585937.5
390625.0
100 7 1
585937.5
351562.5
100 7 1
546875.0
390625.0
100 7 1
546875.0
390625.0
177 7 1
1562500.0
1718750.0
177 7 2
1406250.0
1250000.0
177 7 1
1328125.0
1171875.0
177 7 1
1406250.0
1093750.0
177 7 1
1484375.0
1171875.0
177 7 1
1406250.0
1250000.0
177 7 2
1484375.0
2187500.0
177 7 1
1406250.0
1328125.0
177 7 1
1484375.0
1093750.0
177 7 1
1484375.0
1328125.0
177 7 1
1484375.0
1250000.0
177 7 1
1562500.0
1250000.0
177 7 2
1484375.0
2343750.0
177 7 1
1484375.0
1406250.0
177 7 2
1484375.0
2500000.0
177 7 2
1484375.0
1328125.0
177 7 2
1718750.0
2031250.0
177 7 2
1484375.0
1406250.0
177 7 1
1640625.0
2187500.0
177 7 1
1484375.0
1093750.0
177 7 1
1484375.0
1484375.0
177 7 1
1562500.0
1718750.0
177 7 1
1484375.0
1406250.0
177 7 1
1562500.0
1328125.0
177 7 1
1484375.0
1406250.0
177 7 2
1406250.0
1484375.0
177 7 1
1406250.0
1093750.0
177 7 1
1562500.0
1328125.0
177 7 1
1484375.0
1171875.0
177 7 1
1484375.0
1093750.0
177 7 1
1640625.0
1015625.0
316 7 2
3750000.0
3750000.0
177 7 1
1640625.0
1171875.0
316 7 2
3750000.0
3437500.0
316 7 2
3750000.0
4687500.0
316 7 2
3750000.0
3437500.0
316 7 1
3750000.0
4687500.0
316 7 2
3437500.0
5937500.0
316 7 2
3437500.0
4375000.0
316 7 2
3750000.0
1.125E7
316 7 1
3750000.0
4062500.0
316 7 2
3750000.0
4062500.0
316 7 2
4062500.0
4375000.0
316 7 2
3750000.0
4062500.0
316 7 2
4062500.0
1.3125E7
316 7 1
3750000.0
3750000.0
316 7 2
3750000.0
4375000.0
316 7 2
4062500.0
1.1875E7
316 7 2
3750000.0
2968750.0
316 7 2
4375000.0
1.1875E7
316 7 2
3437500.0
9687500.0
316 7 2
3750000.0
3750000.0
316 7 2
3437500.0
4375000.0
316 7 2
4062500.0
9375000.0
316 7 2
3437500.0
3125000.0
316 7 2
3750000.0
9687500.0
316 7 2
4062500.0
2968750.0
316 7 2
3750000.0
2968750.0
316 7 2
3750000.0
2812500.0
316 7 2
4375000.0
3437500.0
316 7 2
3750000.0
2656250.0
316 7 2
3750000.0
2968750.0
316 7 2
5625000.0
3437500.0
562 7 2
1.0E7
8125000.0
316 7 2
3750000.0
2968750.0
562 7 2
3.25E7
9375000.0
562 7 2
9375000.0
1.375E7
562 7 2
9375000.0
1.375E7
562 7 2
1.0625E7
8750000.0
562 7 2
9375000.0
1.5E7
562 7 2
8125000.0
1.625E7
562 7 2
1.0E7
1.375E7
562 7 2
1.0625E7
1.5E7
562 7 2
1.0E7
1.375E7
562 7 2
1.0625E7
1.375E7
562 7 2
1.0E7
1.3125E7
562 7 2
8750000.0
3.75E7
562 7 2
9375000.0
3.25E7
562 7 2
9375000.0
2.25E7
562 7 2
1.0E7
9375000.0
562 7 2
9375000.0
8750000.0
562 7 2
9375000.0
1.375E7
562 7 2
1.0625E7
1.375E7
562 7 2
1.0625E7
8750000.0
562 7 2
1.0E7
9375000.0
562 7 2
1.125E7
1.375E7
562 7 2
1.0E7
9375000.0
562 7 2
8750000.0
1.0625E7
562 7 2
8750000.0
1.125E7
562 7 2
1.25E7
1.0E7
562 7 2
1.0E7
9375000.0
562 7 2
1.5E7
8750000.0
562 7 2
1.0E7
8750000.0
1000 7 2
2.75E7
3.75E7
1000 7 2
2.75E7
3.5E7
1000 7 2
2.75E7
3.0E7
1000 7 2
2.75E7
2.75E7
562 7 2
1.0625E7
1.5E7
562 7 2
1.0E7
1.375E7
1000 7 2
2.5E7
5.5E7
1000 7 2
2.375E7
4.0E7
1000 7 2
2.5E7
4.5E7
1000 7 2
2.625E7
9.0E7
1000 7 2
2.25E7
2.75E7
1000 7 2
2.75E7
3.75E7
1000 7 2
3.0E7
6.75E7
1000 7 2
2.5E7
4.25E7
1000 7 2
2.25E7
6.5E7
1000 7 2
2.5E7
3.5E7
562 7 2
1.4375E7
2.0E7
1000 7 2
2.375E7
5.75E7
1000 7 2
2.5E7
3.25E7
1000 7 2
2.5E7
7.0E7
1000 7 2
2.375E7
3.25E7
1000 7 2
2.75E7
3.0E7
1778 7 2
1.2E8
1.3E8
1000 7 2
2.125E7
2.625E7
1000 7 2
2.625E7
3.5E7
1000 7 2
2.75E7
4.5E7
1000 7 2
2.25E7
2.875E7
1000 7 2
2.375E7
2.75E7
1000 7 2
2.75E7
4.0E7
1000 7 2
2.75E7
4.25E7
1000 7 2
2.5E7
3.0E7
1000 7 2
2.625E7
4.0E7
1000 7 2
2.5E7
2.75E7
1778 7 2
6.5E7
9.0E7
1778 7 2
6.5E7
1.5E8
1000 7 2
2.5E7
2.75E7
1778 7 2
8.0E7
1.3E8
1778 7 2
6.0E7
1.7E8
1778 7 2
6.5E7
1.7E8
1778 7 2
7.5E7
1.2E8
1000 7 2
2.625E7
3.25E7
1778 7 2
7.5E7
1.5E8
1778 7 2
7.0E7
1.1E8
1778 7 2
6.0E7
1.45E8
1778 7 2
7.5E7
3.1E8
1778 7 2
8.5E7
1.8E8
1778 7 2
5.5E7
1.45E8
1778 7 2
6.0E7
9.0E7
1778 7 2
9.0E7
1.5E8
1778 7 2
1.0E8
2.1E8
1000 7 2
2.5E7
3.25E7
1778 7 2
9.0E7
2.0E8
1778 7 2
8.0E7
2.8E8
1778 7 2
9.0E7
1.1E8
1778 7 2
6.5E7
8.0E7
1778 7 2
7.0E7
9.0E7
1778 7 2
7.0E7
8.5E7
1778 7 2
8.0E7
9.5E7
1778 7 2
6.5E7
9.0E7
1778 7 2
6.0E7
8.5E7
1778 7 2
6.5E7
9.0E7
1778 7 2
6.0E7
8.0E7
1778 7 2
6.0E7
8.5E7
1778 7 2
6.0E7
1.2E8
1778 7 2
6.0E7
8.5E7
3162 7 2
1.4E8
2.7E8
1778 7 2
6.5E7
1.1E8
1778 7 2
6.5E7
1.15E8
3162 7 2
1.2E8
3.1E8
3162 7 2
1.2E8
3.9E8
3162 7 2
1.4E8
3.5E8
3162 7 2
1.5E8
2.5E8
3162 7 2
1.5E8
4.3E8
3162 7 2
1.4E8
3.7E8
3162 7 2
1.5E8
2.9E8
3162 7 2
1.5E8
4.2E8
3162 7 2
1.8E8
4.3E8
3162 7 2
1.6E8
4.5E8
3162 7 2
1.5E8
4.5E8
3162 7 2
1.5E8
2.8E8
3162 7 2
1.3E8
3.0E8
3162 7 2
1.2E8
3.4E8
3162 7 2
1.5E8
5.6E8
3162 7 2
1.3E8
2.5E8
3162 7 2
1.4E8
2.9E8
3162 7 2
1.4E8
2.6E8
3162 7 2
1.4E8
5.3E8
3162 7 2
1.7E8
5.7E8
3162 7 2
1.6E8
4.6E8
3162 7 2
1.5E8
5.4E8
3162 7 2
1.8E8
5.0E8
3162 7 2
1.8E8
5.9E8
3162 7 2
1.7E8
5.6E8
3162 7 2
1.6E8
4.7E8
3162 7 2
1.3E8
2.8E8
3162 7 2
1.3E8
3.3E8
3162 7 2
1.5E8
3.3E8
3162 7 2
1.4E8
7.0E8
3162 7 2
1.5E8
4.7E8
5623 7 2
3.5E8
9.2E8
5623 7 2
3.3E8
8.4E8
5623 7 2
3.5E8
9.2E8
5623 7 3
3.4E8
8.5E8
5623 7 2
3.4E8
8.8E8
5623 7 2
3.4E8
8.8E8
5623 7 2
3.4E8
8.4E8
5623 7 2
3.8E8
1.51E9
5623 7 2
3.5E8
1.34E9
5623 7 2
3.8E8
1.6E9
5623 7 2
3.5E8
1.38E9
5623 7 2
3.4E8
1.47E9
5623 7 2
3.5E8
1.5E9
5623 7 2
3.7E8
1.37E9
5623 7 3
5.5E8
1.2E9
5623 7 2
3.8E8
1.6E9
5623 7 2
3.4E8
1.62E9
5623 7 2
3.5E8
1.64E9
5623 7 2
3.6E8
1.6E9
5623 7 2
6.2E8
1.3E9
5623 7 2
3.6E8
1.71E9
5623 7 2
3.6E8
1.35E9
5623 7 2
3.4E8
1.92E9
5623 7 2
3.5E8
1.57E9
5623 7 2
3.6E8
1.74E9
5623 7 3
3.5E8
1.93E9
5623 7 2
3.5E8
2.25E9
5623 7 2
3.5E8
2.15E9
5623 7 2
7.2E8
1.99E9
5623 7 3
5.5E8
2.36E9
5623 7 2
4.7E8
2.43E9
5623 7 2
5.7E8
2.12E9
10000 7 2
8.5E8
2.66E9
10000 7 2
8.3E8
2.84E9
10000 7 3
9.0E8
3.72E9
10000 7 2
8.2E8
3.65E9
10000 7 2
8.0E8
3.7E9
10000 7 2
9.0E8
3.16E9
10000 7 3
8.2E8
3.01E9
10000 7 2
8.4E8
3.59E9
10000 7 2
8.6E8
3.06E9
10000 7 2
8.4E8
3.47E9
10000 7 3
8.6E8
3.06E9
10000 7 3
8.6E8
3.58E9
10000 7 2
8.7E8
3.68E9
10000 7 2
8.7E8
3.41E9
10000 7 2
8.5E8
3.99E9
10000 7 2
9.9E8
3.18E9
10000 7 2
8.4E8
4.22E9
10000 7 2
9.7E8
4.9E9
10000 7 2
9.0E8
4.2E9
10000 7 2
9.9E8
4.39E9
10000 7 2
9.6E8
4.94E9
10000 7 3
9.6E8
4.83E9
10000 7 3
9.5E8
4.81E9
10000 7 2
9.5E8
3.96E9
10000 7 2
1.0E9
4.46E9
10000 7 2
9.6E8
5.19E9
10000 7 2
1.28E9
4.88E9
10000 7 2
1.55E9
4.14E9
10000 7 3
1.36E9
4.43E9
10000 7 2
1.19E9
5.15E9
10000 7 3
9.9E8
5.13E9
10000 7 2
9.0E8
4.89E9
17782 7 3
1.96E9
1.043E10
17782 7 3
1.87E9
1.024E10
17782 7 3
2.01E9
9.8E9
17782 7 3
1.99E9
1.169E10
17782 7 3
2.22E9
1.379E10
17782 7 2
2.02E9
1.046E10
17782 7 3
1.91E9
1.162E10
17782 7 3
2.01E9
1.212E10
17782 7 3
1.98E9
1.288E10
17782 7 3
2.11E9
1.095E10
17782 7 3
1.92E9
1.33E10
17782 7 3
1.92E9
1.306E10
17782 7 3
1.93E9
1.268E10
17782 7 3
2.09E9
1.441E10
17782 7 2
1.93E9
1.255E10
17782 7 3
2.21E9
1.151E10
17782 7 3
1.97E9
1.351E10
17782 7 2
2.49E9
1.23E10
17782 7 3
2.03E9
1.355E10
17782 7 3
1.99E9
1.527E10
17782 7 3
2.12E9
1.561E10
17782 7 3
2.4E9
1.337E10
17782 7 3
2.21E9
1.445E10
17782 7 3
1.98E9
1.64E10
17782 7 2
2.02E9
1.574E10
17782 7 3
1.97E9
1.775E10
17782 7 3
2.01E9
1.917E10
17782 7 2
2.38E9
1.601E10
17782 7 3
3.23E9
1.555E10
17782 7 3
3.56E9
1.537E10
17782 7 3
3.51E9
1.628E10
17782 7 2
2.15E9
2.019E10
31622 7 3
4.69E9
4.107E10
31622 7 3
5.26E9
4.192E10
31622 7 3
4.38E9
4.304E10
31622 7 3
4.52E9
4.224E10
31622 7 3
4.27E9
4.224E10
31622 7 3
4.34E9
4.619E10
31622 7 3
5.12E9
3.417E10
31622 7 3
4.5E9
4.437E10
31622 7 3
4.35E9
3.76E10
31622 7 3
4.62E9
4.412E10
31622 7 3
4.77E9
4.929E10
31622 7 3
4.81E9
4.668E10
31622 7 3
4.62E9
4.754E10
31622 7 3
4.49E9
4.644E10
31622 7 3
4.67E9
4.475E10
31622 7 3
4.57E9
5.045E10
31622 7 3
4.32E9
4.991E10
31622 7 3
4.43E9
5.094E10
31622 7 3
4.72E9
5.285E10
31622 7 3
4.55E9
5.253E10
31622 7 3
5.19E9
4.548E10
31622 7 3
4.43E9
5.254E10
31622 7 3
4.52E9
5.123E10
31622 7 3
5.0E9
4.978E10
31622 7 3
5.3E9
4.591E10
31622 7 3
5.04E9
4.991E10
31622 7 3
4.61E9
5.553E10
31622 7 3
5.0E9
5.105E10
31622 7 3
6.25E9
4.606E10
31622 7 3
7.59E9
4.67E10
31622 7 3
7.07E9
5.128E10
31622 7 3
4.81E9
6.059E10
56234 7 3
1.007E10
1.03E11
56234 7 3
1.026E10
1.1311E11
56234 7 3
1.027E10
1.2369E11
56234 7 3
1.046E10
1.3233E11
56234 7 3
1.015E10
1.4207E11
56234 7 3
1.029E10
1.4389E11
56234 7 3
9.53E9
1.4324E11
56234 7 3
1.13E10
1.4886E11
56234 7 3
1.053E10
1.5419E11
56234 7 3
1.013E10
1.5643E11
56234 7 3
1.007E10
1.574E11
56234 7 3
1.046E10
1.5197E11
56234 7 3
1.034E10
1.6787E11
56234 7 3
1.029E10
1.6528E11
56234 7 3
1.034E10
1.8051E11
56234 7 3
1.006E10
1.7172E11
56234 7 3
1.035E10
1.6818E11
56234 7 3
1.045E10
1.7248E11
56234 7 3
1.183E10
1.7111E11
56234 7 3
1.004E10
1.7503E11
56234 7 3
1.039E10
1.7661E11
56234 7 3
1.084E10
1.7674E11
56234 7 3
1.026E10
1.8208E11
56234 7 3
9.61E9
1.7939E11
56234 7 3
1.06E10
1.7488E11
56234 7 3
1.132E10
1.832E11
56234 7 3
1.15E10
1.8624E11
56234 7 3
1.061E10
2.166E11
56234 7 3
1.245E10
2.2407E11
56234 7 3
1.048E10
2.5161E11
56234 7 3
1.138E10
2.4607E11
56234 7 3
1.038E10
2.6056E11
100000 7 3
2.25E10
3.5909E11
100000 7 3
2.248E10
4.7171E11
100000 7 3
2.383E10
5.8868E11
100000 7 4
2.377E10
5.018E11
100000 7 3
2.376E10
6.1499E11
100000 7 3
2.487E10
5.858E11
100000 7 3
2.385E10
5.7638E11
100000 7 3
2.405E10
5.7581E11
100000 7 3
2.391E10
5.7648E11
100000 7 4
2.314E10
5.7673E11
100000 7 4
2.349E10
5.7885E11
100000 7 3
2.312E10
6.2759E11
100000 7 3
2.323E10
5.6964E11
100000 7 3
2.579E10
5.3637E11
100000 7 4
2.31E10
5.8199E11
100000 7 3
2.322E10
5.8959E11
100000 7 3
2.311E10
5.852E11
100000 7 3
2.432E10
6.2965E11
100000 7 3
2.478E10
5.9983E11
100000 7 3
2.39E10
6.0542E11
100000 7 3
2.275E10
6.5806E11
100000 7 3
2.363E10
6.2616E11
100000 7 3
2.421E10
5.6972E11
100000 7 3
2.428E10
5.6503E11
100000 7 3
2.46E10
6.4642E11
100000 7 3
2.497E10
5.6098E11
100000 7 3
2.485E10
6.8347E11
100000 7 3
2.327E10
7.1181E11
100000 7 3
2.322E10
6.975E11
100000 7 3
2.491E10
7.0577E11
100000 7 3
2.399E10
6.9134E11
100000 7 3
2.524E10
6.0541E11
