100 3 4
859375.0
292968.75
100 3 5
273437.5
214843.75
100 3 4
312500.0
234375.0
100 3 4
507812.5
234375.0
100 3 4
292968.75
214843.75
100 3 4
273437.5
234375.0
100 3 4
273437.5
253906.25
100 3 3
253906.25
253906.25
100 3 4
292968.75
234375.0
100 3 5
273437.5
234375.0
100 3 4
292968.75
214843.75
100 3 4
273437.5
273437.5
100 3 4
312500.0
253906.25
100 3 5
273437.5
214843.75
100 3 4
273437.5
234375.0
100 3 4
312500.0
234375.0
100 3 4
292968.75
234375.0
100 3 4
312500.0
253906.25
100 3 4
332031.25
234375.0
100 3 4
312500.0
214843.75
100 3 5
429687.5
312500.0
100 3 4
312500.0
234375.0
100 3 5
292968.75
234375.0
100 3 4
332031.25
234375.0
100 3 4
507812.5
332031.25
100 3 4
273437.5
253906.25
100 3 5
312500.0
234375.0
100 3 4
312500.0
273437.5
100 3 4
273437.5
371093.75
100 3 5
312500.0
351562.5
100 3 4
312500.0
390625.0
100 3 4
332031.25
410156.25
177 3 5
429687.5
546875.0
177 3 5
429687.5
625000.0
177 3 4
585937.5
546875.0
177 3 5
429687.5
625000.0
177 3 5
468750.0
585937.5
177 3 6
429687.5
546875.0
177 3 5
625000.0
859375.0
177 3 5
1875000.0
546875.0
177 3 5
1328125.0
546875.0
177 3 5
546875.0
585937.5
177 3 6
585937.5
585937.5
177 3 6
468750.0
664062.5
177 3 6
585937.5
703125.0
177 3 5
703125.0
546875.0
177 3 5
546875.0
546875.0
177 3 5
507812.5
1093750.0
177 3 5
625000.0
585937.5
177 3 5
507812.5
585937.5
177 3 5
1875000.0
976562.5
177 3 5
742187.5
781250.0
177 3 5
625000.0
664062.5
177 3 5
1718750.0
1054687.5
177 3 4
507812.5
625000.0
177 3 5
546875.0
703125.0
177 3 4
429687.5
1054687.5
177 3 5
468750.0
625000.0
177 3 5
625000.0
859375.0
177 3 5
664062.5
1171875.0
177 3 5
468750.0
664062.5
177 3 6
546875.0
1171875.0
316 3 6
937500.0
1718750.0
177 3 5
781250.0
625000.0
316 3 7
937500.0
1875000.0
316 3 7
1250000.0
1718750.0
316 3 6
859375.0
1718750.0
316 3 7
1171875.0
1718750.0
316 3 6
2500000.0
2031250.0
316 3 6
937500.0
1484375.0
316 3 6
937500.0
1328125.0
316 3 7
1484375.0
2343750.0
316 3 6
1484375.0
1718750.0
316 3 6
937500.0
1562500.0
316 3 5
1093750.0
1875000.0
316 3 6
937500.0
1328125.0
177 3 4
1328125.0
937500.0
316 3 6
1171875.0
1328125.0
316 3 6
937500.0
1562500.0
316 3 7
1250000.0
2031250.0
316 3 5
1093750.0
2031250.0
316 3 6
1718750.0
1484375.0
316 3 5
1171875.0
1875000.0
316 3 6
1406250.0
3437500.0
316 3 6
1093750.0
1562500.0
316 3 6
1484375.0
3437500.0
316 3 6
1171875.0
1250000.0
316 3 6
1406250.0
1718750.0
316 3 6
1171875.0
1562500.0
316 3 7
1250000.0
2187500.0
562 3 7
1875000.0
3437500.0
316 3 6
1093750.0
1640625.0
562 3 6
1718750.0
4062500.0
316 3 6
1093750.0
1718750.0
316 3 6
2187500.0
1718750.0
316 3 5
859375.0
1718750.0
562 3 7
1718750.0
3750000.0
316 3 6
1875000.0
1484375.0
562 3 7
1875000.0
3750000.0
562 3 7
2968750.0
5000000.0
562 3 7
6875000.0
6250000.0
562 3 7
2343750.0
4062500.0
562 3 8
2031250.0
3750000.0
562 3 7
3125000.0
4375000.0
562 3 7
2343750.0
4062500.0
562 3 8
5312500.0
7812500.0
562 3 8
2968750.0
4687500.0
562 3 7
2968750.0
4687500.0
562 3 8
2343750.0
3437500.0
562 3 7
2343750.0
3437500.0
562 3 7
2500000.0
4375000.0
562 3 8
2187500.0
4687500.0
562 3 7
1875000.0
3437500.0
562 3 6
2812500.0
4687500.0
316 3 6
2343750.0
3281250.0
562 3 7
2812500.0
4687500.0
562 3 8
2656250.0
4375000.0
562 3 7
3593750.0
1.0625E7
562 3 7
2343750.0
5625000.0
562 3 8
2031250.0
3750000.0
1000 3 8
4375000.0
1.375E7
562 3 7
3281250.0
4687500.0
562 3 7
2500000.0
4687500.0
1000 3 9
3750000.0
1.625E7
562 3 7
3125000.0
5000000.0
562 3 9
2656250.0
5312500.0
1000 3 8
1.5E7
1.5E7
1000 3 9
6562500.0
1.375E7
562 3 7
5000000.0
6562500.0
1000 3 8
6875000.0
1.375E7
562 3 7
6562500.0
8437500.0
1000 3 8
5000000.0
8750000.0
1000 3 9
6250000.0
1.125E7
1000 3 9
5625000.0
9375000.0
1000 3 9
6875000.0
8125000.0
562 3 6
6562500.0
9687500.0
562 3 8
6406250.0
1.0E7
1000 3 9
5937500.0
1.375E7
1000 3 8
5937500.0
1.25E7
1000 3 8
5312500.0
9375000.0
1000 3 8
5937500.0
1.0E7
1000 3 10
5937500.0
1.0625E7
1000 3 9
8125000.0
1.75E7
1000 3 8
5000000.0
1.125E7
1000 3 8
5312500.0
1.0625E7
1000 3 9
3750000.0
1.0E7
1000 3 8
5312500.0
1.0E7
1000 3 8
3750000.0
1.0625E7
1000 3 8
3750000.0
1.0625E7
1000 3 9
6250000.0
1.0E7
1000 3 9
6562500.0
1.0625E7
1000 3 8
6875000.0
1.0E7
1000 3 9
6562500.0
1.0625E7
1000 3 9
5000000.0
1.0625E7
1000 3 8
5000000.0
1.125E7
1000 3 8
1.15625E7
1.625E7
1778 3 10
1.0E7
3.25E7
1000 3 9
5937500.0
1.4375E7
1000 3 8
4687500.0
8750000.0
1000 3 9
8750000.0
2.1875E7
1778 3 10
1.5E7
7.0E7
1000 3 9
1.75E7
2.375E7
1778 3 10
8750000.0
4.75E7
1778 3 10
1.0E7
3.25E7
1778 3 10
1.0625E7
5.5E7
1778 3 9
1.0E7
2.5E7
1778 3 10
1.5E7
8.5E7
1778 3 10
8125000.0
3.25E7
1778 3 10
7500000.0
2.75E7
1778 3 10
1.125E7
4.0E7
1778 3 10
9375000.0
2.375E7
1778 3 10
2.1875E7
1.3E8
1778 3 10
2.125E7
1.3E8
1778 3 10
1.375E7
7.0E7
1778 3 10
2.625E7
3.0E7
1778 3 10
1.125E7
3.0E7
1778 3 10
7500000.0
2.75E7
1778 3 10
8750000.0
2.875E7
1778 3 10
2.125E7
3.0E7
1778 3 10
1.375E7
3.0E7
1778 3 10
1.375E7
2.75E7
1778 3 10
1.1875E7
2.75E7
1778 3 10
9375000.0
3.0E7
1778 3 10
1.375E7
2.75E7
1778 3 10
1.125E7
4.375E7
1778 3 10
1.25E7
2.75E7
1778 3 10
1.4375E7
3.0E7
3162 3 10
2.0E7
1.1E8
3162 3 10
2.0E7
1.3E8
1778 3 10
1.0625E7
3.25E7
3162 3 10
1.625E7
1.1E8
1778 3 10
1.25E7
2.5E7
3162 3 10
2.5E7
1.4E8
1778 3 10
9375000.0
3.5E7
1778 3 9
1.0625E7
3.25E7
3162 3 10
1.75E7
6.5E7
3162 3 10
2.125E7
1.3E8
3162 3 10
2.125E7
1.5E8
3162 3 10
1.5E7
7.0E7
3162 3 10
2.5E7
1.7E8
3162 3 10
1.5E7
1.1E8
3162 3 10
1.625E7
7.0E7
3162 3 10
2.5E7
1.5E8
3162 3 10
2.375E7
1.3E8
3162 3 10
3.0E7
3.3E8
1778 3 10
1.375E7
4.0E7
3162 3 10
5.0E7
2.5E8
3162 3 10
2.5E7
1.2E8
3162 3 10
7.0E7
2.7E8
3162 3 10
2.375E7
1.1E8
3162 3 10
3.0E7
1.3E8
3162 3 10
1.625E7
9.5E7
3162 3 10
6.5E7
1.2E8
3162 3 10
5.125E7
1.4E8
3162 3 10
5.125E7
1.4E8
3162 3 10
5.125E7
1.2E8
3162 3 10
1.625E7
9.5E7
3162 3 10
2.625E7
1.2E8
3162 3 10
2.75E7
1.1E8
3162 3 10
5.0E7
1.2E8
3162 3 10
1.875E7
1.4E8
3162 3 10
2.0E7
8.0E7
3162 3 10
2.0E7
7.0E7
5623 3 10
5.5E7
3.9E8
3162 3 10
1.75E7
3.5E8
5623 3 10
4.0E7
3.7E8
5623 3 10
3.0E7
2.8E8
5623 3 10
3.5E7
3.0E8
5623 3 10
3.0E7
3.0E8
5623 3 10
3.75E7
4.0E8
5623 3 10
3.5E7
4.1E8
5623 3 10
3.0E7
3.0E8
5623 3 10
3.75E7
4.2E8
5623 3 10
3.0E7
3.4E8
5623 3 10
2.75E7
3.2E8
5623 3 10
4.5E7
4.1E8
5623 3 10
4.5E7
3.7E8
5623 3 10
3.0E7
3.4E8
5623 3 10
4.0E7
4.1E8
5623 3 10
4.25E7
3.6E8
5623 3 10
4.75E7
3.9E8
5623 3 10
4.25E7
4.0E8
5623 3 10
5.25E7
3.9E8
5623 3 10
1.1E8
4.9E8
5623 3 10
9.75E7
4.9E8
5623 3 10
1.075E8
4.3E8
5623 3 10
4.5E7
3.3E8
5623 3 10
1.2E8
6.4E8
5623 3 10
4.25E7
3.1E8
5623 3 10
1.15E8
5.8E8
5623 3 10
4.0E7
3.6E8
5623 3 10
1.15E8
6.1E8
5623 3 10
4.25E7
4.7E8
5623 3 10
4.5E7
4.6E8
5623 3 10
1.1E8
6.4E8
5623 3 10
4.0E7
3.4E8
10000 3 10
7.5E7
1.06E9
10000 3 10
6.0E7
1.01E9
10000 3 10
7.0E7
1.16E9
10000 3 10
8.0E7
1.08E9
10000 3 10
7.5E7
1.18E9
10000 3 10
6.5E7
1.06E9
10000 3 10
6.0E7
1.26E9
10000 3 10
7.5E7
1.15E9
10000 3 10
1.05E8
1.28E9
10000 3 10
9.5E7
9.4E8
10000 3 10
8.0E7
1.3E9
10000 3 10
9.5E7
9.6E8
10000 3 10
7.5E7
1.27E9
10000 3 10
7.5E7
1.43E9
10000 3 10
8.0E7
1.4E9
10000 3 10
5.5E7
1.02E9
10000 3 10
8.5E7
1.42E9
10000 3 10
7.5E7
1.43E9
10000 3 10
8.5E7
1.17E9
10000 3 10
1.0E8
1.29E9
10000 3 10
1.05E8
1.23E9
10000 3 10
1.05E8
1.3E9
10000 3 10
8.0E7
1.64E9
10000 3 10
1.7E8
1.07E9
10000 3 10
1.1E8
1.48E9
10000 3 10
1.35E8
1.7E9
10000 3 10
1.1E8
1.6E9
10000 3 10
1.7E8
1.28E9
10000 3 10
8.0E7
1.59E9
10000 3 10
1.2E8
1.68E9
10000 3 10
1.6E8
1.81E9
10000 3 10
1.5E8
2.04E9
17782 3 10
1.7E8
3.38E9
17782 3 10
1.5E8
3.37E9
17782 3 10
1.3E8
3.9E9
17782 3 10
1.7E8
3.73E9
17782 3 10
1.7E8
3.44E9
17782 3 10
1.5E8
3.85E9
17782 3 10
1.8E8
3.41E9
17782 3 10
1.3E8
3.6E9
17782 3 10
1.7E8
3.76E9
17782 3 10
1.7E8
4.2E9
17782 3 10
3.5E8
3.81E9
17782 3 10
1.3E8
4.48E9
17782 3 10
1.6E8
3.77E9
17782 3 10
1.6E8
4.39E9
17782 3 10
1.5E8
3.62E9
17782 3 10
1.4E8
4.22E9
17782 3 10
2.1E8
4.26E9
17782 3 10
1.3E8
4.36E9
17782 3 10
1.6E8
4.42E9
17782 3 10
1.7E8
4.43E9
17782 3 10
1.4E8
4.55E9
17782 3 10
2.0E8
4.06E9
17782 3 10
1.4E8
4.67E9
17782 3 10
1.5E8
5.05E9
17782 3 10
2.7E8
4.5E9
17782 3 10
1.8E8
4.67E9
17782 3 10
2.0E8
4.3E9
17782 3 10
1.5E8
5.51E9
17782 3 10
2.0E8
5.1E9
17782 3 10
1.6E8
5.28E9
17782 3 10
2.4E8
4.58E9
17782 3 10
1.8E8
5.14E9
31622 3 10
3.2E8
1.274E10
31622 3 10
3.7E8
1.437E10
31622 3 10
3.3E8
1.338E10
31622 3 10
3.1E8
1.481E10
31622 3 10
2.7E8
1.496E10
31622 3 10
3.4E8
1.549E10
31622 3 10
3.1E8
1.612E10
31622 3 10
3.4E8
1.55E10
31622 3 10
3.2E8
1.604E10
31622 3 10
3.5E8
1.621E10
31622 3 10
3.4E8
1.772E10
31622 3 10
3.4E8
1.649E10
31622 3 10
2.9E8
1.719E10
31622 3 10
3.0E8
1.605E10
31622 3 10
4.0E8
1.582E10
31622 3 10
2.9E8
1.678E10
31622 3 10
4.5E8
1.652E10
31622 3 10
4.7E8
1.57E10
31622 3 10
2.6E8
1.833E10
31622 3 10
4.7E8
1.53E10
31622 3 10
3.2E8
1.702E10
31622 3 10
4.9E8
1.619E10
31622 3 10
3.5E8
1.753E10
31622 3 10
3.5E8
1.776E10
31622 3 10
3.9E8
1.765E10
31622 3 10
3.2E8
1.828E10
31622 3 10
4.4E8
1.704E10
31622 3 10
2.8E8
1.939E10
31622 3 10
3.7E8
1.824E10
31622 3 10
3.8E8
2.104E10
31622 3 10
4.0E8
2.111E10
31622 3 10
4.0E8
2.065E10
56234 3 10
8.2E8
5.051E10
56234 3 10
7.2E8
5.129E10
56234 3 10
8.0E8
5.251E10
56234 3 10
1.11E9
5.038E10
56234 3 10
8.0E8
5.503E10
56234 3 10
7.1E8
5.619E10
56234 3 10
7.5E8
5.868E10
56234 3 10
6.3E8
6.381E10
56234 3 10
8.5E8
6.316E10
56234 3 10
8.2E8
6.413E10
56234 3 10
5.9E8
6.273E10
56234 3 10
7.5E8
6.444E10
56234 3 10
7.1E8
6.407E10
56234 3 10
7.5E8
6.446E10
56234 3 10
7.9E8
6.741E10
56234 3 10
7.8E8
6.598E10
56234 3 10
8.5E8
6.539E10
56234 3 10
8.4E8
6.678E10
56234 3 10
6.3E8
6.868E10
56234 3 10
6.8E8
6.76E10
56234 3 10
9.6E8
6.795E10
56234 3 10
7.7E8
6.929E10
56234 3 10
6.5E8
6.889E10
56234 3 10
6.9E8
6.4E10
56234 3 10
6.9E8
6.906E10
56234 3 10
6.0E8
7.073E10
56234 3 10
1.22E9
6.78E10
56234 3 10
7.3E8
7.192E10
56234 3 10
6.0E8
7.049E10
56234 3 10
9.1E8
7.235E10
56234 3 10
6.7E8
6.976E10
56234 3 10
8.0E8
7.171E10
100000 3 10
1.2E9
2.1947E11
100000 3 10
1.36E9
2.179E11
100000 3 10
1.17E9
2.2357E11
100000 3 10
1.06E9
2.202E11
100000 3 10
1.29E9
2.2202E11
100000 3 10
1.3E9
2.4033E11
100000 3 10
1.17E9
2.2203E11
100000 3 10
1.46E9
2.1922E11
100000 3 10
1.25E9
2.4019E11
100000 3 10
1.32E9
2.2978E11
100000 3 10
1.3E9
2.4409E11
100000 3 10
1.41E9
2.461E11
100000 3 10
1.57E9
2.3278E11
100000 3 10
1.53E9
2.3212E11
100000 3 10
1.47E9
2.3498E11
100000 3 10
1.55E9
2.3893E11
100000 3 10
1.58E9
2.3679E11
100000 3 10
1.52E9
2.3986E11
100000 3 10
1.27E9
2.3893E11
100000 3 10
1.19E9
2.3079E11
100000 3 10
1.33E9
2.3322E11
100000 3 10
1.5E9
2.4027E11
100000 3 10
1.41E9
2.4776E11
100000 3 10
1.44E9
2.3675E11
100000 3 10
1.55E9
2.4376E11
100000 3 10
1.53E9
2.371E11
100000 3 10
1.71E9
2.4291E11
100000 3 10
1.76E9
2.4641E11
100000 3 10
1.34E9
2.498E11
100000 3 10
1.28E9
2.4145E11
100000 3 10
1.78E9
2.4726E11
100000 3 10
1.39E9
2.5257E11
