100 3 4
253906.25
214843.75
100 3 5
273437.5
214843.75
100 3 4
292968.75
214843.75
100 3 5
273437.5
214843.75
100 3 5
292968.75
214843.75
100 3 4
312500.0
214843.75
100 3 4
234375.0
214843.75
100 3 5
234375.0
214843.75
100 3 5
253906.25
253906.25
100 3 4
273437.5
214843.75
100 3 4
273437.5
214843.75
100 3 4
292968.75
214843.75
100 3 4
292968.75
214843.75
100 3 4
273437.5
214843.75
100 3 5
312500.0
234375.0
100 3 4
253906.25
234375.0
100 3 4
273437.5
214843.75
100 3 4
234375.0
214843.75
100 3 4
273437.5
214843.75
100 3 4
253906.25
253906.25
100 3 5
214843.75
214843.75
100 3 4
273437.5
253906.25
100 3 4
292968.75
214843.75
100 3 4
292968.75
234375.0
100 3 4
292968.75
234375.0
100 3 4
273437.5
214843.75
100 3 4
234375.0
234375.0
100 3 4
234375.0
214843.75
100 3 4
273437.5
253906.25
100 3 4
234375.0
234375.0
100 3 4
253906.25
234375.0
100 3 4
292968.75
205078.125
177 3 5
1093750.0
546875.0
177 3 6
1250000.0
468750.0
177 3 4
507812.5
585937.5
177 3 6
1250000.0
546875.0
177 3 5
859375.0
507812.5
177 3 7
585937.5
468750.0
177 3 7
585937.5
507812.5
177 3 5
664062.5
546875.0
177 3 5
625000.0
546875.0
177 3 6
703125.0
585937.5
177 3 5
625000.0
468750.0
177 3 5
585937.5
625000.0
177 3 5
546875.0
585937.5
177 3 5
546875.0
546875.0
177 3 5
585937.5
585937.5
177 3 6
937500.0
664062.5
177 3 5
585937.5
546875.0
177 3 5
625000.0
625000.0
177 3 5
507812.5
585937.5
177 3 5
703125.0
585937.5
177 3 5
546875.0
546875.0
177 3 5
1093750.0
703125.0
177 3 5
546875.0
664062.5
177 3 6
585937.5
507812.5
177 3 5
625000.0
585937.5
177 3 6
625000.0
546875.0
177 3 5
742187.5
546875.0
177 3 4
664062.5
585937.5
177 3 5
703125.0
664062.5
177 3 5
507812.5
546875.0
177 3 5
507812.5
585937.5
177 3 5
468750.0
820312.5
316 3 6
1015625.0
1718750.0
316 3 5
1093750.0
1718750.0
316 3 6
1250000.0
1718750.0
316 3 6
1250000.0
1718750.0
316 3 6
1250000.0
1718750.0
316 3 6
1093750.0
1250000.0
316 3 6
1093750.0
2031250.0
316 3 6
1250000.0
1406250.0
316 3 7
1015625.0
2343750.0
316 3 6
1250000.0
2187500.0
316 3 6
1250000.0
1484375.0
316 3 6
1093750.0
1718750.0
316 3 6
1171875.0
1250000.0
316 3 7
1562500.0
1406250.0
316 3 5
1171875.0
2343750.0
316 3 5
1328125.0
1484375.0
316 3 6
1328125.0
1406250.0
316 3 7
1015625.0
1484375.0
316 3 6
1640625.0
1796875.0
316 3 6
1250000.0
1562500.0
316 3 7
1171875.0
1406250.0
316 3 5
1015625.0
1484375.0
316 3 6
1171875.0
1406250.0
316 3 6
2187500.0
2187500.0
316 3 6
937500.0
1562500.0
316 3 6
1093750.0
3437500.0
316 3 7
1328125.0
1406250.0
316 3 6
1406250.0
1562500.0
316 3 6
1328125.0
2031250.0
316 3 6
1171875.0
1562500.0
316 3 5
1250000.0
1484375.0
316 3 6
1093750.0
1718750.0
562 3 7
2031250.0
4062500.0
562 3 7
2343750.0
4375000.0
562 3 7
2500000.0
3750000.0
562 3 7
2343750.0
7500000.0
562 3 7
2031250.0
4687500.0
562 3 7
2343750.0
4375000.0
562 3 8
2343750.0
4375000.0
562 3 7
2343750.0
7500000.0
562 3 7
2812500.0
3750000.0
562 3 7
3125000.0
7500000.0
562 3 7
2812500.0
4062500.0
562 3 7
2343750.0
6875000.0
562 3 7
2187500.0
4687500.0
562 3 8
2187500.0
4062500.0
562 3 8
2343750.0
4375000.0
562 3 7
2968750.0
8125000.0
562 3 8
2812500.0
3750000.0
562 3 7
2812500.0
6875000.0
562 3 7
2812500.0
4375000.0
562 3 7
2500000.0
6875000.0
562 3 7
3437500.0
7187500.0
562 3 8
2187500.0
3750000.0
562 3 8
2343750.0
4062500.0
562 3 7
2187500.0
4062500.0
562 3 7
2968750.0
4062500.0
562 3 8
2812500.0
4375000.0
562 3 7
2968750.0
4062500.0
562 3 8
2343750.0
3750000.0
562 3 9
2812500.0
4687500.0
562 3 8
2500000.0
4062500.0
562 3 7
4062500.0
5000000.0
1000 3 8
5000000.0
9375000.0
562 3 7
2187500.0
4687500.0
1000 3 8
5937500.0
8750000.0
1000 3 9
5625000.0
9375000.0
1000 3 9
5625000.0
1.0E7
1000 3 8
6250000.0
1.375E7
1000 3 8
5625000.0
8750000.0
1000 3 9
4062500.0
1.125E7
1000 3 8
4375000.0
1.1875E7
1000 3 8
6562500.0
1.375E7
1000 3 8
4375000.0
1.0E7
1000 3 9
5625000.0
1.0625E7
1000 3 9
4687500.0
1.0625E7
1000 3 9
5625000.0
1.1875E7
1000 3 8
8437500.0
1.375E7
1000 3 9
4375000.0
1.0E7
1000 3 9
8437500.0
1.5E7
1000 3 9
8125000.0
1.5E7
1000 3 9
5000000.0
1.25E7
1000 3 8
4687500.0
1.3125E7
1000 3 9
5937500.0
1.25E7
1000 3 10
7812500.0
1.5E7
1000 3 9
5937500.0
1.25E7
1000 3 8
9687500.0
1.375E7
1000 3 9
5937500.0
9375000.0
1000 3 9
4687500.0
1.0625E7
1000 3 8
5312500.0
1.25E7
1000 3 9
5625000.0
1.3125E7
1000 3 9
5937500.0
1.375E7
1000 3 9
7500000.0
1.625E7
1000 3 9
7500000.0
1.625E7
1000 3 8
4687500.0
1.0625E7
1778 3 11
8750000.0
2.25E7
1778 3 11
1.0E7
3.0E7
1778 3 10
9375000.0
2.75E7
1778 3 10
1.0625E7
3.5E7
1778 3 11
1.625E7
6.0E7
1778 3 9
1.0E7
3.0E7
1778 3 11
1.125E7
3.0E7
1778 3 10
1.625E7
3.5E7
1000 3 8
5000000.0
1.3125E7
1778 3 10
1.0E7
3.0E7
1778 3 11
1.0E7
2.75E7
1778 3 9
1.25E7
2.75E7
1778 3 11
1.375E7
2.75E7
1778 3 10
1.75E7
3.25E7
1778 3 10
1.0625E7
4.0E7
1778 3 10
9375000.0
3.0E7
1778 3 9
8125000.0
3.25E7
1778 3 10
9375000.0
3.5E7
1778 3 11
1.0E7
3.25E7
1778 3 10
1.0625E7
3.0E7
1778 3 10
2.0E7
3.25E7
1778 3 10
1.25E7
2.75E7
1778 3 10
1.0E7
3.25E7
1778 3 10
1.0E7
3.5E7
1778 3 10
1.25E7
3.25E7
1778 3 11
2.0E7
4.0E7
1778 3 10
1.375E7
4.0E7
1778 3 10
1.9375E7
5.0E7
3162 3 12
1.875E7
1.2E8
1778 3 10
1.375E7
5.0E7
1778 3 10
1.3125E7
3.125E7
3162 3 12
2.375E7
1.1E8
1778 3 10
1.1875E7
3.5E7
3162 3 12
2.5E7
1.2E8
3162 3 12
2.5E7
1.2E8
3162 3 12
3.0E7
1.3E8
3162 3 12
2.0E7
1.4E8
3162 3 12
2.375E7
1.9E8
3162 3 12
2.25E7
1.6E8
3162 3 12
2.25E7
1.2E8
3162 3 12
2.25E7
1.2E8
3162 3 12
2.0E7
1.1E8
3162 3 12
2.25E7
1.2E8
3162 3 12
5.0E7
1.2E8
3162 3 12
3.875E7
1.3E8
3162 3 12
1.75E7
1.2E8
3162 3 12
1.75E7
1.2E8
1778 3 10
1.1875E7
3.125E7
3162 3 12
1.875E7
1.4E8
3162 3 12
2.125E7
1.4E8
3162 3 12
2.25E7
1.4E8
3162 3 12
2.0E7
1.1E8
3162 3 12
1.875E7
1.5E8
3162 3 12
2.125E7
1.3E8
3162 3 12
2.0E7
1.4E8
3162 3 12
2.375E7
1.4E8
3162 3 12
1.875E7
1.2E8
1778 3 11
1.0E7
2.75E7
3162 3 12
1.875E7
1.1E8
3162 3 12
2.5E7
1.2E8
3162 3 12
2.0E7
1.2E8
3162 3 12
2.25E7
1.4E8
3162 3 12
2.375E7
1.2E8
3162 3 12
2.25E7
2.1E8
3162 3 11
2.25E7
2.6E8
5623 3 12
5.5E7
3.8E8
5623 3 12
5.0E7
3.3E8
5623 3 12
4.75E7
3.6E8
5623 3 12
3.75E7
3.5E8
5623 3 12
4.0E7
3.7E8
5623 3 12
5.0E7
3.7E8
5623 3 12
4.0E7
3.3E8
5623 3 12
3.5E7
3.0E8
5623 3 12
3.75E7
3.2E8
5623 3 12
6.0E7
3.6E8
5623 3 12
5.5E7
3.2E8
5623 3 12
6.25E7
3.3E8
5623 3 12
5.25E7
3.5E8
5623 3 12
3.75E7
3.4E8
5623 3 12
3.5E7
3.6E8
5623 3 12
5.0E7
3.3E8
5623 3 12
8.0E7
3.7E8
5623 3 12
6.25E7
4.1E8
5623 3 12
6.5E7
3.5E8
5623 3 12
6.25E7
3.7E8
5623 3 12
8.5E7
3.7E8
5623 3 12
4.75E7
3.3E8
5623 3 12
3.75E7
3.2E8
5623 3 12
4.25E7
3.3E8
5623 3 12
4.25E7
3.2E8
5623 3 12
4.0E7
3.4E8
5623 3 12
4.5E7
3.8E8
5623 3 12
4.25E7
3.7E8
5623 3 12
1.2E8
4.6E8
5623 3 12
4.75E7
5.1E8
5623 3 12
4.25E7
5.0E8
5623 3 12
7.25E7
5.0E8
10000 3 12
6.5E7
1.0E9
10000 3 12
1.1E8
1.04E9
10000 3 12
1.1E8
1.05E9
10000 3 12
8.5E7
1.09E9
10000 3 12
1.1E8
1.04E9
10000 3 12
8.5E7
1.05E9
10000 3 12
1.1E8
1.27E9
10000 3 12
7.5E7
1.03E9
10000 3 12
8.0E7
1.07E9
10000 3 12
8.0E7
1.03E9
10000 3 12
8.0E7
9.4E8
10000 3 12
1.0E8
1.24E9
10000 3 12
7.0E7
9.9E8
10000 3 12
1.05E8
1.16E9
10000 3 12
8.0E7
9.7E8
10000 3 12
1.2E8
1.35E9
10000 3 12
1.1E8
1.27E9
10000 3 12
7.0E7
1.04E9
10000 3 12
7.0E7
1.08E9
10000 3 12
1.0E8
9.9E8
10000 3 12
9.5E7
1.21E9
10000 3 12
1.0E8
1.22E9
10000 3 12
1.0E8
1.18E9
10000 3 12
9.5E7
1.21E9
10000 3 12
1.8E8
1.43E9
10000 3 12
1.9E8
1.72E9
10000 3 12
1.75E8
1.57E9
10000 3 12
1.6E8
1.73E9
10000 3 12
1.0E8
1.63E9
10000 3 12
1.6E8
1.45E9
10000 3 12
2.0E8
1.56E9
10000 3 12
1.4E8
1.68E9
17782 3 12
1.3E8
3.52E9
17782 3 12
1.6E8
3.52E9
17782 3 12
1.4E8
3.52E9
17782 3 12
1.4E8
3.39E9
17782 3 12
1.4E8
3.39E9
17782 3 12
1.4E8
3.78E9
17782 3 12
1.4E8
3.79E9
17782 3 12
1.9E8
3.52E9
17782 3 12
1.8E8
3.43E9
17782 3 12
1.5E8
3.48E9
17782 3 12
2.1E8
3.58E9
17782 3 12
1.9E8
3.51E9
17782 3 12
1.7E8
3.85E9
17782 3 12
2.4E8
3.55E9
17782 3 12
2.6E8
3.13E9
17782 3 12
1.8E8
3.31E9
17782 3 12
1.8E8
3.96E9
17782 3 12
1.8E8
3.72E9
17782 3 12
1.9E8
4.03E9
17782 3 12
2.0E8
4.49E9
17782 3 12
1.7E8
4.26E9
17782 3 12
2.0E8
4.54E9
17782 3 12
1.6E8
4.59E9
17782 3 12
1.8E8
4.86E9
17782 3 12
2.7E8
3.68E9
17782 3 12
2.1E8
4.73E9
17782 3 12
1.9E8
4.7E9
17782 3 12
2.5E8
4.72E9
17782 3 12
1.9E8
5.04E9
17782 3 12
2.2E8
4.51E9
17782 3 12
2.1E8
4.5E9
17782 3 12
2.2E8
5.33E9
31622 3 12
3.1E8
1.227E10
31622 3 12
3.2E8
1.351E10
31622 3 12
2.9E8
1.359E10
31622 3 12
4.7E8
1.188E10
31622 3 12
3.0E8
1.3E10
31622 3 12
3.6E8
1.372E10
31622 3 12
2.7E8
1.256E10
31622 3 12
4.0E8
1.381E10
31622 3 12
4.6E8
1.262E10
31622 3 12
2.9E8
1.485E10
31622 3 12
3.2E8
1.45E10
31622 3 12
3.1E8
1.547E10
31622 3 12
3.5E8
1.564E10
31622 3 12
3.9E8
1.526E10
31622 3 12
3.9E8
1.593E10
31622 3 12
3.9E8
1.613E10
31622 3 12
4.3E8
1.532E10
31622 3 12
5.4E8
1.543E10
31622 3 12
3.9E8
1.672E10
31622 3 12
3.4E8
1.676E10
31622 3 12
3.7E8
1.736E10
31622 3 12
5.5E8
1.593E10
31622 3 12
4.1E8
1.822E10
31622 3 12
3.6E8
1.869E10
31622 3 12
3.4E8
1.825E10
31622 3 12
3.1E8
1.939E10
31622 3 12
4.4E8
1.836E10
31622 3 12
4.3E8
1.78E10
31622 3 12
4.1E8
1.881E10
31622 3 12
4.5E8
2.05E10
31622 3 12
6.2E8
2.028E10
31622 3 12
6.2E8
2.045E10
56234 3 12
6.5E8
4.567E10
56234 3 12
7.3E8
4.973E10
56234 3 12
6.2E8
5.697E10
56234 3 12
5.6E8
5.752E10
56234 3 12
5.8E8
5.679E10
56234 3 12
6.3E8
5.849E10
56234 3 12
8.3E8
5.448E10
56234 3 12
5.9E8
6.019E10
56234 3 12
7.1E8
6.075E10
56234 3 12
5.8E8
5.552E10
56234 3 12
6.0E8
5.744E10
56234 3 12
5.9E8
5.61E10
56234 3 12
9.9E8
5.519E10
56234 3 12
6.6E8
5.855E10
56234 3 12
7.0E8
6.218E10
56234 3 12
5.4E8
6.327E10
56234 3 12
5.6E8
6.188E10
56234 3 12
7.0E8
6.008E10
56234 3 12
9.4E8
5.883E10
56234 3 12
8.1E8
5.975E10
56234 3 12
7.9E8
5.79E10
56234 3 12
9.5E8
5.795E10
56234 3 12
7.2E8
6.26E10
56234 3 12
6.1E8
6.073E10
56234 3 12
9.1E8
5.889E10
56234 3 12
7.6E8
6.1E10
56234 3 12
1.0E9
6.643E10
56234 3 12
6.9E8
6.865E10
56234 3 12
8.6E8
6.601E10
56234 3 12
1.06E9
7.266E10
56234 3 12
7.2E8
7.352E10
56234 3 12
8.8E8
7.272E10
100000 3 12
1.29E9
1.9831E11
100000 3 12
1.22E9
2.0534E11
100000 3 12
1.13E9
2.1018E11
100000 3 12
1.31E9
2.2218E11
100000 3 12
1.25E9
2.2409E11
100000 3 12
1.51E9
2.2837E11
100000 3 12
1.48E9
2.1794E11
100000 3 12
1.64E9
2.2017E11
100000 3 12
1.4E9
2.342E11
100000 3 12
1.41E9
2.2882E11
100000 3 12
1.4E9
2.2959E11
100000 3 12
1.61E9
2.321E11
100000 3 12
1.48E9
2.2958E11
100000 3 12
1.4E9
2.2514E11
100000 3 12
1.51E9
2.2961E11
100000 3 12
1.55E9
2.3353E11
100000 3 12
1.32E9
2.4542E11
100000 3 12
1.36E9
2.4543E11
100000 3 12
1.53E9
2.3933E11
100000 3 12
1.44E9
2.4437E11
100000 3 12
1.49E9
2.4504E11
100000 3 12
1.52E9
2.3237E11
100000 3 12
1.62E9
2.4161E11
100000 3 12
1.35E9
2.4206E11
100000 3 12
1.72E9
2.4907E11
100000 3 12
1.65E9
2.4498E11
100000 3 12
1.41E9
2.4496E11
100000 3 12
1.65E9
2.4955E11
100000 3 12
1.5E9
2.5082E11
100000 3 12
1.5E9
2.5492E11
100000 3 12
1.72E9
2.5285E11
100000 3 12
1.63E9
2.5364E11
