100 3 4
468750.0
214843.75
100 3 4
273437.5
234375.0
100 3 4
234375.0
214843.75
100 3 4
468750.0
253906.25
100 3 4
253906.25
253906.25
100 3 4
234375.0
234375.0
100 3 4
273437.5
234375.0
100 3 3
273437.5
214843.75
100 3 4
292968.75
214843.75
100 3 4
273437.5
234375.0
100 3 5
273437.5
214843.75
100 3 3
292968.75
214843.75
100 3 5
292968.75
214843.75
100 3 4
312500.0
214843.75
100 3 4
273437.5
234375.0
100 3 4
253906.25
214843.75
100 3 4
234375.0
273437.5
100 3 4
253906.25
234375.0
100 3 5
273437.5
214843.75
100 3 4
253906.25
234375.0
100 3 4
273437.5
214843.75
100 3 4
273437.5
234375.0
100 3 4
292968.75
234375.0
100 3 5
273437.5
234375.0
100 3 4
292968.75
234375.0
100 3 4
292968.75
253906.25
100 3 4
273437.5
214843.75
100 3 5
273437.5
214843.75
100 3 5
234375.0
234375.0
100 3 6
429687.5
205078.125
100 3 5
253906.25
205078.125
100 3 5
273437.5
205078.125
177 3 5
468750.0
546875.0
177 3 5
546875.0
468750.0
177 3 5
625000.0
546875.0
177 3 5
585937.5
507812.5
177 3 5
703125.0
468750.0
177 3 4
820312.5
546875.0
177 3 5
507812.5
585937.5
177 3 5
546875.0
546875.0
177 3 5
742187.5
546875.0
177 3 5
546875.0
546875.0
177 3 5
507812.5
546875.0
177 3 5
546875.0
546875.0
177 3 6
625000.0
585937.5
177 3 6
664062.5
507812.5
177 3 5
781250.0
468750.0
177 3 5
625000.0
585937.5
177 3 5
625000.0
585937.5
177 3 5
625000.0
585937.5
177 3 5
546875.0
625000.0
177 3 6
703125.0
546875.0
177 3 5
546875.0
585937.5
177 3 5
664062.5
546875.0
177 3 6
546875.0
507812.5
177 3 5
820312.5
546875.0
177 3 5
664062.5
585937.5
177 3 6
781250.0
585937.5
177 3 5
468750.0
585937.5
177 3 6
546875.0
625000.0
177 3 5
781250.0
585937.5
177 3 5
781250.0
585937.5
177 3 5
429687.5
546875.0
177 3 5
546875.0
664062.5
316 3 5
1093750.0
1875000.0
316 3 5
1875000.0
1718750.0
316 3 6
1640625.0
1250000.0
316 3 6
1093750.0
1484375.0
316 3 6
1093750.0
1406250.0
316 3 6
1328125.0
1562500.0
316 3 6
1093750.0
1406250.0
316 3 6
1093750.0
1875000.0
316 3 7
1093750.0
1328125.0
316 3 6
1171875.0
1406250.0
316 3 6
1328125.0
1484375.0
316 3 6
1171875.0
1328125.0
316 3 6
1171875.0
1640625.0
316 3 6
1093750.0
1718750.0
316 3 6
1250000.0
1328125.0
316 3 7
1640625.0
1250000.0
316 3 7
1250000.0
1484375.0
316 3 6
1171875.0
1484375.0
316 3 6
1328125.0
1406250.0
316 3 6
1250000.0
1406250.0
316 3 6
937500.0
1562500.0
316 3 7
1328125.0
1406250.0
316 3 6
1328125.0
1562500.0
316 3 6
937500.0
1562500.0
316 3 6
1250000.0
1406250.0
316 3 6
859375.0
1406250.0
316 3 6
1250000.0
1484375.0
316 3 6
1562500.0
1953125.0
316 3 6
1328125.0
2031250.0
316 3 6
1406250.0
1796875.0
316 3 6
1250000.0
1484375.0
316 3 6
1093750.0
1640625.0
562 3 8
2187500.0
4687500.0
562 3 7
2968750.0
4375000.0
562 3 7
2031250.0
4687500.0
562 3 7
1718750.0
4062500.0
562 3 7
2031250.0
4062500.0
562 3 7
2187500.0
5312500.0
562 3 9
2343750.0
4375000.0
562 3 7
2031250.0
4062500.0
562 3 8
2031250.0
4375000.0
562 3 7
2031250.0
4687500.0
562 3 8
2031250.0
6875000.0
562 3 7
2812500.0
3750000.0
562 3 7
2500000.0
4375000.0
562 3 7
2343750.0
4062500.0
562 3 7
2656250.0
4375000.0
562 3 7
2031250.0
4062500.0
562 3 7
2187500.0
4687500.0
562 3 8
2187500.0
6562500.0
562 3 7
2500000.0
4687500.0
562 3 8
2187500.0
6562500.0
562 3 9
2343750.0
6562500.0
562 3 7
1875000.0
4375000.0
562 3 7
2187500.0
4062500.0
562 3 7
2656250.0
4062500.0
562 3 7
2500000.0
4687500.0
562 3 7
2343750.0
4687500.0
562 3 7
2343750.0
4375000.0
562 3 8
2343750.0
3750000.0
562 3 7
2656250.0
5312500.0
562 3 7
2500000.0
4687500.0
562 3 8
2500000.0
5000000.0
562 3 8
3593750.0
3437500.0
1000 3 9
8125000.0
1.0E7
1000 3 9
4687500.0
1.125E7
1000 3 9
5312500.0
1.375E7
1000 3 9
4062500.0
2.25E7
1000 3 8
6875000.0
1.625E7
1000 3 8
4062500.0
1.0E7
1000 3 9
5625000.0
8750000.0
1000 3 8
4062500.0
1.0625E7
1000 3 8
5000000.0
1.375E7
1000 3 9
4062500.0
1.0E7
1000 3 9
4375000.0
1.25E7
1000 3 8
5000000.0
1.3125E7
1000 3 9
4375000.0
1.0E7
1000 3 8
3750000.0
1.1875E7
1000 3 9
4687500.0
1.0E7
1000 3 10
4375000.0
1.0625E7
1000 3 9
4062500.0
1.0E7
1000 3 9
4375000.0
1.1875E7
1000 3 8
4375000.0
1.0E7
1000 3 9
5000000.0
1.0E7
1000 3 10
5000000.0
1.125E7
1000 3 9
4687500.0
1.25E7
1000 3 9
4687500.0
1.1875E7
1000 3 9
5312500.0
1.1875E7
1000 3 9
5000000.0
1.0E7
1000 3 9
5312500.0
1.0E7
1000 3 9
5000000.0
1.0625E7
1000 3 9
9375000.0
9375000.0
1000 3 9
5000000.0
1.0625E7
1000 3 9
5937500.0
1.125E7
1000 3 9
7187500.0
1.0E7
1778 3 12
9375000.0
4.25E7
1778 3 11
1.0E7
3.0E7
1778 3 11
8750000.0
5.0E7
1000 3 9
5312500.0
1.875E7
1778 3 11
1.0E7
3.0E7
1778 3 11
8750000.0
3.5E7
1778 3 11
1.0E7
2.75E7
1778 3 10
9375000.0
3.75E7
1778 3 12
1.125E7
2.75E7
1778 3 10
1.625E7
2.75E7
1778 3 10
1.5E7
3.0E7
1778 3 11
1.0625E7
4.0E7
1778 3 11
1.75E7
3.0E7
1778 3 10
1.0E7
4.0E7
1778 3 11
1.25E7
3.75E7
1778 3 11
1.125E7
3.75E7
3162 3 13
3.0E7
1.3E8
1778 3 10
1.5E7
3.75E7
1778 3 11
1.125E7
3.75E7
1778 3 10
1.1875E7
3.5E7
1778 3 11
1.0625E7
2.625E7
1778 3 11
1.25E7
3.0E7
1778 3 10
1.0625E7
3.75E7
1778 3 10
1.0625E7
4.0E7
1778 3 10
1.25E7
3.5E7
1778 3 10
2.0E7
3.0E7
1778 3 10
1.1875E7
3.5E7
1778 3 11
1.375E7
2.75E7
1778 3 10
1.0625E7
2.75E7
1778 3 11
1.3125E7
2.75E7
1778 3 10
1.0625E7
2.875E7
3162 3 13
1.75E7
1.3E8
3162 3 12
2.25E7
1.5E8
3162 3 13
2.375E7
1.8E8
1778 3 11
1.0625E7
2.875E7
3162 3 13
2.25E7
1.3E8
1778 3 11
1.0625E7
4.0E7
1778 3 11
1.1875E7
4.75E7
3162 3 12
2.0E7
1.1E8
3162 3 13
2.375E7
1.4E8
3162 3 12
2.0E7
8.0E7
3162 3 12
2.25E7
1.5E8
3162 3 13
1.875E7
1.1E8
3162 3 12
2.0E7
1.4E8
3162 3 12
2.5E7
1.4E8
3162 3 13
2.25E7
1.3E8
3162 3 13
1.875E7
1.1E8
3162 3 13
2.25E7
1.2E8
3162 3 13
2.25E7
1.4E8
3162 3 12
2.0E7
1.1E8
3162 3 13
2.0E7
1.1E8
3162 3 13
2.5E7
1.4E8
3162 3 13
2.375E7
1.4E8
3162 3 12
2.25E7
1.5E8
3162 3 12
1.75E7
7.5E7
3162 3 12
2.75E7
8.5E7
3162 3 14
2.25E7
7.5E7
3162 3 13
2.625E7
1.2E8
3162 3 13
2.625E7
1.2E8
3162 3 13
2.0E7
1.4E8
3162 3 12
1.875E7
1.1E8
3162 3 12
2.0E7
1.6E8
3162 3 12
1.75E7
8.5E7
3162 3 15
2.0E7
1.2E8
3162 3 12
1.875E7
1.2E8
5623 3 15
3.75E7
3.5E8
5623 3 15
3.75E7
3.1E8
5623 3 15
4.5E7
3.3E8
5623 3 15
4.5E7
2.9E8
5623 3 15
4.25E7
3.7E8
5623 3 14
4.25E7
2.7E8
5623 3 16
4.25E7
4.0E8
5623 3 14
3.5E7
3.3E8
5623 3 15
4.25E7
3.3E8
5623 3 14
3.25E7
3.9E8
5623 3 15
5.5E7
3.1E8
5623 3 15
3.25E7
3.6E8
5623 3 14
4.25E7
2.6E8
5623 3 15
7.5E7
3.2E8
5623 3 15
3.75E7
3.7E8
5623 3 14
3.75E7
2.8E8
5623 3 15
3.75E7
3.6E8
5623 3 15
4.0E7
3.5E8
5623 3 15
4.25E7
3.2E8
5623 3 15
3.75E7
3.4E8
5623 3 15
3.75E7
3.3E8
5623 3 15
3.75E7
3.6E8
5623 3 15
4.0E7
3.7E8
5623 3 14
5.0E7
3.3E8
5623 3 16
3.25E7
2.7E8
5623 3 16
3.75E7
3.7E8
5623 3 14
3.75E7
4.0E8
5623 3 16
3.25E7
2.8E8
5623 3 15
3.5E7
3.0E8
5623 3 15
3.25E7
3.0E8
5623 3 15
3.75E7
3.5E8
5623 3 14
4.25E7
4.2E8
10000 3 17
7.0E7
9.2E8
10000 3 17
1.0E8
8.8E8
10000 3 17
9.0E7
9.0E8
10000 3 18
9.0E7
8.4E8
10000 3 17
7.5E7
8.4E8
10000 3 17
1.25E8
1.0E9
10000 3 17
6.5E7
8.0E8
10000 3 17
1.1E8
1.21E9
10000 3 18
1.5E8
9.8E8
10000 3 17
7.0E7
1.01E9
10000 3 17
1.1E8
1.05E9
10000 3 17
6.5E7
8.0E8
10000 3 17
9.0E7
1.01E9
10000 3 17
6.5E7
8.0E8
10000 3 18
1.15E8
1.06E9
10000 3 17
9.5E7
1.01E9
10000 3 17
9.5E7
9.8E8
10000 3 17
1.45E8
1.11E9
10000 3 17
1.05E8
1.02E9
10000 3 17
7.5E7
7.7E8
10000 3 17
9.5E7
1.01E9
10000 3 17
9.5E7
1.08E9
10000 3 17
1.05E8
1.0E9
10000 3 17
9.0E7
1.04E9
10000 3 18
7.0E7
9.9E8
10000 3 17
9.5E7
1.05E9
10000 3 17
8.5E7
9.9E8
10000 3 17
9.5E7
9.8E8
10000 3 17
1.0E8
9.5E8
10000 3 17
9.5E7
1.06E9
10000 3 17
1.15E8
8.6E8
10000 3 17
9.5E7
1.05E9
17782 3 18
1.7E8
2.42E9
17782 3 18
1.6E8
2.44E9
17782 3 18
1.5E8
2.48E9
17782 3 18
1.4E8
2.48E9
17782 3 18
1.9E8
2.56E9
17782 3 18
1.4E8
2.55E9
17782 3 18
2.7E8
2.92E9
17782 3 18
1.4E8
2.99E9
17782 3 18
1.7E8
2.44E9
17782 3 18
2.0E8
2.9E9
17782 3 18
1.9E8
2.9E9
17782 3 18
2.1E8
2.87E9
17782 3 18
2.2E8
3.18E9
17782 3 18
1.6E8
2.72E9
17782 3 18
1.9E8
2.94E9
17782 3 18
1.3E8
2.85E9
17782 3 18
1.4E8
3.03E9
17782 3 18
1.6E8
2.93E9
17782 3 18
1.5E8
3.19E9
17782 3 18
1.9E8
2.95E9
17782 3 18
1.4E8
3.15E9
17782 3 18
1.4E8
3.16E9
17782 3 18
2.1E8
3.12E9
17782 3 18
1.7E8
3.04E9
17782 3 18
1.5E8
3.32E9
17782 3 18
1.8E8
3.09E9
17782 3 18
1.9E8
3.16E9
17782 3 18
1.5E8
3.41E9
17782 3 18
1.7E8
3.2E9
17782 3 18
2.7E8
3.13E9
17782 3 18
1.5E8
2.95E9
17782 3 18
2.6E8
3.24E9
31622 3 18
3.8E8
9.23E9
31622 3 18
3.9E8
9.72E9
31622 3 18
4.7E8
9.47E9
31622 3 18
4.4E8
9.6E9
31622 3 18
3.5E8
9.86E9
31622 3 18
4.4E8
9.94E9
31622 3 18
4.2E8
1.025E10
31622 3 18
3.1E8
1.069E10
31622 3 18
3.7E8
1.124E10
31622 3 18
3.7E8
1.037E10
31622 3 18
3.7E8
1.072E10
31622 3 18
3.9E8
1.076E10
31622 3 18
4.1E8
1.089E10
31622 3 18
4.0E8
1.09E10
31622 3 18
4.6E8
1.139E10
31622 3 18
3.0E8
1.12E10
31622 3 18
3.8E8
1.152E10
31622 3 18
3.4E8
1.194E10
31622 3 18
5.6E8
1.1E10
31622 3 18
3.1E8
1.143E10
31622 3 18
4.2E8
1.089E10
31622 3 18
4.0E8
1.138E10
31622 3 18
4.2E8
1.24E10
31622 3 18
3.7E8
1.206E10
31622 3 18
3.9E8
1.313E10
31622 3 18
4.3E8
1.309E10
31622 3 18
3.7E8
1.448E10
31622 3 18
3.4E8
1.44E10
31622 3 18
4.4E8
1.454E10
31622 3 18
3.7E8
1.763E10
31622 3 18
3.1E8
1.806E10
31622 3 18
4.7E8
1.726E10
56234 3 18
7.2E8
4.107E10
56234 3 18
6.7E8
4.145E10
56234 3 18
8.8E8
4.287E10
56234 3 18
6.6E8
4.191E10
56234 3 18
8.6E8
3.684E10
56234 3 18
8.6E8
4.353E10
56234 3 18
6.1E8
3.795E10
56234 3 18
6.7E8
4.376E10
56234 3 18
7.6E8
4.413E10
56234 3 18
6.2E8
4.583E10
56234 3 18
7.6E8
4.651E10
56234 3 18
7.3E8
4.61E10
56234 3 18
6.2E8
4.394E10
56234 3 18
7.0E8
4.842E10
56234 3 18
6.6E8
5.037E10
56234 3 18
8.3E8
5.402E10
56234 3 18
7.4E8
5.482E10
56234 3 18
7.2E8
5.247E10
56234 3 18
1.0E9
5.45E10
56234 3 18
6.4E8
5.051E10
56234 3 18
8.2E8
5.42E10
56234 3 18
7.7E8
5.622E10
56234 3 18
8.6E8
5.678E10
56234 3 18
8.0E8
5.481E10
56234 3 18
7.3E8
5.749E10
56234 3 18
9.3E8
6.05E10
56234 3 18
8.0E8
5.45E10
56234 3 18
6.0E8
5.903E10
56234 3 18
8.4E8
5.943E10
56234 3 18
1.14E9
6.502E10
56234 3 18
7.6E8
6.897E10
56234 3 18
8.2E8
6.852E10
100000 3 18
1.18E9
1.5814E11
100000 3 18
1.32E9
1.5526E11
100000 3 18
1.64E9
1.566E11
100000 3 18
1.2E9
1.7721E11
100000 3 18
1.38E9
1.6445E11
100000 3 18
1.29E9
1.6626E11
100000 3 18
1.86E9
1.5825E11
100000 3 18
1.58E9
1.5774E11
100000 3 18
1.41E9
1.8475E11
100000 3 18
1.31E9
1.8422E11
100000 3 18
1.41E9
1.8247E11
100000 3 18
1.27E9
1.8567E11
100000 3 18
1.75E9
1.8058E11
100000 3 18
1.51E9
1.8554E11
100000 3 18
1.5E9
1.7445E11
100000 3 18
1.94E9
1.7334E11
100000 3 18
2.25E9
1.8564E11
100000 3 18
1.56E9
1.7532E11
100000 3 18
1.65E9
1.8739E11
100000 3 18
1.55E9
1.8551E11
100000 3 18
1.56E9
1.8738E11
100000 3 18
1.46E9
1.7428E11
100000 3 18
1.85E9
1.7005E11
100000 3 18
1.29E9
1.8156E11
100000 3 18
1.32E9
1.8673E11
100000 3 18
1.36E9
1.7994E11
100000 3 18
1.43E9
1.9332E11
100000 3 18
1.75E9
1.8357E11
100000 3 18
1.37E9
1.7862E11
100000 3 18
1.42E9
1.9168E11
100000 3 18
1.36E9
1.8194E11
100000 3 18
1.34E9
1.7644E11
