100 4 3
429687.5
253906.25
100 4 3
429687.5
273437.5
100 4 3
429687.5
312500.0
100 4 2
429687.5
292968.75
100 4 2
429687.5
292968.75
100 4 2
429687.5
312500.0
100 4 2
429687.5
332031.25
100 4 2
351562.5
292968.75
100 4 2
332031.25
312500.0
100 4 3
371093.75
273437.5
100 4 3
371093.75
292968.75
100 4 2
351562.5
312500.0
100 4 3
371093.75
292968.75
100 4 2
371093.75
253906.25
100 4 3
371093.75
292968.75
100 4 3
371093.75
292968.75
100 4 3
390625.0
253906.25
100 4 3
371093.75
312500.0
100 4 3
351562.5
332031.25
100 4 2
371093.75
312500.0
100 4 3
410156.25
292968.75
100 4 3
351562.5
292968.75
100 4 3
371093.75
351562.5
100 4 2
371093.75
351562.5
100 4 2
371093.75
292968.75
100 4 2
371093.75
312500.0
100 4 3
390625.0
292968.75
100 4 2
390625.0
292968.75
100 4 3
371093.75
312500.0
100 4 3
371093.75
332031.25
100 4 3
390625.0
332031.25
100 4 3
390625.0
312500.0
177 4 3
937500.0
703125.0
177 4 4
937500.0
664062.5
177 4 3
937500.0
703125.0
177 4 3
859375.0
859375.0
177 4 3
1015625.0
703125.0
177 4 3
859375.0
781250.0
177 4 3
859375.0
820312.5
177 4 3
859375.0
742187.5
177 4 3
937500.0
859375.0
177 4 3
859375.0
781250.0
177 4 3
859375.0
742187.5
177 4 3
859375.0
820312.5
177 4 3
859375.0
859375.0
177 4 3
1093750.0
742187.5
177 4 3
859375.0
820312.5
177 4 3
859375.0
859375.0
177 4 4
1171875.0
781250.0
177 4 3
859375.0
742187.5
177 4 3
859375.0
781250.0
177 4 4
937500.0
781250.0
177 4 3
859375.0
859375.0
177 4 3
937500.0
820312.5
177 4 3
859375.0
898437.5
177 4 3
937500.0
781250.0
177 4 3
859375.0
781250.0
177 4 3
937500.0
859375.0
177 4 3
898437.5
859375.0
177 4 3
859375.0
820312.5
177 4 3
1093750.0
859375.0
177 4 3
859375.0
859375.0
177 4 3
859375.0
742187.5
177 4 3
898437.5
898437.5
316 4 3
2031250.0
2031250.0
316 4 3
2031250.0
2031250.0
316 4 3
2343750.0
2187500.0
316 4 3
2343750.0
2031250.0
316 4 3
2187500.0
2187500.0
316 4 4
2500000.0
2187500.0
316 4 3
2343750.0
2031250.0
316 4 3
2031250.0
2187500.0
316 4 3
2031250.0
2187500.0
316 4 4
2343750.0
2343750.0
316 4 4
2187500.0
1875000.0
316 4 4
1875000.0
1875000.0
316 4 4
2031250.0
2343750.0
316 4 4
2187500.0
2031250.0
316 4 4
2187500.0
2187500.0
316 4 4
2187500.0
2031250.0
316 4 3
2031250.0
2343750.0
316 4 3
2031250.0
2343750.0
316 4 3
2031250.0
2656250.0
316 4 4
2187500.0
2500000.0
316 4 4
2343750.0
2031250.0
316 4 3
2031250.0
2656250.0
316 4 3
2187500.0
2031250.0
316 4 3
2343750.0
2343750.0
316 4 4
2343750.0
2343750.0
316 4 4
2187500.0
2031250.0
316 4 3
2031250.0
2187500.0
316 4 4
2031250.0
2500000.0
316 4 4
2031250.0
2031250.0
316 4 3
2031250.0
2187500.0
316 4 4
2031250.0
2031250.0
316 4 3
2187500.0
2187500.0
562 4 4
4687500.0
5625000.0
562 4 4
4687500.0
5312500.0
562 4 3
5625000.0
5937500.0
562 4 4
5000000.0
8125000.0
562 4 4
5312500.0
5937500.0
562 4 4
4687500.0
5625000.0
562 4 4
5312500.0
6875000.0
562 4 5
5000000.0
6875000.0
562 4 4
4375000.0
5625000.0
562 4 4
4687500.0
5937500.0
562 4 4
5000000.0
8125000.0
562 4 4
5000000.0
6875000.0
562 4 5
4687500.0
6562500.0
562 4 4
5625000.0
8125000.0
562 4 4
5000000.0
7500000.0
562 4 4
4687500.0
5937500.0
562 4 4
5000000.0
5937500.0
562 4 4
5312500.0
8437500.0
562 4 4
5000000.0
5937500.0
562 4 4
4375000.0
6250000.0
562 4 4
5937500.0
8125000.0
562 4 4
5000000.0
5625000.0
562 4 4
5312500.0
7500000.0
562 4 4
4687500.0
6250000.0
562 4 4
4687500.0
8125000.0
562 4 4
6562500.0
6875000.0
562 4 4
4687500.0
5937500.0
562 4 4
6250000.0
5937500.0
562 4 4
6562500.0
6250000.0
562 4 4
4687500.0
6250000.0
562 4 4
4687500.0
6875000.0
1000 4 4
1.375E7
1.75E7
562 4 4
5625000.0
5937500.0
1000 4 4
1.125E7
1.5E7
1000 4 5
1.0625E7
1.5E7
1000 4 5
1.0625E7
1.375E7
1000 4 4
1.0E7
2.125E7
1000 4 5
1.0625E7
1.625E7
1000 4 4
1.125E7
2.25E7
1000 4 5
1.0E7
1.625E7
1000 4 5
1.0625E7
2.125E7
1000 4 5
1.0E7
1.75E7
1000 4 5
1.0E7
1.875E7
1000 4 5
1.125E7
1.875E7
1000 4 4
1.0625E7
2.0E7
1000 4 4
1.0E7
1.625E7
1000 4 5
1.125E7
2.375E7
1000 4 5
1.125E7
2.0E7
1778 4 5
3.0E7
5.5E7
1000 4 4
1.0E7
2.0E7
1000 4 4
1.25E7
1.875E7
1000 4 5
1.1875E7
1.875E7
1000 4 5
1.0625E7
1.5E7
1000 4 4
1.5E7
1.375E7
1000 4 5
1.375E7
1.875E7
1000 4 5
1.0625E7
2.25E7
1000 4 4
1.5625E7
1.5E7
1000 4 5
1.0625E7
1.625E7
1000 4 4
1.5E7
1.625E7
1778 4 5
3.5E7
5.5E7
1000 4 4
1.1875E7
1.75E7
1000 4 4
1.75E7
2.0E7
1000 4 4
1.4375E7
1.625E7
1000 4 5
1.3125E7
1.875E7
1778 4 5
2.75E7
5.5E7
1000 4 5
1.1875E7
1.5E7
1000 4 4
1.4375E7
1.75E7
1778 4 5
2.25E7
5.5E7
1778 4 6
2.75E7
4.25E7
1778 4 5
2.25E7
4.75E7
1778 4 6
2.25E7
4.5E7
1778 4 5
2.375E7
5.5E7
1778 4 6
2.75E7
8.5E7
1778 4 5
2.375E7
4.5E7
1778 4 5
2.75E7
9.0E7
1778 4 5
2.125E7
4.5E7
1778 4 5
2.75E7
9.0E7
1778 4 6
3.75E7
1.3E8
1778 4 5
2.75E7
5.5E7
1778 4 5
2.75E7
6.0E7
1778 4 5
4.0E7
1.2E8
1778 4 5
2.125E7
4.5E7
1778 4 5
4.5E7
1.2E8
1778 4 5
2.75E7
6.0E7
1778 4 5
3.25E7
6.0E7
3162 4 6
5.5E7
1.7E8
1778 4 5
2.25E7
4.25E7
1778 4 5
2.75E7
5.5E7
1778 4 5
2.25E7
4.25E7
1778 4 5
2.125E7
4.0E7
1778 4 5
2.25E7
4.0E7
1778 4 5
2.0E7
4.25E7
3162 4 7
7.0E7
1.9E8
1778 4 6
2.375E7
4.5E7
3162 4 5
1.05E8
1.7E8
1778 4 5
2.625E7
4.0E7
3162 4 5
7.0E7
1.5E8
1778 4 5
2.375E7
5.0E7
3162 4 6
5.5E7
1.4E8
1778 4 7
3.125E7
5.5E7
3162 4 7
5.5E7
2.0E8
3162 4 6
6.5E7
1.9E8
3162 4 6
5.5E7
1.4E8
3162 4 6
5.5E7
2.1E8
3162 4 6
6.0E7
2.1E8
3162 4 6
5.0E7
1.6E8
3162 4 6
4.75E7
1.6E8
3162 4 5
5.5E7
2.6E8
3162 4 7
6.0E7
2.2E8
3162 4 6
6.0E7
2.1E8
3162 4 6
5.5E7
2.6E8
1778 4 5
4.75E7
8.25E7
3162 4 6
5.0E7
1.5E8
3162 4 6
5.0E7
1.7E8
3162 4 6
5.5E7
3.0E8
3162 4 6
5.5E7
3.0E8
3162 4 6
5.5E7
2.8E8
3162 4 6
5.25E7
1.7E8
3162 4 6
7.0E7
1.9E8
3162 4 6
5.0E7
1.5E8
3162 4 6
5.25E7
1.8E8
3162 4 6
5.0E7
1.5E8
3162 4 7
5.0E7
1.9E8
3162 4 6
5.25E7
1.6E8
3162 4 6
9.5E7
2.4E8
3162 4 6
5.25E7
1.5E8
3162 4 6
5.0E7
1.8E8
3162 4 6
5.75E7
1.5E8
5623 4 7
1.1E8
4.4E8
5623 4 7
1.5E8
4.5E8
5623 4 6
1.1E8
4.3E8
5623 4 7
1.2E8
4.4E8
5623 4 7
1.3E8
4.8E8
5623 4 7
1.2E8
4.5E8
5623 4 6
1.4E8
5.6E8
5623 4 7
2.1E8
4.7E8
5623 4 6
1.1E8
5.4E8
5623 4 8
1.6E8
4.6E8
5623 4 6
1.3E8
5.5E8
5623 4 7
1.2E8
4.3E8
5623 4 7
1.3E8
5.3E8
5623 4 6
1.1E8
4.3E8
5623 4 7
1.1E8
4.4E8
5623 4 6
1.1E8
5.0E8
5623 4 7
1.4E8
6.9E8
5623 4 6
1.1E8
7.2E8
5623 4 7
1.1E8
4.5E8
5623 4 6
1.1E8
6.2E8
5623 4 7
1.1E8
7.1E8
5623 4 7
1.1E8
4.4E8
5623 4 7
1.3E8
5.8E8
5623 4 6
1.4E8
5.6E8
5623 4 7
1.3E8
7.6E8
5623 4 7
1.3E8
7.5E8
5623 4 6
1.1E8
4.5E8
5623 4 7
1.1E8
7.3E8
5623 4 7
1.1E8
7.9E8
5623 4 6
1.2E8
7.5E8
5623 4 7
1.35E8
5.4E8
5623 4 7
1.1E8
4.5E8
10000 4 8
2.7E8
1.42E9
10000 4 8
2.4E8
1.5E9
10000 4 8
2.4E8
1.46E9
10000 4 8
2.1E8
1.49E9
10000 4 7
2.7E8
1.39E9
10000 4 8
2.3E8
1.61E9
10000 4 7
2.1E8
1.43E9
10000 4 7
2.8E8
1.52E9
10000 4 7
2.1E8
1.62E9
10000 4 7
2.2E8
1.51E9
10000 4 8
2.2E8
1.51E9
10000 4 8
2.1E8
1.57E9
10000 4 8
2.3E8
1.74E9
10000 4 7
2.6E8
1.5E9
10000 4 7
2.3E8
1.37E9
10000 4 8
2.5E8
1.53E9
10000 4 7
2.7E8
1.77E9
10000 4 8
2.6E8
1.44E9
10000 4 7
2.9E8
1.4E9
10000 4 7
3.0E8
1.56E9
10000 4 8
2.4E8
1.81E9
10000 4 7
3.0E8
1.53E9
10000 4 8
2.7E8
1.68E9
10000 4 8
2.4E8
1.64E9
10000 4 8
3.2E8
1.7E9
10000 4 8
2.9E8
1.74E9
10000 4 7
2.5E8
1.76E9
10000 4 7
3.0E8
1.7E9
10000 4 8
3.3E8
2.04E9
10000 4 8
3.1E8
2.19E9
10000 4 7
3.0E8
2.3E9
10000 4 7
3.1E8
2.29E9
17782 4 8
4.9E8
4.3E9
17782 4 8
5.9E8
4.33E9
17782 4 9
5.4E8
4.08E9
17782 4 9
4.5E8
4.11E9
17782 4 8
4.8E8
4.87E9
17782 4 8
4.7E8
4.75E9
17782 4 9
4.7E8
4.17E9
17782 4 9
4.8E8
4.9E9
17782 4 8
5.0E8
4.78E9
17782 4 8
4.9E8
5.28E9
17782 4 8
5.5E8
4.5E9
17782 4 9
5.5E8
4.66E9
17782 4 8
4.9E8
5.11E9
17782 4 8
4.8E8
4.62E9
17782 4 8
4.7E8
4.56E9
17782 4 8
5.4E8
4.9E9
17782 4 9
5.4E8
5.12E9
17782 4 9
5.5E8
4.97E9
17782 4 9
5.3E8
5.57E9
17782 4 9
5.5E8
5.35E9
17782 4 8
6.3E8
5.47E9
17782 4 9
5.0E8
6.13E9
17782 4 9
5.4E8
5.95E9
17782 4 8
5.0E8
5.66E9
17782 4 9
6.2E8
5.78E9
17782 4 8
6.1E8
5.88E9
17782 4 8
6.3E8
5.84E9
17782 4 8
6.5E8
6.74E9
17782 4 8
6.8E8
6.34E9
17782 4 9
7.3E8
6.18E9
17782 4 9
6.1E8
6.8E9
17782 4 8
7.1E8
6.48E9
31622 4 9
1.04E9
1.602E10
31622 4 9
1.1E9
1.624E10
31622 4 9
1.08E9
1.667E10
31622 4 9
1.02E9
1.679E10
31622 4 9
1.05E9
1.801E10
31622 4 9
1.02E9
1.82E10
31622 4 9
1.03E9
1.876E10
31622 4 9
1.04E9
1.915E10
31622 4 9
1.08E9
1.883E10
31622 4 9
1.12E9
1.932E10
31622 4 9
1.24E9
1.784E10
31622 4 9
1.23E9
1.786E10
31622 4 9
1.07E9
1.948E10
31622 4 9
1.02E9
1.979E10
31622 4 9
1.29E9
1.824E10
31622 4 9
1.27E9
1.704E10
31622 4 9
1.06E9
2.01E10
31622 4 9
1.25E9
1.742E10
31622 4 9
1.25E9
1.776E10
31622 4 9
1.11E9
2.05E10
31622 4 9
1.29E9
1.833E10
31622 4 9
1.3E9
1.81E10
31622 4 9
1.26E9
2.125E10
31622 4 9
1.18E9
2.137E10
31622 4 9
1.27E9
2.174E10
31622 4 9
1.21E9
2.237E10
31622 4 9
1.21E9
2.357E10
31622 4 9
1.33E9
2.313E10
31622 4 9
1.21E9
2.373E10
31622 4 9
1.38E9
2.527E10
31622 4 9
1.32E9
2.565E10
31622 4 9
1.36E9
3.49E10
56234 4 9
2.4E9
5.749E10
56234 4 9
2.59E9
6.047E10
56234 4 9
2.19E9
6.445E10
56234 4 9
2.16E9
6.472E10
56234 4 9
2.12E9
6.256E10
56234 4 9
2.51E9
6.249E10
56234 4 9
2.41E9
6.602E10
56234 4 9
2.53E9
6.452E10
56234 4 9
2.33E9
6.779E10
56234 4 9
2.32E9
6.913E10
56234 4 9
2.49E9
6.734E10
56234 4 9
2.22E9
6.488E10
56234 4 9
2.46E9
6.865E10
56234 4 9
2.44E9
6.155E10
56234 4 9
2.42E9
6.233E10
56234 4 9
2.58E9
6.925E10
56234 4 9
2.42E9
7.024E10
56234 4 9
2.5E9
7.134E10
56234 4 9
2.56E9
6.997E10
56234 4 9
2.59E9
7.062E10
56234 4 9
2.09E9
7.118E10
56234 4 9
2.38E9
7.554E10
56234 4 9
2.49E9
7.691E10
56234 4 9
2.57E9
7.287E10
56234 4 9
2.36E9
7.204E10
56234 4 9
2.54E9
7.834E10
56234 4 9
2.53E9
7.359E10
56234 4 9
2.94E9
8.017E10
56234 4 9
2.73E9
8.209E10
56234 4 9
2.21E9
8.091E10
56234 4 9
2.69E9
9.137E10
56234 4 9
2.73E9
8.725E10
100000 4 9
4.68E9
1.7091E11
100000 4 9
4.4E9
1.6746E11
100000 4 9
5.4E9
2.135E11
100000 4 9
4.9E9
2.1344E11
100000 4 9
5.32E9
2.2369E11
100000 4 9
5.02E9
2.1836E11
100000 4 9
5.04E9
2.1747E11
100000 4 9
5.32E9
2.2649E11
100000 4 9
4.74E9
2.2088E11
100000 4 9
5.07E9
2.1501E11
100000 4 9
4.79E9
2.2717E11
100000 4 9
5.52E9
2.2714E11
100000 4 9
4.82E9
2.3171E11
100000 4 9
4.6E9
2.248E11
100000 4 9
5.43E9
2.3097E11
100000 4 9
4.73E9
2.4303E11
100000 4 9
5.07E9
2.3017E11
100000 4 9
6.45E9
2.3476E11
100000 4 9
4.9E9
2.402E11
100000 4 9
4.7E9
2.2888E11
100000 4 9
5.36E9
2.3208E11
100000 4 9
4.16E9
2.2946E11
100000 4 9
5.23E9
2.4293E11
100000 4 9
4.3E9
2.1889E11
100000 4 9
4.8E9
2.234E11
100000 4 9
5.1E9
2.3465E11
100000 4 9
4.54E9
2.3004E11
100000 4 9
4.97E9
2.304E11
100000 4 9
5.17E9
2.3144E11
100000 4 9
5.35E9
2.4404E11
100000 4 9
5.05E9
2.3771E11
100000 4 9
4.72E9
2.3297E11
