100 4 1
371093.75
1250000.0
100 4 1
351562.5
468750.0
100 4 1
371093.75
429687.5
100 4 1
371093.75
937500.0
100 4 1
351562.5
429687.5
100 4 1
351562.5
468750.0
100 4 1
351562.5
468750.0
100 4 1
371093.75
429687.5
100 4 1
371093.75
429687.5
100 4 1
351562.5
468750.0
100 4 1
351562.5
429687.5
100 4 1
332031.25
625000.0
100 4 1
371093.75
468750.0
100 4 1
332031.25
468750.0
100 4 1
390625.0
429687.5
100 4 1
390625.0
429687.5
100 4 1
351562.5
468750.0
100 4 1
371093.75
468750.0
100 4 1
390625.0
429687.5
100 4 1
371093.75
468750.0
100 4 1
371093.75
429687.5
100 4 1
351562.5
468750.0
100 4 1
527343.75
429687.5
100 4 1
371093.75
429687.5
100 4 1
371093.75
351562.5
100 4 1
371093.75
390625.0
100 4 1
332031.25
390625.0
100 4 1
371093.75
410156.25
100 4 1
351562.5
390625.0
100 4 1
429687.5
410156.25
100 4 1
371093.75
410156.25
100 4 1
351562.5
390625.0
177 4 1
859375.0
1250000.0
177 4 1
820312.5
1718750.0
177 4 1
820312.5
2187500.0
177 4 1
859375.0
1562500.0
177 4 1
820312.5
2031250.0
177 4 1
859375.0
1718750.0
177 4 1
859375.0
1875000.0
177 4 1
820312.5
2187500.0
177 4 1
859375.0
1.0E7
177 4 1
859375.0
1796875.0
177 4 1
820312.5
1875000.0
177 4 1
859375.0
3281250.0
177 4 1
820312.5
6562500.0
177 4 1
859375.0
3906250.0
177 4 1
859375.0
2656250.0
177 4 1
859375.0
1171875.0
177 4 1
820312.5
5625000.0
177 4 1
859375.0
5937500.0
177 4 1
820312.5
1250000.0
177 4 1
859375.0
1562500.0
177 4 1
937500.0
1171875.0
177 4 1
781250.0
3750000.0
177 4 1
859375.0
1171875.0
177 4 1
859375.0
1171875.0
177 4 1
898437.5
1171875.0
177 4 1
859375.0
1093750.0
177 4 1
820312.5
1250000.0
177 4 1
1015625.0
1171875.0
177 4 1
937500.0
1171875.0
177 4 1
1171875.0
1171875.0
177 4 1
820312.5
1171875.0
177 4 1
820312.5
1171875.0
316 4 1
2031250.0
3750000.0
316 4 1
1875000.0
4062500.0
316 4 1
2031250.0
4062500.0
316 4 1
1718750.0
4375000.0
316 4 1
1875000.0
4375000.0
316 4 1
1875000.0
4687500.0
316 4 1
2031250.0
7500000.0
316 4 1
1875000.0
3437500.0
316 4 1
1875000.0
5625000.0
316 4 1
1875000.0
3750000.0
316 4 1
1875000.0
5625000.0
316 4 1
1875000.0
5937500.0
316 4 1
1875000.0
3750000.0
316 4 1
1875000.0
6562500.0
316 4 1
2031250.0
5312500.0
316 4 1
2031250.0
3750000.0
316 4 1
2031250.0
4062500.0
316 4 1
2031250.0
3750000.0
316 4 1
2031250.0
8125000.0
316 4 1
2187500.0
7812500.0
316 4 1
2031250.0
6562500.0
316 4 1
1875000.0
7812500.0
316 4 1
2343750.0
6875000.0
316 4 1
2031250.0
1.0E7
316 4 1
2031250.0
5312500.0
316 4 1
2031250.0
1.09375E7
316 4 1
2187500.0
1.0625E7
316 4 1
2031250.0
1.09375E7
316 4 1
1875000.0
1.0E7
316 4 1
2187500.0
4375000.0
316 4 1
2187500.0
3750000.0
316 4 1
3437500.0
4062500.0
562 4 1
4062500.0
1.375E7
562 4 1
4375000.0
1.375E7
562 4 1
4062500.0
1.3125E7
562 4 1
4375000.0
1.5E7
562 4 1
4687500.0
1.4375E7
562 4 1
4062500.0
1.5E7
562 4 1
4687500.0
1.375E7
562 4 1
4687500.0
1.375E7
562 4 1
5000000.0
1.375E7
562 4 1
4375000.0
1.5E7
562 4 1
4375000.0
1.625E7
562 4 1
4062500.0
1.25E7
562 4 1
5000000.0
1.875E7
562 4 1
5000000.0
1.875E7
562 4 1
4687500.0
1.625E7
562 4 1
4375000.0
1.875E7
562 4 1
4375000.0
1.625E7
562 4 1
4375000.0
1.3125E7
562 4 1
4687500.0
1.9375E7
562 4 1
4687500.0
1.5E7
562 4 1
5312500.0
1.625E7
562 4 1
4687500.0
1.75E7
562 4 1
5312500.0
5.75E7
562 4 1
4375000.0
1.1875E7
562 4 1
4375000.0
2.0625E7
562 4 1
5000000.0
1.875E7
562 4 1
4375000.0
1.8125E7
562 4 1
5000000.0
1.1875E7
562 4 1
4375000.0
2.125E7
562 4 1
4687500.0
2.25E7
562 4 1
5625000.0
1.125E7
562 4 1
4375000.0
2.625E7
1000 4 1
6.0E7
4.0E7
1000 4 1
1.5E7
4.0E7
1000 4 1
1.375E7
4.0E7
1000 4 1
9375000.0
3.75E7
1000 4 1
2.375E7
4.5E7
1000 4 1
9375000.0
3.75E7
1000 4 1
1.5E7
5.25E7
1000 4 1
1.0E7
4.25E7
1000 4 1
1.0E7
3.5E7
1000 4 1
1.0E7
4.5E7
1000 4 1
1.0E7
4.5E7
1000 4 1
1.125E7
6.5E7
1000 4 1
1.0E7
7.0E7
1000 4 1
1.0625E7
4.75E7
1000 4 1
1.0625E7
6.0E7
1000 4 1
1.0E7
5.5E7
1000 4 1
1.0625E7
5.0E7
1000 4 1
9375000.0
5.25E7
1000 4 1
1.125E7
5.5E7
1000 4 1
1.0625E7
3.25E7
1778 4 1
2.75E7
1.1E8
1000 4 1
1.0E7
5.75E7
1000 4 1
1.0E7
5.5E7
1000 4 1
1.1875E7
5.5E7
1000 4 1
1.25E7
1.45E8
1000 4 1
1.0625E7
1.35E8
1000 4 1
1.625E7
6.0E7
1000 4 1
1.375E7
9.25E7
1000 4 1
1.1875E7
3.5E7
1778 4 1
2.125E7
1.2E8
1000 4 1
1.8125E7
5.5E7
1778 4 1
2.125E7
1.2E8
1778 4 1
1.2E8
1.6E8
1778 4 1
2.5E7
1.3E8
1000 4 1
2.375E7
4.25E7
1000 4 1
2.3125E7
4.0E7
1778 4 1
2.125E7
1.3E8
1778 4 1
2.75E7
1.2E8
1778 4 1
2.25E7
1.2E8
1000 4 1
2.1875E7
4.0E7
1778 4 1
2.25E7
1.3E8
1778 4 1
2.125E7
1.2E8
1778 4 1
2.125E7
1.2E8
1778 4 1
2.125E7
1.2E8
1778 4 1
2.125E7
1.1E8
1778 4 1
2.375E7
1.1E8
1778 4 1
2.5E7
1.3E8
1778 4 1
2.125E7
1.2E8
1778 4 1
2.25E7
1.2E8
1778 4 1
2.125E7
1.2E8
1778 4 1
2.5E7
1.3E8
1778 4 1
2.125E7
1.2E8
1778 4 1
2.25E7
1.1E8
1778 4 1
2.125E7
1.4E8
1778 4 1
2.125E7
1.1E8
1778 4 1
2.375E7
2.2E8
1778 4 1
3.25E7
1.3E8
1778 4 1
3.0E7
1.3E8
1778 4 1
2.875E7
1.8E8
1778 4 1
2.75E7
1.7E8
1778 4 1
3.125E7
1.9E8
1778 4 1
3.75E7
1.3E8
1778 4 1
3.0E7
1.6E8
1778 4 1
2.25E7
1.15E8
3162 4 1
6.0E7
4.4E8
3162 4 1
5.5E7
4.4E8
3162 4 1
5.5E7
3.9E8
3162 4 1
6.0E7
4.0E8
3162 4 1
5.5E7
4.0E8
3162 4 1
5.5E7
4.0E8
3162 4 1
6.5E7
4.1E8
3162 4 1
5.5E7
4.1E8
3162 4 1
5.5E7
4.6E8
3162 4 1
5.5E7
4.1E8
3162 4 1
4.75E7
4.0E8
3162 4 1
5.5E7
5.3E8
3162 4 1
5.5E7
4.8E8
3162 4 1
5.0E7
5.0E8
3162 4 1
4.75E7
4.0E8
3162 4 1
5.0E7
5.6E8
3162 4 1
5.5E7
5.0E8
3162 4 1
5.0E7
3.8E8
3162 4 1
5.5E7
5.1E8
3162 4 1
5.0E7
4.2E8
3162 4 1
6.0E7
5.3E8
3162 4 1
9.0E7
7.3E8
3162 4 1
5.25E7
4.2E8
3162 4 1
5.5E7
4.3E8
3162 4 1
7.0E7
7.6E8
3162 4 1
6.5E7
6.7E8
3162 4 1
9.5E7
4.1E8
3162 4 1
6.5E7
5.3E8
3162 4 1
5.5E7
7.1E8
3162 4 1
6.0E7
7.0E8
3162 4 1
6.0E7
9.2E8
3162 4 1
6.5E7
9.2E8
5623 4 1
1.2E8
1.31E9
5623 4 1
1.2E8
1.41E9
5623 4 1
1.0E8
1.29E9
5623 4 1
1.5E8
1.58E9
5623 4 1
1.0E8
1.36E9
5623 4 1
1.2E8
1.46E9
5623 4 1
1.5E8
1.51E9
5623 4 1
1.0E8
1.4E9
5623 4 1
1.3E8
1.5E9
5623 4 1
1.05E8
1.35E9
5623 4 1
1.0E8
1.34E9
5623 4 1
1.05E8
1.31E9
5623 4 1
1.3E8
1.68E9
5623 4 1
1.05E8
1.45E9
5623 4 1
1.1E8
1.66E9
5623 4 1
1.5E8
1.6E9
5623 4 1
1.0E8
1.49E9
5623 4 1
1.0E8
1.34E9
5623 4 1
1.1E8
1.66E9
5623 4 1
1.15E8
1.5E9
5623 4 1
1.6E8
1.44E9
5623 4 1
1.1E8
1.68E9
5623 4 1
1.3E8
1.7E9
5623 4 1
1.3E8
1.33E9
5623 4 1
3.4E8
1.77E9
5623 4 1
3.3E8
2.08E9
5623 4 1
1.3E8
2.75E9
5623 4 1
1.8E8
2.75E9
5623 4 1
1.7E8
2.32E9
5623 4 1
3.4E8
2.71E9
5623 4 1
1.4E8
2.73E9
5623 4 1
3.1E8
3.02E9
10000 4 1
2.5E8
4.34E9
10000 4 1
2.0E8
4.43E9
10000 4 1
2.8E8
4.63E9
10000 4 1
2.3E8
4.35E9
10000 4 1
2.5E8
4.63E9
10000 4 1
2.9E8
4.24E9
10000 4 1
2.4E8
4.99E9
10000 4 1
2.6E8
4.82E9
10000 4 1
2.7E8
5.07E9
10000 4 1
2.3E8
4.79E9
10000 4 1
2.9E8
4.77E9
10000 4 1
2.1E8
4.61E9
10000 4 1
2.5E8
4.52E9
10000 4 1
2.6E8
4.57E9
10000 4 1
2.5E8
5.2E9
10000 4 1
2.8E8
5.43E9
10000 4 1
2.8E8
5.16E9
10000 4 1
2.6E8
5.54E9
10000 4 1
2.1E8
5.28E9
10000 4 1
2.6E8
5.75E9
10000 4 1
2.6E8
6.13E9
10000 4 1
4.4E8
4.16E9
10000 4 1
2.5E8
5.16E9
10000 4 1
3.0E8
5.29E9
10000 4 1
2.2E8
6.74E9
10000 4 1
2.5E8
6.72E9
10000 4 1
4.1E8
6.24E9
10000 4 1
4.2E8
6.15E9
10000 4 1
4.0E8
8.37E9
10000 4 1
4.1E8
6.48E9
10000 4 1
2.9E8
6.82E9
10000 4 1
4.4E8
6.57E9
17782 4 1
5.0E8
1.272E10
17782 4 1
4.9E8
1.285E10
17782 4 1
4.9E8
1.468E10
17782 4 1
5.1E8
1.555E10
17782 4 1
5.8E8
1.648E10
17782 4 1
6.0E8
1.686E10
17782 4 1
5.3E8
1.644E10
17782 4 1
4.9E8
1.743E10
17782 4 1
5.9E8
1.822E10
17782 4 1
4.9E8
1.801E10
17782 4 1
4.6E8
1.941E10
17782 4 1
5.0E8
1.846E10
17782 4 1
5.6E8
1.936E10
17782 4 1
5.6E8
1.996E10
17782 4 1
4.6E8
2.102E10
17782 4 1
5.0E8
2.07E10
17782 4 1
5.4E8
2.086E10
17782 4 1
5.7E8
2.198E10
17782 4 1
6.1E8
2.108E10
17782 4 1
5.2E8
2.266E10
17782 4 1
6.5E8
2.21E10
17782 4 1
6.1E8
2.21E10
17782 4 1
6.0E8
2.376E10
17782 4 1
7.8E8
2.118E10
17782 4 1
7.7E8
2.358E10
17782 4 1
8.7E8
2.385E10
17782 4 1
7.8E8
2.348E10
17782 4 1
5.8E8
2.693E10
17782 4 1
1.03E9
2.607E10
17782 4 1
8.1E8
2.659E10
17782 4 1
7.9E8
2.678E10
17782 4 1
6.0E8
2.87E10
31622 4 1
8.5E8
5.414E10
31622 4 1
1.2E9
5.508E10
31622 4 1
1.2E9
6.33E10
31622 4 1
9.6E8
6.645E10
31622 4 1
1.09E9
7.054E10
31622 4 1
1.21E9
6.218E10
31622 4 1
8.9E8
6.497E10
31622 4 1
9.6E8
7.28E10
31622 4 1
9.4E8
6.247E10
31622 4 1
1.04E9
7.051E10
31622 4 1
8.1E8
6.661E10
31622 4 1
9.8E8
7.227E10
31622 4 1
1.0E9
7.218E10
31622 4 1
1.04E9
7.156E10
31622 4 1
1.08E9
8.068E10
31622 4 1
1.03E9
7.644E10
31622 4 1
1.02E9
7.755E10
31622 4 1
9.3E8
7.957E10
31622 4 1
1.07E9
9.034E10
31622 4 1
9.6E8
7.813E10
31622 4 1
9.2E8
8.675E10
31622 4 1
8.8E8
8.18E10
31622 4 1
9.8E8
8.4E10
31622 4 1
1.45E9
7.743E10
31622 4 1
1.04E9
8.765E10
31622 4 1
1.35E9
8.753E10
31622 4 1
1.97E9
8.629E10
31622 4 1
1.13E9
9.262E10
31622 4 1
1.68E9
9.507E10
31622 4 1
9.8E8
1.0284E11
31622 4 1
1.05E9
1.1465E11
31622 4 1
1.54E9
1.1534E11
56234 4 1
2.02E9
2.6681E11
56234 4 1
1.73E9
2.8724E11
56234 4 1
2.34E9
2.8746E11
56234 4 1
1.9E9
2.9195E11
56234 4 1
1.85E9
2.9288E11
56234 4 1
2.18E9
2.9522E11
56234 4 1
2.17E9
2.9529E11
56234 4 1
2.14E9
2.946E11
56234 4 1
2.08E9
3.0846E11
56234 4 1
1.93E9
3.1391E11
56234 4 1
1.97E9
2.961E11
56234 4 1
2.13E9
3.0469E11
56234 4 1
1.89E9
3.1746E11
56234 4 1
1.92E9
3.1698E11
56234 4 1
1.87E9
3.2877E11
56234 4 1
2.01E9
3.227E11
56234 4 1
2.01E9
3.3368E11
56234 4 1
2.11E9
3.1872E11
56234 4 1
2.09E9
3.3042E11
56234 4 1
2.27E9
3.3222E11
56234 4 1
1.75E9
3.2338E11
56234 4 1
1.85E9
3.4736E11
56234 4 1
2.29E9
3.2938E11
56234 4 1
1.83E9
3.5968E11
56234 4 1
3.34E9
3.8523E11
56234 4 1
1.81E9
4.0467E11
56234 4 1
2.86E9
4.0592E11
56234 4 1
1.9E9
3.7448E11
56234 4 1
3.25E9
4.1361E11
56234 4 1
2.75E9
3.9485E11
56234 4 1
3.09E9
4.1164E11
56234 4 1
3.14E9
4.2697E11
100000 4 1
3.82E9
1.08495E12
100000 4 1
4.48E9
1.11929E12
100000 4 1
3.91E9
1.14986E12
100000 4 1
3.92E9
1.13185E12
100000 4 1
4.09E9
1.19191E12
100000 4 1
3.88E9
1.22668E12
100000 4 1
4.37E9
1.14662E12
100000 4 1
3.83E9
1.14249E12
100000 4 1
4.29E9
1.15545E12
100000 4 1
3.52E9
1.056E12
100000 4 1
4.31E9
1.18734E12
100000 4 1
4.43E9
1.22503E12
100000 4 1
3.89E9
1.09624E12
100000 4 1
4.04E9
1.24105E12
100000 4 1
3.88E9
1.25045E12
100000 4 1
4.07E9
1.2358E12
100000 4 1
5.07E9
1.14635E12
100000 4 1
4.27E9
1.12841E12
100000 4 1
3.92E9
1.1806E12
100000 4 1
3.95E9
1.22486E12
100000 4 1
4.01E9
1.24925E12
100000 4 1
3.74E9
1.13387E12
100000 4 1
4.83E9
1.25916E12
100000 4 1
4.45E9
1.27497E12
100000 4 1
3.77E9
1.29116E12
100000 4 1
4.32E9
1.27515E12
100000 4 1
3.93E9
1.22595E12
100000 4 1
4.29E9
1.25566E12
100000 4 1
3.98E9
1.14241E12
100000 4 1
6.39E9
1.19371E12
100000 4 1
4.25E9
1.22559E12
100000 4 1
5.42E9
1.16603E12
