100 5 2
468750.0
371093.75
100 5 2
468750.0
371093.75
100 5 2
429687.5
371093.75
100 5 2
429687.5
371093.75
100 5 2
468750.0
371093.75
100 5 2
468750.0
351562.5
100 5 2
468750.0
351562.5
100 5 2
507812.5
371093.75
100 5 2
468750.0
351562.5
100 5 2
468750.0
351562.5
100 5 2
507812.5
371093.75
100 5 2
507812.5
371093.75
100 5 2
507812.5
332031.25
100 5 2
507812.5
371093.75
100 5 2
468750.0
390625.0
100 5 2
468750.0
390625.0
100 5 2
468750.0
371093.75
100 5 2
468750.0
371093.75
100 5 2
507812.5
371093.75
100 5 2
507812.5
371093.75
100 5 2
507812.5
371093.75
100 5 2
468750.0
332031.25
100 5 2
468750.0
371093.75
100 5 2
429687.5
390625.0
100 5 2
507812.5
410156.25
100 5 2
507812.5
351562.5
100 5 2
507812.5
371093.75
100 5 2
507812.5
390625.0
100 5 2
507812.5
371093.75
100 5 2
468750.0
351562.5
100 5 2
507812.5
390625.0
100 5 2
507812.5
390625.0
177 5 2
1171875.0
1015625.0
177 5 2
1171875.0
1015625.0
177 5 2
1093750.0
1093750.0
177 5 2
1171875.0
1171875.0
177 5 2
1250000.0
937500.0
177 5 2
1171875.0
937500.0
177 5 2
1250000.0
1171875.0
177 5 2
1171875.0
1093750.0
177 5 2
1250000.0
1171875.0
177 5 2
1171875.0
1171875.0
177 5 2
1171875.0
1093750.0
177 5 2
1093750.0
1093750.0
177 5 2
1171875.0
1171875.0
177 5 2
1171875.0
1093750.0
177 5 2
1171875.0
937500.0
177 5 2
1171875.0
1093750.0
177 5 2
1250000.0
1015625.0
177 5 2
1093750.0
1015625.0
177 5 2
1250000.0
1015625.0
177 5 2
1250000.0
1093750.0
177 5 2
1171875.0
1015625.0
177 5 2
1250000.0
1093750.0
177 5 2
1250000.0
1015625.0
177 5 2
1171875.0
1093750.0
177 5 2
1171875.0
1015625.0
177 5 2
1171875.0
1015625.0
177 5 2
1171875.0
937500.0
177 5 2
1171875.0
1093750.0
177 5 2
1171875.0
937500.0
177 5 2
1250000.0
1093750.0
177 5 2
1171875.0
1015625.0
177 5 2
1250000.0
1015625.0
316 5 2
2812500.0
3437500.0
316 5 2
2812500.0
3437500.0
316 5 2
2812500.0
3437500.0
316 5 3
2812500.0
3750000.0
316 5 2
2812500.0
3437500.0
316 5 2
2968750.0
3437500.0
316 5 2
2812500.0
3437500.0
316 5 2
2968750.0
3437500.0
316 5 2
2812500.0
3750000.0
316 5 2
2812500.0
3437500.0
316 5 3
2812500.0
3125000.0
316 5 2
3281250.0
3437500.0
316 5 2
2812500.0
3281250.0
316 5 2
2812500.0
2656250.0
316 5 3
2812500.0
3125000.0
316 5 2
2812500.0
2656250.0
316 5 2
2812500.0
2968750.0
316 5 2
2812500.0
2968750.0
316 5 2
2968750.0
2656250.0
316 5 2
2812500.0
2656250.0
316 5 2
2968750.0
2812500.0
316 5 2
2812500.0
2656250.0
316 5 3
2812500.0
2968750.0
316 5 3
2812500.0
3125000.0
316 5 3
2812500.0
2812500.0
316 5 2
2812500.0
2500000.0
316 5 3
2812500.0
2812500.0
316 5 3
2968750.0
2812500.0
316 5 3
2812500.0
2812500.0
316 5 2
3281250.0
2656250.0
316 5 2
3125000.0
2656250.0
316 5 3
2812500.0
2500000.0
562 5 3
7500000.0
8125000.0
562 5 3
7500000.0
7500000.0
562 5 3
6875000.0
7500000.0
562 5 3
6875000.0
7500000.0
562 5 3
7500000.0
7500000.0
562 5 3
6875000.0
7500000.0
562 5 2
6875000.0
8125000.0
562 5 3
6875000.0
7500000.0
562 5 3
6875000.0
8750000.0
562 5 3
6875000.0
1.0E7
562 5 3
6875000.0
8125000.0
562 5 3
6875000.0
9375000.0
562 5 3
6875000.0
8125000.0
562 5 3
6875000.0
8125000.0
562 5 3
6875000.0
8125000.0
562 5 3
7500000.0
7500000.0
562 5 3
6875000.0
7500000.0
562 5 3
6875000.0
7500000.0
562 5 3
7500000.0
8750000.0
562 5 3
7500000.0
8125000.0
562 5 3
6875000.0
7500000.0
562 5 3
7500000.0
7500000.0
562 5 3
7500000.0
6875000.0
562 5 3
7500000.0
7500000.0
562 5 2
6875000.0
8125000.0
562 5 3
6875000.0
7500000.0
562 5 3
6875000.0
7500000.0
562 5 2
7500000.0
8125000.0
562 5 3
7500000.0
7500000.0
562 5 3
7187500.0
7500000.0
562 5 3
7187500.0
7500000.0
562 5 3
7500000.0
6875000.0
1000 5 3
1.625E7
2.75E7
1000 5 3
1.75E7
2.25E7
1000 5 3
1.75E7
2.375E7
1000 5 3
1.625E7
2.75E7
1000 5 3
1.75E7
2.25E7
1000 5 3
1.75E7
2.75E7
1000 5 3
1.5E7
2.625E7
1000 5 3
1.75E7
2.375E7
1000 5 3
1.625E7
2.375E7
1000 5 3
1.625E7
3.0E7
1000 5 3
1.5E7
2.125E7
1000 5 3
1.625E7
2.125E7
1000 5 3
1.75E7
3.25E7
1000 5 4
1.625E7
2.375E7
1000 5 3
1.625E7
2.5E7
1000 5 3
1.625E7
2.25E7
1000 5 3
1.75E7
2.75E7
1000 5 3
1.5E7
2.625E7
1000 5 3
1.875E7
2.375E7
1000 5 3
1.75E7
3.0E7
1000 5 3
1.625E7
2.75E7
1000 5 4
1.75E7
2.25E7
1000 5 4
1.75E7
2.625E7
1000 5 3
1.625E7
2.5E7
1000 5 3
1.625E7
2.75E7
1000 5 3
1.75E7
2.25E7
1000 5 3
1.625E7
2.875E7
1000 5 3
1.875E7
2.75E7
1000 5 3
1.75E7
2.75E7
1000 5 3
1.75E7
2.0E7
1000 5 3
1.75E7
2.0E7
1000 5 3
1.625E7
2.0E7
1778 5 3
4.75E7
5.5E7
1778 5 4
4.0E7
6.0E7
1778 5 3
4.5E7
5.5E7
1778 5 3
3.75E7
7.0E7
1778 5 3
3.75E7
6.0E7
1778 5 3
4.0E7
5.5E7
1778 5 3
4.25E7
6.0E7
1778 5 3
3.75E7
6.5E7
1778 5 3
3.75E7
5.5E7
1778 5 3
3.75E7
6.0E7
1778 5 3
3.75E7
6.5E7
1778 5 3
3.75E7
6.0E7
1778 5 3
3.5E7
6.0E7
1778 5 3
3.5E7
6.0E7
1778 5 3
4.0E7
6.0E7
1778 5 3
4.0E7
5.5E7
1778 5 3
3.75E7
6.5E7
1778 5 3
3.75E7
7.0E7
1778 5 4
3.75E7
6.5E7
1778 5 3
3.5E7
6.5E7
1778 5 3
4.0E7
7.0E7
1778 5 3
3.75E7
6.5E7
1778 5 3
3.75E7
6.0E7
1778 5 3
3.5E7
9.0E7
1778 5 3
3.75E7
7.0E7
1778 5 4
3.5E7
7.0E7
1778 5 3
3.75E7
6.5E7
1778 5 3
3.75E7
7.0E7
1778 5 3
4.0E7
6.5E7
1778 5 3
3.5E7
5.5E7
1778 5 3
4.0E7
6.0E7
1778 5 3
4.0E7
5.5E7
3162 5 4
1.1E8
2.1E8
3162 5 4
8.5E7
2.2E8
3162 5 3
9.0E7
2.0E8
3162 5 4
8.5E7
2.1E8
3162 5 4
1.15E8
2.2E8
3162 5 3
9.0E7
2.1E8
3162 5 4
9.0E7
2.2E8
3162 5 4
9.0E7
2.0E8
3162 5 3
8.5E7
2.0E8
3162 5 3
8.5E7
2.0E8
3162 5 4
9.0E7
2.1E8
3162 5 3
9.0E7
2.3E8
3162 5 4
9.0E7
2.2E8
3162 5 4
9.0E7
2.1E8
3162 5 4
8.5E7
2.0E8
3162 5 4
8.5E7
2.2E8
3162 5 4
8.5E7
2.1E8
3162 5 4
8.0E7
2.1E8
3162 5 3
9.0E7
2.2E8
3162 5 4
8.5E7
2.2E8
3162 5 4
8.5E7
2.1E8
3162 5 4
8.5E7
2.1E8
3162 5 4
8.0E7
2.2E8
3162 5 3
8.5E7
2.3E8
3162 5 4
8.5E7
2.2E8
3162 5 4
9.0E7
2.3E8
3162 5 4
8.5E7
2.1E8
3162 5 4
8.0E7
2.7E8
3162 5 3
8.5E7
2.3E8
3162 5 4
9.5E7
2.3E8
3162 5 4
8.5E7
2.4E8
3162 5 3
8.5E7
2.4E8
5623 5 4
1.9E8
6.9E8
5623 5 4
2.0E8
7.9E8
5623 5 4
2.1E8
7.2E8
5623 5 4
2.2E8
7.8E8
5623 5 4
2.0E8
7.2E8
5623 5 4
1.9E8
8.2E8
5623 5 4
2.2E8
8.3E8
5623 5 4
2.1E8
8.9E8
5623 5 4
2.7E8
7.8E8
5623 5 4
2.1E8
8.2E8
5623 5 4
2.0E8
6.9E8
5623 5 4
2.2E8
9.2E8
5623 5 4
1.9E8
6.9E8
5623 5 4
2.2E8
8.3E8
5623 5 4
2.1E8
8.0E8
5623 5 4
1.8E8
7.9E8
5623 5 4
2.2E8
8.9E8
5623 5 4
1.5E8
7.8E8
5623 5 4
2.1E8
9.1E8
5623 5 4
1.9E8
7.7E8
5623 5 4
2.0E8
6.8E8
5623 5 4
1.8E8
7.6E8
5623 5 4
2.1E8
7.7E8
5623 5 4
2.1E8
8.8E8
5623 5 4
1.8E8
7.6E8
5623 5 4
1.9E8
8.1E8
5623 5 4
2.3E8
8.0E8
5623 5 4
2.2E8
6.8E8
5623 5 4
2.4E8
8.7E8
5623 5 4
2.4E8
8.5E8
5623 5 4
2.4E8
8.8E8
5623 5 4
2.1E8
6.6E8
10000 5 4
4.2E8
2.26E9
10000 5 4
4.4E8
2.29E9
10000 5 5
4.2E8
2.28E9
10000 5 4
4.2E8
2.31E9
10000 5 5
4.3E8
2.37E9
10000 5 4
4.1E8
2.33E9
10000 5 4
4.2E8
2.52E9
10000 5 4
4.1E8
2.43E9
10000 5 5
4.2E8
2.4E9
10000 5 4
4.3E8
2.29E9
10000 5 4
4.1E8
2.43E9
10000 5 5
4.1E8
2.47E9
10000 5 4
4.2E8
2.62E9
10000 5 4
4.2E8
2.7E9
10000 5 4
4.3E8
2.58E9
10000 5 4
4.4E8
2.37E9
10000 5 5
4.2E8
2.63E9
10000 5 5
4.7E8
2.41E9
10000 5 4
4.2E8
2.77E9
10000 5 5
4.0E8
2.68E9
10000 5 5
4.2E8
2.69E9
10000 5 5
4.4E8
2.63E9
10000 5 4
4.3E8
2.48E9
10000 5 4
4.2E8
2.94E9
10000 5 4
4.6E8
2.73E9
10000 5 4
4.3E8
2.95E9
10000 5 5
4.5E8
2.87E9
10000 5 5
4.4E8
3.16E9
10000 5 4
4.8E8
2.92E9
10000 5 4
4.5E8
2.91E9
10000 5 5
4.3E8
3.21E9
10000 5 4
4.2E8
3.22E9
17782 5 5
9.5E8
7.56E9
17782 5 5
9.3E8
7.72E9
17782 5 5
8.8E8
8.18E9
17782 5 5
9.4E8
7.81E9
17782 5 5
8.8E8
8.4E9
17782 5 5
9.6E8
7.65E9
17782 5 5
9.5E8
8.39E9
17782 5 5
9.6E8
8.3E9
17782 5 5
9.2E8
8.38E9
17782 5 5
8.9E8
8.78E9
17782 5 5
9.2E8
8.75E9
17782 5 5
1.05E9
8.35E9
17782 5 5
9.4E8
8.79E9
17782 5 5
9.8E8
9.23E9
17782 5 5
9.7E8
8.29E9
17782 5 5
9.8E8
8.53E9
17782 5 5
1.16E9
9.39E9
17782 5 5
9.3E8
8.7E9
17782 5 5
1.05E9
8.08E9
17782 5 5
9.7E8
8.75E9
17782 5 5
9.4E8
9.52E9
17782 5 5
1.0E9
9.75E9
17782 5 5
9.7E8
9.57E9
17782 5 5
9.5E8
1.011E10
17782 5 6
1.04E9
9.41E9
17782 5 5
9.7E8
1.001E10
17782 5 5
9.5E8
1.03E10
17782 5 5
1.07E9
1.027E10
17782 5 5
9.1E8
1.134E10
17782 5 5
1.07E9
1.107E10
17782 5 5
1.4E9
1.067E10
17782 5 5
1.04E9
1.182E10
31622 5 6
2.22E9
2.5E10
31622 5 5
2.19E9
2.648E10
31622 5 6
2.02E9
2.826E10
31622 5 6
2.28E9
2.812E10
31622 5 6
2.07E9
2.985E10
31622 5 6
2.09E9
2.773E10
31622 5 6
2.29E9
2.804E10
31622 5 6
2.26E9
2.95E10
31622 5 6
2.16E9
2.963E10
31622 5 6
2.0E9
2.951E10
31622 5 6
2.0E9
3.104E10
31622 5 6
2.28E9
2.924E10
31622 5 6
2.24E9
2.982E10
31622 5 6
2.28E9
3.077E10
31622 5 5
2.39E9
2.827E10
31622 5 5
2.29E9
3.002E10
31622 5 5
2.12E9
3.139E10
31622 5 6
2.22E9
3.302E10
31622 5 5
2.34E9
2.979E10
31622 5 6
2.57E9
2.952E10
31622 5 5
2.33E9
3.199E10
31622 5 5
2.26E9
3.142E10
31622 5 6
2.28E9
3.207E10
31622 5 6
2.25E9
3.197E10
31622 5 6
2.42E9
3.114E10
31622 5 5
2.43E9
3.25E10
31622 5 6
2.65E9
2.95E10
31622 5 5
2.15E9
3.449E10
31622 5 6
2.13E9
3.347E10
31622 5 5
2.13E9
3.521E10
31622 5 5
2.54E9
3.229E10
31622 5 5
2.09E9
3.637E10
56234 5 6
4.65E9
9.542E10
56234 5 6
4.47E9
1.0009E11
56234 5 6
4.49E9
9.746E10
56234 5 6
4.57E9
1.0195E11
56234 5 6
4.59E9
9.985E10
56234 5 6
4.6E9
1.0109E11
56234 5 6
4.79E9
1.0328E11
56234 5 6
4.76E9
1.0258E11
56234 5 6
4.48E9
1.0444E11
56234 5 6
4.63E9
1.0595E11
56234 5 6
4.75E9
1.0816E11
56234 5 6
4.86E9
1.1265E11
56234 5 6
4.95E9
1.1014E11
56234 5 7
4.74E9
1.0713E11
56234 5 6
5.36E9
1.0905E11
56234 5 6
5.51E9
1.088E11
56234 5 6
4.86E9
1.1404E11
56234 5 6
4.73E9
1.149E11
56234 5 6
4.62E9
1.1271E11
56234 5 6
5.43E9
1.0967E11
56234 5 6
5.05E9
1.1661E11
56234 5 6
4.88E9
1.1276E11
56234 5 6
4.83E9
1.1175E11
56234 5 6
5.63E9
1.1266E11
56234 5 6
4.64E9
1.1039E11
56234 5 6
4.92E9
1.1618E11
56234 5 6
4.79E9
1.1667E11
56234 5 6
5.07E9
1.1704E11
56234 5 6
5.5E9
1.1949E11
56234 5 6
4.66E9
1.2194E11
56234 5 6
4.93E9
1.2091E11
56234 5 6
5.43E9
1.2024E11
100000 5 7
1.04E10
2.6814E11
100000 5 7
1.01E10
3.0003E11
100000 5 7
9.86E9
3.1802E11
100000 5 7
9.68E9
3.2196E11
100000 5 7
9.84E9
3.2989E11
100000 5 7
1.187E10
3.038E11
100000 5 6
1.058E10
3.0468E11
100000 5 7
1.087E10
3.1573E11
100000 5 7
1.109E10
3.2829E11
100000 5 7
1.174E10
3.2415E11
100000 5 7
9.93E9
3.4564E11
100000 5 6
1.088E10
3.4891E11
100000 5 7
1.099E10
3.3193E11
100000 5 7
1.069E10
3.403E11
100000 5 6
1.087E10
3.3973E11
100000 5 6
1.086E10
3.382E11
100000 5 7
1.029E10
3.6527E11
100000 5 6
1.072E10
3.4684E11
100000 5 7
1.194E10
3.4599E11
100000 5 7
1.134E10
3.5243E11
100000 5 7
1.038E10
3.5458E11
100000 5 7
1.105E10
3.5264E11
100000 5 7
9.57E9
3.6029E11
100000 5 7
1.103E10
3.6424E11
100000 5 7
1.098E10
3.6219E11
100000 5 7
1.118E10
3.7746E11
100000 5 7
1.069E10
3.7408E11
100000 5 7
9.34E9
3.771E11
100000 5 7
1.225E10
3.7323E11
100000 5 7
9.93E9
3.856E11
100000 5 7
1.024E10
3.9159E11
100000 5 7
1.053E10
3.8781E11
