100 4 3
429687.5
292968.75
100 4 2
429687.5
292968.75
100 4 3
371093.75
292968.75
100 4 3
390625.0
292968.75
100 4 3
371093.75
273437.5
100 4 2
390625.0
253906.25
100 4 4
390625.0
312500.0
100 4 3
429687.5
292968.75
100 4 3
371093.75
292968.75
100 4 3
371093.75
292968.75
100 4 2
371093.75
332031.25
100 4 2
371093.75
312500.0
100 4 3
390625.0
332031.25
100 4 2
390625.0
312500.0
100 4 2
390625.0
332031.25
100 4 3
371093.75
292968.75
100 4 2
390625.0
273437.5
100 4 3
351562.5
292968.75
100 4 3
390625.0
292968.75
100 4 3
371093.75
292968.75
100 4 2
429687.5
273437.5
100 4 2
429687.5
312500.0
100 4 3
371093.75
312500.0
100 4 2
371093.75
312500.0
100 4 2
390625.0
312500.0
100 4 3
371093.75
312500.0
100 4 3
410156.25
312500.0
100 4 3
410156.25
292968.75
100 4 2
390625.0
312500.0
100 4 3
390625.0
312500.0
100 4 2
371093.75
312500.0
100 4 3
371093.75
332031.25
177 4 3
859375.0
859375.0
177 4 3
937500.0
859375.0
177 4 3
937500.0
859375.0
177 4 3
937500.0
1015625.0
177 4 3
1015625.0
859375.0
177 4 3
859375.0
781250.0
177 4 3
937500.0
859375.0
177 4 3
1015625.0
859375.0
177 4 3
937500.0
937500.0
177 4 3
937500.0
859375.0
177 4 3
1015625.0
859375.0
177 4 3
1015625.0
859375.0
177 4 3
1015625.0
859375.0
177 4 3
937500.0
859375.0
177 4 3
1015625.0
859375.0
177 4 3
937500.0
820312.5
177 4 3
859375.0
781250.0
177 4 3
1015625.0
703125.0
177 4 3
859375.0
742187.5
177 4 3
859375.0
703125.0
177 4 4
1015625.0
742187.5
177 4 3
859375.0
820312.5
177 4 3
937500.0
742187.5
177 4 3
937500.0
820312.5
177 4 3
859375.0
703125.0
177 4 3
859375.0
742187.5
177 4 3
937500.0
742187.5
177 4 3
859375.0
742187.5
177 4 3
937500.0
781250.0
177 4 3
859375.0
781250.0
177 4 3
1015625.0
742187.5
316 4 4
2187500.0
2187500.0
177 4 3
898437.5
820312.5
316 4 3
2031250.0
2187500.0
316 4 3
1875000.0
2812500.0
316 4 3
2343750.0
2031250.0
316 4 3
2031250.0
2187500.0
316 4 3
1875000.0
2187500.0
316 4 4
2343750.0
2187500.0
316 4 4
2187500.0
2343750.0
316 4 3
2187500.0
2187500.0
316 4 3
2500000.0
3437500.0
316 4 4
2187500.0
2343750.0
316 4 3
2031250.0
3437500.0
316 4 4
2187500.0
2187500.0
316 4 3
2031250.0
2500000.0
316 4 3
2031250.0
2500000.0
316 4 4
2187500.0
2187500.0
316 4 3
2031250.0
2343750.0
316 4 3
2187500.0
2968750.0
316 4 4
2187500.0
2343750.0
316 4 4
2187500.0
2187500.0
316 4 3
2343750.0
2343750.0
316 4 4
2031250.0
2343750.0
316 4 4
2343750.0
2500000.0
316 4 3
2343750.0
2187500.0
316 4 3
2812500.0
2031250.0
316 4 4
2812500.0
2343750.0
316 4 3
2500000.0
2187500.0
316 4 4
2968750.0
2343750.0
316 4 3
2968750.0
2656250.0
316 4 4
2812500.0
2500000.0
316 4 3
3437500.0
2343750.0
316 4 4
2187500.0
2187500.0
562 4 4
5000000.0
6875000.0
562 4 3
4375000.0
6875000.0
562 4 4
5000000.0
6875000.0
562 4 4
4687500.0
8750000.0
562 4 4
5000000.0
6875000.0
562 4 4
5000000.0
8125000.0
562 4 4
4375000.0
6875000.0
562 4 4
5625000.0
6875000.0
562 4 4
4687500.0
6250000.0
562 4 4
4687500.0
6562500.0
562 4 4
5625000.0
6562500.0
562 4 4
5312500.0
6250000.0
562 4 4
4687500.0
6250000.0
562 4 4
4375000.0
6875000.0
562 4 4
4687500.0
8125000.0
562 4 4
4687500.0
7187500.0
562 4 4
5000000.0
6250000.0
562 4 4
5312500.0
6875000.0
562 4 4
5000000.0
5937500.0
562 4 4
5000000.0
6250000.0
562 4 4
5312500.0
7500000.0
562 4 4
5000000.0
6250000.0
562 4 4
4687500.0
6875000.0
562 4 4
5000000.0
6875000.0
562 4 4
4687500.0
5937500.0
562 4 4
5000000.0
8750000.0
1000 4 5
1.375E7
1.5E7
562 4 4
5937500.0
6250000.0
562 4 4
5312500.0
6562500.0
562 4 4
5625000.0
6562500.0
562 4 4
5000000.0
5625000.0
1000 4 4
1.375E7
1.75E7
562 4 4
5312500.0
6562500.0
562 4 4
6562500.0
7187500.0
1000 4 5
1.375E7
1.5E7
1000 4 5
1.5E7
1.75E7
1000 4 5
1.375E7
1.625E7
1000 4 4
1.125E7
1.75E7
1000 4 5
1.0E7
2.75E7
1000 4 5
1.125E7
1.75E7
1000 4 5
1.1875E7
2.0E7
1000 4 5
1.1875E7
2.25E7
1000 4 5
1.25E7
1.75E7
1000 4 4
1.0E7
2.0E7
1000 4 4
1.0625E7
1.5E7
1000 4 5
1.125E7
2.75E7
1000 4 6
1.3125E7
1.75E7
1000 4 4
1.0E7
2.625E7
1000 4 4
1.1875E7
1.5E7
1000 4 5
1.0625E7
1.5E7
1000 4 4
1.1875E7
1.875E7
1000 4 4
1.0625E7
1.625E7
1000 4 4
9375000.0
2.625E7
1000 4 4
1.0E7
3.0E7
1000 4 5
9375000.0
2.625E7
1000 4 5
1.125E7
1.625E7
1000 4 5
1.125E7
1.75E7
1000 4 5
1.1875E7
1.75E7
1000 4 4
1.25E7
1.5E7
1000 4 5
1.25E7
1.5E7
1778 4 5
2.75E7
6.0E7
1000 4 4
1.125E7
2.5E7
1000 4 4
1.1875E7
2.625E7
1000 4 5
1.3125E7
2.625E7
1000 4 4
1.1875E7
2.0E7
1778 4 5
2.75E7
5.75E7
1778 4 5
2.75E7
5.75E7
1778 4 5
2.75E7
6.0E7
1778 4 5
2.75E7
5.5E7
1778 4 5
3.5E7
5.5E7
1778 4 5
2.5E7
6.5E7
1778 4 5
3.0E7
4.25E7
1778 4 5
3.125E7
4.75E7
1778 4 5
2.75E7
5.5E7
1778 4 5
2.25E7
6.0E7
1778 4 5
2.75E7
5.5E7
1778 4 5
2.25E7
7.0E7
1778 4 5
2.75E7
5.0E7
1778 4 6
2.75E7
6.0E7
1778 4 5
2.25E7
4.5E7
3162 4 6
5.5E7
1.9E8
1778 4 5
2.5E7
7.5E7
3162 4 6
5.5E7
1.5E8
1778 4 5
3.75E7
7.25E7
1778 4 5
2.875E7
4.5E7
1778 4 6
2.25E7
6.25E7
1778 4 5
2.25E7
4.75E7
1778 4 5
2.25E7
5.25E7
3162 4 6
6.0E7
1.9E8
1778 4 6
2.5E7
5.25E7
3162 4 6
6.5E7
2.3E8
1778 4 5
2.625E7
6.0E7
1778 4 5
2.375E7
4.5E7
1778 4 5
3.125E7
4.5E7
3162 4 6
6.5E7
2.0E8
3162 4 6
1.1E8
1.7E8
1778 4 5
2.5E7
7.0E7
3162 4 6
6.0E7
2.0E8
3162 4 6
8.5E7
1.6E8
1778 4 6
2.5E7
4.75E7
1778 4 5
2.5E7
4.75E7
1778 4 5
2.375E7
8.0E7
1778 4 5
2.375E7
8.0E7
1778 4 6
2.625E7
4.0E7
3162 4 7
5.5E7
1.5E8
3162 4 6
5.25E7
2.9E8
3162 4 6
5.5E7
1.5E8
3162 4 6
7.0E7
1.9E8
3162 4 6
6.0E7
1.6E8
3162 4 6
6.5E7
1.9E8
3162 4 6
7.0E7
2.2E8
3162 4 6
8.5E7
1.2E8
3162 4 6
6.0E7
1.9E8
3162 4 5
8.5E7
1.5E8
3162 4 6
5.5E7
1.7E8
3162 4 6
5.5E7
1.6E8
3162 4 6
6.5E7
1.6E8
3162 4 6
6.0E7
1.5E8
3162 4 6
6.5E7
2.2E8
3162 4 6
6.0E7
1.7E8
3162 4 6
6.0E7
1.9E8
3162 4 6
6.5E7
1.6E8
3162 4 6
5.75E7
1.8E8
3162 4 6
6.0E7
1.9E8
3162 4 6
6.25E7
1.5E8
3162 4 6
6.25E7
1.8E8
3162 4 6
5.25E7
1.6E8
3162 4 6
5.0E7
2.8E8
5623 4 7
1.4E8
4.5E8
5623 4 7
1.2E8
4.7E8
5623 4 7
1.1E8
4.4E8
5623 4 6
1.4E8
5.5E8
5623 4 6
1.1E8
4.7E8
5623 4 7
1.3E8
5.0E8
5623 4 7
1.1E8
6.0E8
5623 4 7
1.1E8
5.0E8
5623 4 7
1.4E8
4.9E8
5623 4 7
1.3E8
5.4E8
5623 4 7
1.1E8
4.9E8
5623 4 7
1.5E8
5.3E8
5623 4 7
1.1E8
5.8E8
5623 4 7
1.2E8
6.0E8
5623 4 8
1.2E8
5.9E8
5623 4 6
1.2E8
6.2E8
5623 4 6
1.3E8
4.9E8
5623 4 7
1.5E8
6.2E8
5623 4 7
1.3E8
6.0E8
5623 4 6
1.2E8
6.1E8
5623 4 6
1.1E8
5.9E8
5623 4 7
1.3E8
5.6E8
5623 4 7
1.1E8
4.6E8
5623 4 6
1.15E8
6.6E8
5623 4 7
1.3E8
6.0E8
5623 4 7
1.4E8
5.5E8
5623 4 7
1.2E8
4.7E8
5623 4 6
1.4E8
5.5E8
5623 4 6
1.25E8
5.6E8
5623 4 7
1.2E8
5.1E8
5623 4 7
1.5E8
5.1E8
5623 4 8
1.8E8
5.5E8
10000 4 7
2.4E8
1.37E9
10000 4 8
2.1E8
1.44E9
10000 4 7
2.5E8
1.61E9
10000 4 8
2.4E8
1.37E9
10000 4 8
2.3E8
1.62E9
10000 4 8
3.4E8
1.73E9
10000 4 7
2.9E8
1.74E9
10000 4 8
2.6E8
1.55E9
10000 4 8
3.1E8
1.73E9
10000 4 8
2.8E8
1.47E9
10000 4 8
3.0E8
1.54E9
10000 4 8
2.5E8
1.81E9
10000 4 8
2.8E8
1.68E9
10000 4 7
2.5E8
1.77E9
10000 4 8
2.7E8
1.58E9
10000 4 8
2.4E8
1.89E9
10000 4 8
2.6E8
1.65E9
10000 4 8
2.1E8
1.92E9
10000 4 8
3.4E8
1.69E9
10000 4 7
2.4E8
1.75E9
10000 4 8
2.6E8
1.82E9
10000 4 8
2.8E8
2.12E9
10000 4 8
2.6E8
1.55E9
10000 4 7
2.4E8
2.02E9
10000 4 8
3.6E8
1.84E9
10000 4 8
2.9E8
1.79E9
10000 4 8
3.7E8
1.82E9
10000 4 8
2.3E8
1.87E9
10000 4 7
2.8E8
2.14E9
10000 4 8
3.0E8
1.58E9
10000 4 8
2.6E8
1.51E9
10000 4 7
3.1E8
1.85E9
17782 4 9
5.3E8
4.71E9
17782 4 9
5.2E8
4.79E9
17782 4 8
5.6E8
4.68E9
17782 4 8
5.4E8
4.53E9
17782 4 9
5.2E8
5.1E9
17782 4 8
5.4E8
4.83E9
17782 4 8
5.8E8
4.75E9
17782 4 9
5.0E8
5.2E9
17782 4 9
5.3E8
5.39E9
17782 4 8
5.6E8
5.26E9
17782 4 9
5.9E8
5.25E9
17782 4 9
5.7E8
5.33E9
17782 4 9
4.8E8
5.55E9
17782 4 10
6.1E8
5.24E9
17782 4 9
7.3E8
5.18E9
17782 4 9
6.0E8
5.73E9
17782 4 8
5.3E8
5.49E9
17782 4 9
5.5E8
5.2E9
17782 4 9
6.2E8
5.43E9
17782 4 9
5.6E8
5.55E9
17782 4 9
6.1E8
5.82E9
17782 4 9
5.7E8
5.42E9
17782 4 10
6.0E8
5.51E9
17782 4 9
5.7E8
5.58E9
17782 4 9
5.6E8
6.08E9
17782 4 9
6.2E8
5.78E9
17782 4 9
4.8E8
5.95E9
17782 4 9
5.6E8
6.24E9
17782 4 9
7.0E8
6.22E9
17782 4 9
5.3E8
6.74E9
17782 4 9
6.2E8
7.24E9
17782 4 8
6.3E8
7.95E9
31622 4 10
1.05E9
1.297E10
31622 4 9
1.11E9
1.717E10
31622 4 10
1.31E9
1.468E10
31622 4 10
1.17E9
1.336E10
31622 4 10
1.16E9
1.699E10
31622 4 11
1.05E9
1.931E10
31622 4 10
1.22E9
1.903E10
31622 4 10
1.22E9
1.713E10
31622 4 10
1.13E9
2.028E10
31622 4 10
1.08E9
1.874E10
31622 4 10
1.33E9
1.865E10
31622 4 11
1.14E9
1.938E10
31622 4 10
1.2E9
1.965E10
31622 4 10
1.61E9
2.062E10
31622 4 10
1.35E9
2.206E10
31622 4 10
1.18E9
2.25E10
31622 4 9
1.12E9
2.34E10
31622 4 11
1.22E9
2.426E10
31622 4 10
1.15E9
2.408E10
31622 4 10
1.16E9
2.639E10
31622 4 10
1.21E9
2.628E10
31622 4 10
1.55E9
2.571E10
31622 4 10
1.25E9
2.791E10
31622 4 10
1.3E9
2.823E10
31622 4 11
1.46E9
2.807E10
31622 4 10
1.73E9
2.968E10
31622 4 10
1.74E9
2.939E10
31622 4 10
1.24E9
3.453E10
31622 4 12
1.64E9
3.561E10
31622 4 10
1.67E9
3.79E10
31622 4 10
1.73E9
3.972E10
31622 4 10
1.17E9
4.419E10
56234 4 12
2.49E9
5.26E10
56234 4 11
2.47E9
6.097E10
56234 4 11
2.68E9
6.011E10
56234 4 11
2.1E9
6.824E10
56234 4 11
2.33E9
6.599E10
56234 4 11
2.37E9
6.277E10
56234 4 11
2.03E9
7.091E10
56234 4 12
2.02E9
6.401E10
56234 4 11
2.18E9
6.323E10
56234 4 11
2.36E9
6.929E10
56234 4 12
2.3E9
7.048E10
56234 4 11
2.33E9
7.184E10
56234 4 12
2.34E9
7.225E10
56234 4 11
2.65E9
7.225E10
56234 4 12
2.64E9
7.303E10
56234 4 11
2.94E9
7.179E10
56234 4 12
2.74E9
6.925E10
56234 4 11
2.47E9
7.73E10
56234 4 11
2.25E9
7.035E10
56234 4 11
2.72E9
6.896E10
56234 4 11
2.37E9
8.558E10
56234 4 11
2.41E9
8.307E10
56234 4 11
2.58E9
8.786E10
56234 4 11
2.43E9
7.803E10
56234 4 13
2.82E9
7.656E10
56234 4 12
2.11E9
6.932E10
56234 4 11
2.08E9
7.638E10
56234 4 11
2.47E9
7.599E10
56234 4 11
2.22E9
7.598E10
56234 4 11
2.53E9
8.184E10
56234 4 12
2.31E9
8.108E10
56234 4 11
2.79E9
9.089E10
100000 4 13
4.96E9
1.903E11
100000 4 13
5.26E9
1.9831E11
100000 4 14
5.23E9
2.2277E11
100000 4 13
5.46E9
2.0292E11
100000 4 13
5.09E9
2.2321E11
100000 4 13
5.24E9
2.0419E11
100000 4 13
5.11E9
2.1133E11
100000 4 13
5.52E9
2.2086E11
100000 4 13
5.05E9
2.2495E11
100000 4 13
4.75E9
2.3565E11
100000 4 13
5.61E9
2.3435E11
100000 4 12
4.55E9
2.4249E11
100000 4 13
4.45E9
2.1953E11
100000 4 14
5.29E9
2.3829E11
100000 4 13
5.05E9
2.4289E11
100000 4 13
4.47E9
2.273E11
100000 4 13
4.53E9
2.0877E11
100000 4 13
5.41E9
2.4463E11
100000 4 13
5.81E9
2.2915E11
100000 4 13
4.89E9
2.3686E11
100000 4 13
5.43E9
2.3886E11
100000 4 13
5.57E9
2.5239E11
100000 4 13
4.77E9
2.3164E11
100000 4 13
5.02E9
2.5153E11
100000 4 13
4.72E9
2.3076E11
100000 4 13
5.22E9
2.3674E11
100000 4 14
4.7E9
2.6031E11
100000 4 13
5.38E9
2.58E11
100000 4 13
4.54E9
2.2157E11
100000 4 13
5.16E9
2.6489E11
100000 4 13
4.68E9
2.4727E11
100000 4 13
6.04E9
2.3563E11
