100 3 5
214843.75
214843.75
100 3 4
253906.25
214843.75
100 3 5
234375.0
214843.75
100 3 5
234375.0
214843.75
100 3 5
273437.5
214843.75
100 3 4
253906.25
214843.75
100 3 4
234375.0
234375.0
100 3 4
253906.25
214843.75
100 3 4
253906.25
234375.0
100 3 4
253906.25
234375.0
100 3 5
234375.0
253906.25
100 3 4
253906.25
234375.0
100 3 5
253906.25
214843.75
100 3 5
253906.25
234375.0
100 3 4
234375.0
234375.0
100 3 4
214843.75
195312.5
100 3 4
214843.75
214843.75
100 3 4
214843.75
214843.75
100 3 4
234375.0
214843.75
100 3 4
234375.0
224609.375
100 3 5
234375.0
224609.375
100 3 5
253906.25
214843.75
100 3 4
214843.75
234375.0
100 3 4
234375.0
224609.375
100 3 6
253906.25
205078.125
100 3 5
253906.25
214843.75
100 3 6
273437.5
234375.0
100 3 5
214843.75
234375.0
100 3 4
214843.75
244140.625
100 3 4
253906.25
234375.0
100 3 5
234375.0
224609.375
100 3 5
234375.0
244140.625
177 3 5
546875.0
546875.0
177 3 5
546875.0
546875.0
177 3 4
468750.0
742187.5
177 3 6
664062.5
507812.5
177 3 6
507812.5
546875.0
177 3 5
625000.0
546875.0
177 3 5
546875.0
507812.5
177 3 6
585937.5
546875.0
177 3 6
546875.0
546875.0
177 3 6
546875.0
546875.0
177 3 5
585937.5
507812.5
177 3 6
625000.0
664062.5
177 3 4
742187.5
703125.0
177 3 5
546875.0
546875.0
177 3 5
664062.5
781250.0
177 3 5
546875.0
585937.5
177 3 5
585937.5
625000.0
177 3 5
664062.5
625000.0
177 3 5
546875.0
664062.5
177 3 5
507812.5
625000.0
177 3 5
703125.0
625000.0
177 3 5
585937.5
585937.5
177 3 5
546875.0
664062.5
177 3 6
820312.5
625000.0
177 3 5
585937.5
585937.5
177 3 5
820312.5
703125.0
177 3 5
468750.0
546875.0
177 3 5
507812.5
585937.5
177 3 5
585937.5
585937.5
177 3 6
742187.5
625000.0
177 3 5
468750.0
507812.5
177 3 5
664062.5
625000.0
316 3 6
1093750.0
1718750.0
316 3 7
1171875.0
1875000.0
316 3 6
1406250.0
2343750.0
316 3 6
1093750.0
1562500.0
316 3 6
1250000.0
2187500.0
316 3 5
1171875.0
1562500.0
316 3 6
1875000.0
2031250.0
316 3 7
1328125.0
1406250.0
316 3 6
1250000.0
1406250.0
316 3 5
1250000.0
1718750.0
316 3 6
1406250.0
1484375.0
316 3 6
1171875.0
1484375.0
316 3 6
1328125.0
1484375.0
316 3 7
1718750.0
1875000.0
316 3 6
1640625.0
2031250.0
316 3 6
1093750.0
1562500.0
316 3 6
1250000.0
1718750.0
316 3 6
1875000.0
1875000.0
316 3 6
1328125.0
1875000.0
316 3 6
1250000.0
1406250.0
316 3 6
1015625.0
1562500.0
316 3 6
1171875.0
1562500.0
316 3 8
1328125.0
1484375.0
316 3 6
1250000.0
1406250.0
316 3 6
1250000.0
1562500.0
316 3 7
1015625.0
1562500.0
316 3 6
1328125.0
1640625.0
316 3 6
1328125.0
1640625.0
316 3 6
1328125.0
1718750.0
316 3 6
1796875.0
1718750.0
316 3 6
1484375.0
1640625.0
562 3 7
3437500.0
6250000.0
316 3 7
1406250.0
2109375.0
562 3 7
2812500.0
3750000.0
562 3 7
2812500.0
4062500.0
562 3 7
3437500.0
7500000.0
562 3 7
2343750.0
4375000.0
562 3 8
2500000.0
3437500.0
562 3 7
2812500.0
5000000.0
562 3 7
2343750.0
4062500.0
562 3 7
2343750.0
4062500.0
562 3 7
2500000.0
4375000.0
562 3 7
2500000.0
6250000.0
562 3 7
2500000.0
4687500.0
562 3 8
2500000.0
4062500.0
562 3 7
2343750.0
5312500.0
562 3 7
4687500.0
4687500.0
562 3 7
2812500.0
3750000.0
562 3 8
2656250.0
4375000.0
562 3 7
2343750.0
3750000.0
562 3 7
4375000.0
5000000.0
562 3 7
2656250.0
4062500.0
562 3 8
3750000.0
5000000.0
562 3 7
2500000.0
4062500.0
562 3 7
2343750.0
4062500.0
562 3 7
2968750.0
3750000.0
562 3 8
2812500.0
4687500.0
562 3 7
2500000.0
3750000.0
562 3 8
2968750.0
4687500.0
562 3 8
2343750.0
4375000.0
562 3 7
4062500.0
6250000.0
1000 3 9
6875000.0
2.0E7
562 3 7
2343750.0
5000000.0
562 3 8
3437500.0
6875000.0
562 3 7
2812500.0
4375000.0
1000 3 9
5000000.0
1.0625E7
1000 3 8
5312500.0
1.0E7
1000 3 9
8125000.0
1.75E7
1000 3 9
5000000.0
9375000.0
1000 3 9
4375000.0
1.125E7
1000 3 8
8437500.0
1.5E7
1000 3 9
8125000.0
1.625E7
1000 3 8
7500000.0
1.625E7
1000 3 9
5312500.0
1.0625E7
1000 3 9
5312500.0
1.1875E7
1000 3 9
5000000.0
1.25E7
1000 3 8
5937500.0
1.125E7
1000 3 10
5312500.0
1.125E7
1000 3 8
5625000.0
1.0E7
1000 3 9
8125000.0
1.875E7
1000 3 8
5000000.0
1.0625E7
1000 3 8
5625000.0
1.3125E7
1000 3 9
6250000.0
1.5E7
1000 3 9
8125000.0
2.25E7
1000 3 9
5312500.0
1.0625E7
1000 3 9
4375000.0
1.1875E7
1000 3 9
5312500.0
1.375E7
1000 3 9
6250000.0
1.3125E7
1000 3 9
7500000.0
2.5E7
1000 3 8
5625000.0
1.3125E7
1000 3 9
6250000.0
1.0625E7
1000 3 10
4687500.0
1.125E7
1000 3 10
5312500.0
1.25E7
1000 3 9
5000000.0
1.125E7
1778 3 11
1.1875E7
3.5E7
1000 3 9
5937500.0
1.25E7
1778 3 11
1.0625E7
3.0E7
1000 3 8
8750000.0
2.25E7
1778 3 11
1.0625E7
2.75E7
1778 3 11
1.375E7
4.0E7
1778 3 11
9375000.0
2.75E7
1778 3 10
1.0625E7
3.0E7
1778 3 10
2.25E7
3.75E7
1778 3 10
1.0E7
3.25E7
1778 3 11
9375000.0
3.25E7
1778 3 11
1.75E7
4.75E7
1778 3 11
1.875E7
5.0E7
1778 3 10
1.5E7
3.5E7
1778 3 11
1.0625E7
3.25E7
1778 3 10
9375000.0
3.0E7
1778 3 10
1.625E7
5.5E7
1778 3 11
9375000.0
3.25E7
1778 3 11
9375000.0
3.0E7
1778 3 10
9375000.0
3.25E7
1778 3 10
1.0E7
3.0E7
1778 3 11
8750000.0
3.0E7
1778 3 11
1.0E7
2.75E7
1778 3 10
8750000.0
5.0E7
1778 3 11
1.0625E7
2.75E7
1778 3 10
1.375E7
5.0E7
1778 3 10
1.0625E7
3.25E7
1778 3 11
1.0625E7
2.75E7
3162 3 12
2.125E7
1.2E8
3162 3 12
1.875E7
1.2E8
1778 3 10
1.6875E7
6.0E7
1778 3 10
1.0625E7
3.5E7
1778 3 11
1.125E7
3.0E7
1778 3 11
9375000.0
2.75E7
3162 3 12
3.0E7
2.4E8
3162 3 12
3.5E7
2.3E8
3162 3 12
1.875E7
1.2E8
1778 3 11
1.0E7
3.0E7
3162 3 13
2.25E7
1.1E8
3162 3 13
2.0E7
1.2E8
1778 3 12
1.125E7
2.75E7
3162 3 12
4.0E7
1.3E8
3162 3 12
4.0E7
1.4E8
3162 3 12
3.5E7
1.1E8
3162 3 12
2.0E7
7.5E7
3162 3 14
2.125E7
1.1E8
3162 3 13
1.75E7
1.1E8
3162 3 13
2.0E7
1.1E8
3162 3 12
2.125E7
1.3E8
3162 3 13
1.75E7
1.1E8
3162 3 13
2.25E7
8.0E7
3162 3 12
2.0E7
8.5E7
3162 3 13
1.75E7
1.2E8
3162 3 12
2.0E7
1.4E8
3162 3 13
1.875E7
7.5E7
3162 3 12
1.875E7
1.1E8
3162 3 12
1.875E7
9.0E7
3162 3 12
1.875E7
9.0E7
3162 3 13
1.75E7
9.0E7
3162 3 12
1.875E7
1.0E8
3162 3 12
1.625E7
2.4E8
3162 3 12
2.75E7
2.1E8
3162 3 12
2.0E7
7.5E7
3162 3 12
2.625E7
2.1E8
3162 3 12
2.125E7
9.0E7
3162 3 12
3.25E7
1.9E8
5623 3 14
3.75E7
3.2E8
5623 3 14
4.25E7
3.0E8
5623 3 14
4.0E7
3.2E8
5623 3 14
5.25E7
3.3E8
5623 3 14
5.25E7
3.4E8
5623 3 14
4.25E7
3.0E8
5623 3 15
5.25E7
3.5E8
5623 3 15
4.25E7
3.2E8
5623 3 15
4.75E7
3.8E8
5623 3 14
4.75E7
3.6E8
5623 3 14
4.25E7
3.3E8
5623 3 14
6.5E7
4.4E8
5623 3 15
7.0E7
4.6E8
5623 3 15
4.0E7
3.3E8
5623 3 15
4.0E7
3.2E8
5623 3 15
4.0E7
3.2E8
5623 3 15
8.5E7
4.0E8
5623 3 15
3.5E7
3.0E8
5623 3 14
4.0E7
3.2E8
5623 3 15
3.75E7
3.2E8
5623 3 15
4.5E7
2.8E8
5623 3 14
4.0E7
2.9E8
5623 3 14
6.0E7
3.1E8
5623 3 14
8.5E7
5.0E8
5623 3 14
4.5E7
2.9E8
5623 3 14
4.5E7
3.0E8
5623 3 15
6.0E7
3.8E8
5623 3 14
4.25E7
3.1E8
5623 3 14
5.5E7
2.9E8
5623 3 14
6.0E7
4.6E8
5623 3 14
6.0E7
3.1E8
5623 3 14
4.75E7
4.4E8
10000 3 15
8.5E7
8.3E8
10000 3 15
9.0E7
1.0E9
10000 3 15
8.5E7
9.1E8
10000 3 15
8.5E7
9.0E8
10000 3 15
8.5E7
9.2E8
10000 3 15
8.5E7
1.12E9
10000 3 15
1.3E8
1.23E9
10000 3 15
7.0E7
8.8E8
10000 3 15
8.0E7
9.1E8
10000 3 15
9.5E7
1.03E9
10000 3 15
8.5E7
9.0E8
10000 3 15
8.0E7
9.0E8
10000 3 15
1.1E8
1.0E9
10000 3 15
9.0E7
9.1E8
10000 3 15
9.0E7
9.4E8
10000 3 15
9.5E7
1.11E9
10000 3 15
8.5E7
8.9E8
10000 3 15
9.0E7
1.05E9
10000 3 15
9.5E7
1.03E9
10000 3 15
8.0E7
9.6E8
10000 3 15
9.0E7
1.12E9
10000 3 15
1.4E8
1.11E9
10000 3 15
1.05E8
9.2E8
10000 3 15
7.5E7
8.9E8
10000 3 15
8.5E7
1.29E9
10000 3 15
1.15E8
9.2E8
10000 3 15
1.2E8
1.32E9
10000 3 15
1.2E8
1.28E9
10000 3 15
1.25E8
1.49E9
10000 3 15
1.4E8
1.31E9
10000 3 15
9.0E7
1.57E9
10000 3 15
8.0E7
1.39E9
17782 3 15
1.6E8
2.6E9
17782 3 15
1.7E8
2.82E9
17782 3 15
1.7E8
3.07E9
17782 3 15
1.7E8
3.12E9
17782 3 15
1.5E8
2.88E9
17782 3 15
1.7E8
3.06E9
17782 3 15
1.6E8
3.01E9
17782 3 15
1.6E8
3.13E9
17782 3 15
1.9E8
3.3E9
17782 3 15
1.8E8
3.15E9
17782 3 15
1.8E8
3.27E9
17782 3 15
1.4E8
3.31E9
17782 3 15
1.7E8
3.5E9
17782 3 15
1.6E8
3.57E9
17782 3 15
1.9E8
3.3E9
17782 3 15
1.7E8
3.78E9
17782 3 15
1.6E8
3.31E9
17782 3 15
2.0E8
3.88E9
17782 3 15
2.1E8
3.81E9
17782 3 15
2.1E8
4.13E9
17782 3 15
2.1E8
3.36E9
17782 3 15
1.9E8
3.61E9
17782 3 15
2.0E8
3.74E9
17782 3 15
1.5E8
4.08E9
17782 3 15
2.0E8
4.16E9
17782 3 15
3.5E8
3.51E9
17782 3 15
2.7E8
4.48E9
17782 3 15
3.8E8
5.3E9
17782 3 15
4.3E8
5.5E9
17782 3 15
3.1E8
5.55E9
17782 3 15
3.3E8
5.71E9
17782 3 15
3.3E8
5.72E9
31622 3 15
3.6E8
1.098E10
31622 3 15
3.5E8
1.16E10
31622 3 15
3.4E8
1.206E10
31622 3 15
3.0E8
1.191E10
31622 3 15
3.4E8
1.234E10
31622 3 15
3.5E8
1.153E10
31622 3 15
3.8E8
1.141E10
31622 3 15
3.7E8
1.194E10
31622 3 15
3.7E8
1.18E10
31622 3 15
3.8E8
1.207E10
31622 3 15
3.2E8
1.304E10
31622 3 15
3.4E8
1.31E10
31622 3 15
3.4E8
1.074E10
31622 3 15
3.9E8
1.243E10
31622 3 15
4.2E8
1.368E10
31622 3 15
3.6E8
1.333E10
31622 3 15
3.0E8
1.321E10
31622 3 15
3.7E8
1.27E10
31622 3 15
4.1E8
1.356E10
31622 3 15
3.0E8
1.367E10
31622 3 15
4.1E8
1.252E10
31622 3 15
4.3E8
1.276E10
31622 3 15
4.3E8
1.336E10
31622 3 15
4.0E8
1.155E10
31622 3 15
4.9E8
1.404E10
31622 3 15
4.7E8
1.226E10
31622 3 15
5.1E8
1.392E10
31622 3 15
5.4E8
1.313E10
31622 3 15
4.7E8
1.509E10
31622 3 15
4.5E8
1.294E10
31622 3 15
4.1E8
1.501E10
31622 3 15
6.3E8
1.679E10
56234 3 15
5.9E8
4.051E10
56234 3 15
7.3E8
4.467E10
56234 3 15
8.5E8
4.663E10
56234 3 15
8.6E8
4.92E10
56234 3 15
7.2E8
5.272E10
56234 3 15
6.6E8
5.263E10
56234 3 15
7.1E8
5.058E10
56234 3 15
9.4E8
5.473E10
56234 3 15
6.4E8
5.257E10
56234 3 15
7.2E8
5.667E10
56234 3 15
7.9E8
5.867E10
56234 3 15
8.2E8
5.734E10
56234 3 15
6.2E8
5.624E10
56234 3 15
6.2E8
5.525E10
56234 3 15
7.6E8
5.877E10
56234 3 15
7.1E8
6.019E10
56234 3 15
9.2E8
5.834E10
56234 3 15
7.2E8
5.935E10
56234 3 15
8.2E8
5.88E10
56234 3 15
1.02E9
5.842E10
56234 3 15
7.7E8
6.193E10
56234 3 15
8.3E8
6.085E10
56234 3 15
8.5E8
6.395E10
56234 3 15
7.2E8
6.357E10
56234 3 15
1.06E9
6.762E10
56234 3 15
6.8E8
6.547E10
56234 3 15
8.3E8
6.542E10
56234 3 15
6.9E8
6.086E10
56234 3 15
7.1E8
6.958E10
56234 3 15
8.5E8
7.173E10
56234 3 15
1.06E9
7.451E10
56234 3 15
8.6E8
7.993E10
100000 3 15
1.22E9
1.7102E11
100000 3 15
1.31E9
1.8689E11
100000 3 15
1.19E9
1.9082E11
100000 3 15
1.88E9
1.8351E11
100000 3 15
1.27E9
2.0224E11
100000 3 15
1.36E9
1.7475E11
100000 3 15
2.08E9
1.8908E11
100000 3 15
1.48E9
1.8898E11
100000 3 15
1.42E9
1.9466E11
100000 3 15
1.25E9
2.1142E11
100000 3 15
1.26E9
1.9537E11
100000 3 15
1.49E9
1.9694E11
100000 3 15
1.52E9
1.9932E11
100000 3 15
1.15E9
2.1465E11
100000 3 15
1.82E9
2.0697E11
100000 3 15
1.56E9
2.1781E11
100000 3 15
1.58E9
2.1253E11
100000 3 15
1.29E9
2.1026E11
100000 3 15
1.9E9
2.119E11
100000 3 15
1.42E9
2.1829E11
100000 3 15
1.34E9
2.135E11
100000 3 15
1.28E9
2.1031E11
100000 3 15
1.29E9
2.0921E11
100000 3 15
1.38E9
2.0401E11
100000 3 15
1.55E9
1.9369E11
100000 3 15
1.63E9
2.2098E11
100000 3 15
1.43E9
2.1132E11
100000 3 15
1.5E9
2.1403E11
100000 3 15
1.54E9
2.2345E11
100000 3 15
1.37E9
2.1451E11
100000 3 15
1.7E9
2.2736E11
100000 3 15
1.45E9
2.3024E11
