100 7 1
546875.0
429687.5
100 7 1
546875.0
468750.0
100 7 2
546875.0
429687.5
100 7 1
546875.0
468750.0
100 7 1
546875.0
468750.0
100 7 1
546875.0
468750.0
100 7 1
585937.5
429687.5
100 7 1
585937.5
507812.5
100 7 1
507812.5
429687.5
100 7 1
585937.5
429687.5
100 7 1
625000.0
429687.5
100 7 1
546875.0
468750.0
100 7 1
546875.0
429687.5
100 7 1
625000.0
468750.0
100 7 1
625000.0
468750.0
100 7 1
585937.5
429687.5
100 7 1
585937.5
429687.5
100 7 1
585937.5
429687.5
100 7 1
585937.5
429687.5
100 7 1
546875.0
468750.0
100 7 1
546875.0
468750.0
100 7 1
546875.0
507812.5
100 7 1
585937.5
429687.5
100 7 1
585937.5
429687.5
100 7 1
585937.5
429687.5
100 7 1
546875.0
351562.5
100 7 2
585937.5
371093.75
100 7 2
585937.5
371093.75
100 7 1
546875.0
390625.0
100 7 1
546875.0
390625.0
100 7 1
546875.0
371093.75
100 7 1
664062.5
390625.0
177 7 2
1406250.0
1875000.0
177 7 1
1484375.0
1875000.0
177 7 1
1484375.0
1718750.0
177 7 2
1562500.0
1875000.0
177 7 1
1484375.0
1718750.0
177 7 1
1484375.0
1718750.0
177 7 2
1406250.0
1328125.0
177 7 2
1562500.0
1093750.0
177 7 1
1406250.0
1250000.0
177 7 2
1484375.0
1015625.0
177 7 1
1406250.0
1171875.0
177 7 1
1484375.0
1328125.0
177 7 2
1484375.0
1171875.0
177 7 1
1406250.0
1328125.0
177 7 2
1562500.0
1093750.0
177 7 2
1406250.0
1171875.0
177 7 1
1406250.0
1484375.0
177 7 1
1406250.0
1406250.0
177 7 1
1562500.0
1171875.0
177 7 1
1484375.0
1328125.0
177 7 1
1484375.0
1171875.0
177 7 2
1562500.0
1171875.0
177 7 1
1484375.0
1093750.0
177 7 1
1484375.0
1171875.0
177 7 1
1484375.0
1171875.0
177 7 1
1718750.0
1093750.0
177 7 2
1406250.0
1093750.0
177 7 1
1484375.0
1093750.0
177 7 2
1484375.0
1015625.0
177 7 1
1796875.0
1015625.0
177 7 1
1796875.0
1406250.0
177 7 1
1562500.0
1171875.0
316 7 2
4062500.0
6875000.0
316 7 1
3750000.0
7500000.0
316 7 2
3750000.0
6875000.0
316 7 1
3750000.0
7500000.0
316 7 2
3750000.0
3750000.0
316 7 2
3750000.0
4687500.0
316 7 2
3750000.0
4062500.0
316 7 1
4062500.0
3437500.0
316 7 2
4062500.0
4062500.0
316 7 1
3750000.0
3437500.0
316 7 1
4062500.0
3750000.0
316 7 2
3437500.0
4062500.0
316 7 1
4062500.0
3750000.0
316 7 2
4375000.0
4062500.0
316 7 2
5312500.0
3750000.0
316 7 1
4062500.0
3750000.0
316 7 2
3750000.0
3750000.0
316 7 1
4062500.0
3437500.0
316 7 2
3750000.0
3125000.0
316 7 2
3437500.0
3125000.0
316 7 2
4375000.0
3125000.0
316 7 2
4062500.0
3125000.0
316 7 2
4062500.0
3281250.0
316 7 1
4062500.0
2968750.0
316 7 1
4062500.0
3125000.0
316 7 2
4375000.0
3437500.0
316 7 2
3750000.0
2968750.0
316 7 2
4062500.0
3125000.0
316 7 1
4062500.0
3125000.0
316 7 2
4375000.0
2968750.0
316 7 1
4062500.0
2968750.0
562 7 2
1.0E7
1.875E7
562 7 2
1.0E7
1.75E7
562 7 2
9375000.0
1.125E7
562 7 2
9375000.0
1.875E7
562 7 2
9375000.0
1.625E7
562 7 2
9375000.0
1.625E7
562 7 1
9375000.0
9375000.0
562 7 2
1.0625E7
6.5E7
562 7 2
1.0E7
1.375E7
562 7 2
1.0625E7
6.5E7
562 7 2
1.0E7
1.5E7
562 7 2
1.0E7
1.5E7
562 7 1
1.0E7
1.3125E7
562 7 2
1.0E7
1.375E7
562 7 2
9375000.0
9375000.0
562 7 2
1.0625E7
9375000.0
316 7 1
4062500.0
7500000.0
562 7 2
9375000.0
2.75E7
562 7 2
1.0E7
9375000.0
562 7 2
1.0E7
2.5E7
562 7 2
9375000.0
9375000.0
562 7 2
1.0E7
3.875E7
562 7 2
1.0E7
2.5625E7
562 7 2
1.0625E7
1.0625E7
562 7 2
1.0E7
1.0E7
562 7 2
1.0E7
8750000.0
562 7 2
1.0E7
8750000.0
562 7 2
1.0E7
8125000.0
1000 7 2
2.75E7
2.75E7
562 7 2
1.625E7
9375000.0
562 7 2
1.125E7
9375000.0
1000 7 2
2.75E7
3.0E7
562 7 2
8750000.0
9375000.0
562 7 2
1.0E7
8750000.0
1000 7 2
2.75E7
3.25E7
1000 7 2
2.375E7
3.0E7
562 7 2
1.0E7
9375000.0
1000 7 2
2.25E7
2.75E7
1000 7 2
2.5E7
3.25E7
1000 7 2
2.625E7
2.75E7
1000 7 2
2.375E7
2.75E7
1000 7 2
2.375E7
2.75E7
1000 7 2
2.25E7
2.75E7
1000 7 2
2.5E7
2.75E7
1000 7 2
2.5E7
2.75E7
1000 7 2
2.375E7
3.0E7
1000 7 2
2.375E7
2.75E7
1000 7 2
2.5E7
2.75E7
1000 7 2
2.375E7
2.75E7
1000 7 2
2.25E7
2.75E7
1000 7 2
2.625E7
3.5E7
1000 7 2
2.5E7
3.5E7
1000 7 2
2.375E7
5.25E7
1000 7 2
2.5E7
2.625E7
1000 7 2
2.5E7
5.0E7
1000 7 2
2.5E7
5.5E7
1000 7 2
2.375E7
7.0E7
1000 7 2
2.0E7
5.5E7
1000 7 2
2.25E7
5.75E7
1000 7 2
2.25E7
5.0E7
1778 7 2
6.0E7
8.0E7
1778 7 2
6.0E7
1.6E8
1000 7 2
2.25E7
3.25E7
1000 7 2
2.375E7
3.25E7
1778 7 2
6.5E7
1.2E8
1778 7 2
5.5E7
1.2E8
1000 7 2
2.375E7
4.75E7
1000 7 2
3.0E7
7.0E7
1778 7 2
6.5E7
2.9E8
1778 7 2
5.5E7
1.6E8
1778 7 2
6.5E7
1.5E8
1778 7 2
6.0E7
1.5E8
1778 7 2
7.0E7
8.0E7
1778 7 2
6.5E7
8.0E7
1000 7 2
2.25E7
3.125E7
1778 7 2
8.5E7
2.0E8
1778 7 2
1.6E8
1.1E8
1778 7 2
7.0E7
1.3E8
1778 7 2
7.0E7
1.9E8
1778 7 2
6.5E7
7.5E7
1778 7 2
7.0E7
7.5E7
1778 7 2
6.0E7
8.0E7
1778 7 2
5.5E7
8.0E7
1778 7 2
6.5E7
8.0E7
1778 7 2
7.0E7
9.0E7
1778 7 2
6.0E7
7.5E7
1778 7 2
7.5E7
9.0E7
1778 7 2
5.5E7
1.2E8
1778 7 2
6.0E7
8.5E7
1778 7 2
6.0E7
8.0E7
1778 7 2
6.0E7
9.0E7
1778 7 2
1.5E8
1.2E8
1778 7 2
1.2E8
1.3E8
1778 7 2
6.5E7
8.5E7
1778 7 2
6.0E7
1.1E8
3162 7 2
1.4E8
2.6E8
3162 7 2
1.6E8
2.7E8
3162 7 2
1.5E8
3.2E8
3162 7 2
1.4E8
3.7E8
1778 7 2
5.5E7
1.25E8
1778 7 2
9.5E7
2.1E8
3162 7 2
1.5E8
3.8E8
3162 7 2
1.5E8
2.6E8
3162 7 2
1.4E8
4.3E8
3162 7 2
1.8E8
3.3E8
3162 7 2
1.6E8
4.0E8
3162 7 2
1.6E8
2.7E8
3162 7 2
1.5E8
2.5E8
3162 7 2
1.4E8
3.7E8
3162 7 2
1.5E8
3.1E8
3162 7 2
1.7E8
5.1E8
3162 7 2
1.6E8
3.8E8
3162 7 2
1.6E8
2.5E8
3162 7 2
1.4E8
3.3E8
3162 7 2
1.7E8
4.3E8
3162 7 2
1.6E8
5.4E8
3162 7 2
1.7E8
3.1E8
3162 7 2
1.6E8
5.2E8
3162 7 2
1.5E8
6.1E8
3162 7 2
1.6E8
3.1E8
3162 7 2
1.7E8
3.4E8
3162 7 2
1.8E8
2.3E8
3162 7 2
1.8E8
4.5E8
3162 7 2
2.4E8
2.3E8
3162 7 2
2.4E8
2.7E8
3162 7 2
2.0E8
2.6E8
3162 7 2
1.7E8
2.4E8
3162 7 2
1.8E8
2.6E8
3162 7 2
2.7E8
2.3E8
5623 7 2
3.4E8
8.6E8
5623 7 3
3.4E8
8.0E8
5623 7 2
3.4E8
8.8E8
5623 7 2
3.4E8
8.7E8
5623 7 2
3.5E8
8.1E8
5623 7 2
3.2E8
1.27E9
5623 7 3
3.7E8
1.25E9
5623 7 2
3.4E8
1.09E9
5623 7 2
3.4E8
1.31E9
5623 7 2
3.4E8
1.31E9
5623 7 2
3.3E8
1.18E9
5623 7 2
3.4E8
1.33E9
5623 7 2
3.6E8
1.22E9
5623 7 2
3.5E8
1.32E9
5623 7 2
3.9E8
8.4E8
5623 7 2
3.6E8
1.21E9
5623 7 2
4.4E8
1.01E9
5623 7 2
3.4E8
1.32E9
5623 7 2
3.3E8
1.33E9
5623 7 2
3.3E8
1.31E9
5623 7 2
3.3E8
1.32E9
5623 7 2
3.4E8
1.32E9
5623 7 2
3.3E8
1.38E9
5623 7 2
4.9E8
1.15E9
5623 7 2
3.6E8
2.15E9
5623 7 2
3.7E8
2.18E9
5623 7 2
6.1E8
1.62E9
5623 7 2
5.0E8
1.95E9
5623 7 2
3.4E8
2.29E9
5623 7 2
7.0E8
1.72E9
5623 7 2
3.5E8
2.25E9
5623 7 2
1.01E9
1.44E9
10000 7 2
8.0E8
2.77E9
10000 7 3
8.5E8
3.01E9
10000 7 2
8.4E8
2.75E9
10000 7 2
8.1E8
2.94E9
10000 7 2
8.0E8
2.92E9
10000 7 3
8.7E8
3.04E9
10000 7 2
8.1E8
3.24E9
10000 7 2
8.0E8
3.28E9
10000 7 2
8.7E8
3.74E9
10000 7 2
8.2E8
3.49E9
10000 7 2
8.0E8
3.67E9
10000 7 2
8.8E8
3.98E9
10000 7 2
8.2E8
3.81E9
10000 7 2
8.5E8
3.66E9
10000 7 2
9.0E8
4.0E9
10000 7 2
8.8E8
4.12E9
10000 7 2
9.9E8
4.04E9
10000 7 3
1.05E9
3.89E9
10000 7 2
8.4E8
4.04E9
10000 7 3
8.9E8
3.98E9
10000 7 2
9.8E8
3.81E9
10000 7 2
1.06E9
3.8E9
10000 7 2
1.15E9
3.69E9
10000 7 2
8.6E8
4.4E9
10000 7 2
1.49E9
2.95E9
10000 7 2
9.5E8
4.7E9
10000 7 2
1.09E9
5.39E9
10000 7 2
1.12E9
5.37E9
10000 7 2
1.85E9
4.33E9
10000 7 2
1.03E9
5.07E9
10000 7 2
1.29E9
5.3E9
10000 7 3
1.58E9
5.42E9
17782 7 3
1.84E9
1.117E10
17782 7 3
1.93E9
1.143E10
17782 7 3
2.01E9
1.188E10
17782 7 3
2.03E9
1.12E10
17782 7 3
1.98E9
1.142E10
17782 7 3
1.89E9
1.161E10
17782 7 4
1.95E9
1.307E10
17782 7 3
1.89E9
1.195E10
17782 7 3
1.91E9
1.228E10
17782 7 2
1.96E9
1.135E10
17782 7 3
1.92E9
1.265E10
17782 7 3
1.99E9
1.212E10
17782 7 3
2.1E9
1.157E10
17782 7 3
2.06E9
1.209E10
17782 7 3
1.93E9
1.391E10
17782 7 3
1.87E9
1.343E10
17782 7 3
1.89E9
1.253E10
17782 7 3
2.03E9
1.201E10
17782 7 3
1.95E9
1.286E10
17782 7 3
1.91E9
1.435E10
17782 7 3
1.91E9
1.4E10
17782 7 3
2.2E9
1.095E10
17782 7 3
1.89E9
1.543E10
17782 7 2
2.3E9
1.502E10
17782 7 2
2.54E9
1.292E10
17782 7 2
2.28E9
1.549E10
17782 7 3
2.74E9
1.271E10
17782 7 3
2.33E9
1.374E10
17782 7 3
2.36E9
1.253E10
17782 7 3
1.92E9
1.697E10
17782 7 2
2.5E9
1.413E10
17782 7 3
2.76E9
1.332E10
31622 7 3
4.25E9
3.933E10
31622 7 3
4.36E9
3.878E10
31622 7 3
4.4E9
4.153E10
31622 7 3
4.7E9
3.864E10
31622 7 3
4.19E9
4.224E10
31622 7 3
4.77E9
4.331E10
31622 7 3
4.32E9
4.413E10
31622 7 3
4.29E9
4.392E10
31622 7 3
4.63E9
4.44E10
31622 7 3
4.3E9
4.661E10
31622 7 3
4.26E9
4.733E10
31622 7 3
4.45E9
4.641E10
31622 7 3
4.41E9
4.628E10
31622 7 3
4.47E9
4.669E10
31622 7 3
4.5E9
4.859E10
31622 7 3
4.69E9
4.52E10
31622 7 3
4.69E9
4.66E10
31622 7 3
4.59E9
4.808E10
31622 7 3
4.32E9
4.915E10
31622 7 3
4.64E9
4.918E10
31622 7 3
4.72E9
4.746E10
31622 7 3
4.83E9
4.652E10
31622 7 3
4.33E9
4.915E10
31622 7 3
4.44E9
4.703E10
31622 7 3
5.25E9
4.701E10
31622 7 3
4.74E9
4.725E10
31622 7 3
4.56E9
4.738E10
31622 7 3
4.69E9
4.882E10
31622 7 3
4.44E9
4.899E10
31622 7 3
5.13E9
4.739E10
31622 7 3
4.87E9
5.001E10
31622 7 3
5.17E9
5.156E10
56234 7 3
1.023E10
1.3333E11
56234 7 3
9.86E9
1.4403E11
56234 7 3
1.029E10
1.4292E11
56234 7 3
9.97E9
1.5018E11
56234 7 3
1.008E10
1.5141E11
56234 7 3
1.009E10
1.5499E11
56234 7 3
9.88E9
1.5665E11
56234 7 3
9.93E9
1.5615E11
56234 7 3
1.042E10
1.6107E11
56234 7 3
1.012E10
1.6136E11
56234 7 3
1.005E10
1.6389E11
56234 7 3
9.99E9
1.6612E11
56234 7 3
1.033E10
1.6334E11
56234 7 3
9.98E9
1.7348E11
56234 7 3
1.01E10
1.7199E11
56234 7 3
1.015E10
1.778E11
56234 7 3
1.013E10
1.7787E11
56234 7 3
9.94E9
1.7915E11
56234 7 3
9.95E9
1.7737E11
56234 7 3
1.02E10
1.7747E11
56234 7 3
1.047E10
1.7385E11
56234 7 3
1.175E10
1.7896E11
56234 7 3
1.036E10
1.8063E11
56234 7 3
1.101E10
1.771E11
56234 7 3
1.046E10
1.8038E11
56234 7 3
1.018E10
1.8721E11
56234 7 3
1.076E10
1.8502E11
56234 7 3
1.091E10
1.803E11
56234 7 3
1.143E10
1.872E11
56234 7 3
1.042E10
1.9191E11
56234 7 3
1.026E10
1.8695E11
56234 7 3
1.075E10
1.8987E11
100000 7 3
2.355E10
5.1455E11
100000 7 3
2.361E10
5.013E11
100000 7 3
2.316E10
5.1371E11
100000 7 3
2.418E10
4.9123E11
100000 7 3
2.269E10
5.0831E11
100000 7 3
2.39E10
4.8658E11
100000 7 3
2.382E10
5.0014E11
100000 7 3
2.347E10
5.3911E11
100000 7 3
2.298E10
5.5812E11
100000 7 3
2.265E10
5.4352E11
100000 7 3
2.353E10
5.7746E11
100000 7 3
2.354E10
5.825E11
100000 7 3
2.488E10
5.8421E11
100000 7 3
3.208E10
5.3724E11
100000 7 3
2.436E10
5.608E11
100000 7 3
2.387E10
5.7731E11
100000 7 3
2.333E10
5.7476E11
100000 7 3
2.326E10
6.1022E11
100000 7 4
2.383E10
5.7278E11
100000 7 3
2.339E10
5.7532E11
100000 7 3
2.387E10
5.7372E11
100000 7 3
2.474E10
5.7628E11
100000 7 3
2.351E10
5.9416E11
100000 7 3
2.303E10
6.2885E11
100000 7 3
2.326E10
6.0854E11
100000 7 3
2.455E10
5.8564E11
100000 7 3
2.458E10
5.8587E11
100000 7 3
2.319E10
6.4867E11
100000 7 3
2.439E10
5.8995E11
100000 7 3
2.45E10
6.1739E11
100000 7 3
2.361E10
6.0659E11
100000 7 3
2.374E10
6.0135E11
