100 6 2
507812.5
429687.5
100 6 2
585937.5
429687.5
100 6 1
546875.0
429687.5
100 6 2
546875.0
429687.5
100 6 2
546875.0
429687.5
100 6 2
585937.5
429687.5
100 6 1
585937.5
429687.5
100 6 1
546875.0
429687.5
100 6 2
585937.5
429687.5
100 6 2
546875.0
468750.0
100 6 2
585937.5
429687.5
100 6 2
546875.0
390625.0
100 6 2
507812.5
371093.75
100 6 2
468750.0
410156.25
100 6 2
546875.0
390625.0
100 6 1
546875.0
390625.0
100 6 2
585937.5
410156.25
100 6 1
546875.0
371093.75
100 6 1
546875.0
390625.0
100 6 2
546875.0
390625.0
100 6 1
546875.0
390625.0
100 6 2
546875.0
390625.0
100 6 2
585937.5
390625.0
100 6 2
546875.0
390625.0
100 6 1
546875.0
390625.0
100 6 1
546875.0
390625.0
100 6 2
546875.0
410156.25
100 6 2
546875.0
410156.25
100 6 1
546875.0
410156.25
100 6 1
546875.0
429687.5
100 6 2
546875.0
429687.5
100 6 2
585937.5
410156.25
177 6 2
1328125.0
1015625.0
177 6 1
1328125.0
1171875.0
177 6 2
1406250.0
1171875.0
177 6 2
1328125.0
1093750.0
177 6 2
1406250.0
1093750.0
177 6 2
1406250.0
1093750.0
177 6 2
1328125.0
1093750.0
177 6 2
1406250.0
1015625.0
177 6 2
1406250.0
1171875.0
177 6 2
1406250.0
1171875.0
177 6 1
1406250.0
1093750.0
177 6 2
1406250.0
1015625.0
177 6 2
1328125.0
1015625.0
177 6 2
1406250.0
937500.0
177 6 2
1328125.0
937500.0
177 6 2
1406250.0
1093750.0
177 6 2
1406250.0
1093750.0
177 6 2
1328125.0
1015625.0
177 6 2
1406250.0
1093750.0
177 6 2
1328125.0
1015625.0
177 6 2
1484375.0
1015625.0
177 6 2
1406250.0
1093750.0
177 6 2
1406250.0
1015625.0
177 6 2
1406250.0
1093750.0
177 6 2
1406250.0
1093750.0
177 6 2
1484375.0
1171875.0
177 6 2
1328125.0
1093750.0
177 6 2
1484375.0
1015625.0
177 6 2
1406250.0
1093750.0
177 6 2
1406250.0
1093750.0
177 6 2
1328125.0
1015625.0
177 6 2
1328125.0
1015625.0
316 6 2
3437500.0
3437500.0
316 6 2
3437500.0
3437500.0
316 6 2
3437500.0
3125000.0
316 6 2
3437500.0
3437500.0
316 6 2
3437500.0
3437500.0
316 6 2
3437500.0
3281250.0
316 6 2
3750000.0
3281250.0
316 6 2
3437500.0
3437500.0
316 6 2
3750000.0
3281250.0
316 6 2
3437500.0
3437500.0
316 6 2
3437500.0
3437500.0
316 6 2
3437500.0
3125000.0
316 6 2
3750000.0
3437500.0
316 6 2
3750000.0
3437500.0
316 6 2
3437500.0
3437500.0
316 6 2
3750000.0
2968750.0
316 6 2
3750000.0
3125000.0
316 6 2
3437500.0
3437500.0
316 6 2
3437500.0
3125000.0
316 6 2
3437500.0
3281250.0
316 6 2
3437500.0
3125000.0
316 6 2
3437500.0
2968750.0
316 6 2
3437500.0
3125000.0
316 6 2
3437500.0
2968750.0
316 6 2
3437500.0
2968750.0
316 6 2
3750000.0
2968750.0
316 6 2
3437500.0
2968750.0
316 6 2
3437500.0
3125000.0
316 6 2
3750000.0
2968750.0
316 6 2
3750000.0
3125000.0
316 6 2
3437500.0
2968750.0
316 6 2
3281250.0
2968750.0
562 6 2
8125000.0
8125000.0
562 6 2
8750000.0
8125000.0
562 6 2
7500000.0
8750000.0
562 6 2
8125000.0
8750000.0
562 6 2
8750000.0
8125000.0
562 6 2
8125000.0
9375000.0
562 6 2
8750000.0
8750000.0
562 6 2
8125000.0
9375000.0
562 6 2
8750000.0
8750000.0
562 6 2
8750000.0
9375000.0
562 6 2
8750000.0
8750000.0
562 6 2
8125000.0
1.0E7
562 6 2
9375000.0
9375000.0
562 6 2
8750000.0
8750000.0
562 6 2
8125000.0
9375000.0
562 6 2
8750000.0
8125000.0
562 6 2
8125000.0
8750000.0
562 6 2
8750000.0
8750000.0
562 6 2
9375000.0
8125000.0
562 6 2
8750000.0
8125000.0
562 6 2
8750000.0
1.0E7
562 6 2
8750000.0
1.0E7
562 6 2
8750000.0
8750000.0
562 6 2
8750000.0
8125000.0
562 6 2
9375000.0
8750000.0
562 6 2
8750000.0
9375000.0
562 6 2
8750000.0
9375000.0
562 6 2
8125000.0
8750000.0
562 6 2
8750000.0
8125000.0
562 6 2
8750000.0
8750000.0
562 6 2
7500000.0
8125000.0
562 6 2
8750000.0
8750000.0
1000 6 2
2.0E7
2.75E7
1000 6 2
2.125E7
2.75E7
1000 6 2
2.125E7
2.75E7
1000 6 2
2.25E7
2.625E7
1000 6 2
2.0E7
2.25E7
1000 6 2
2.125E7
2.75E7
1000 6 2
2.125E7
2.5E7
1000 6 3
2.125E7
2.875E7
1000 6 2
2.125E7
3.0E7
1000 6 2
2.0E7
3.75E7
1000 6 2
2.0E7
2.75E7
1000 6 2
2.125E7
3.0E7
1000 6 2
2.125E7
2.75E7
1000 6 2
2.125E7
2.625E7
1000 6 2
2.125E7
2.75E7
1000 6 2
2.125E7
2.375E7
1000 6 3
2.25E7
2.75E7
1000 6 2
2.0E7
2.75E7
1000 6 2
2.125E7
3.25E7
1000 6 2
2.0E7
3.25E7
1000 6 2
2.0E7
2.625E7
1000 6 2
2.25E7
2.75E7
1000 6 2
2.125E7
2.75E7
1000 6 2
2.125E7
2.5E7
1000 6 2
2.125E7
2.375E7
1000 6 2
2.25E7
2.375E7
1000 6 2
2.0E7
2.25E7
1778 6 3
5.5E7
7.0E7
1000 6 2
2.0E7
2.25E7
1778 6 3
6.0E7
6.5E7
1000 6 2
2.25E7
2.375E7
1000 6 2
2.125E7
2.5E7
1778 6 3
5.5E7
7.0E7
1000 6 2
2.125E7
2.375E7
1778 6 3
5.0E7
7.0E7
1000 6 2
2.125E7
2.375E7
1778 6 2
5.0E7
6.5E7
1778 6 2
5.0E7
8.5E7
1778 6 3
5.5E7
1.1E8
1778 6 2
5.0E7
6.5E7
1778 6 2
5.0E7
8.5E7
1778 6 2
4.75E7
9.0E7
1778 6 3
4.75E7
9.0E7
1778 6 2
4.75E7
9.0E7
1778 6 2
5.5E7
9.0E7
1778 6 2
5.0E7
8.5E7
1778 6 2
4.75E7
8.5E7
1778 6 2
5.0E7
9.0E7
1778 6 2
5.0E7
9.0E7
1778 6 2
4.75E7
8.0E7
1778 6 2
5.0E7
9.5E7
1778 6 2
5.0E7
9.0E7
1778 6 2
5.5E7
8.5E7
1778 6 3
5.0E7
9.5E7
1778 6 2
5.0E7
8.0E7
1778 6 2
5.0E7
1.0E8
1778 6 3
5.5E7
7.5E7
1778 6 3
5.5E7
9.5E7
3162 6 3
1.2E8
2.5E8
1778 6 2
5.25E7
8.5E7
3162 6 2
1.2E8
2.8E8
1778 6 3
5.0E7
7.5E7
3162 6 3
1.3E8
2.7E8
1778 6 3
5.0E7
7.5E7
3162 6 3
1.1E8
2.5E8
1778 6 2
5.0E7
7.5E7
1778 6 2
5.25E7
8.0E7
1778 6 2
5.75E7
8.0E7
3162 6 3
1.2E8
2.4E8
3162 6 3
1.3E8
2.5E8
3162 6 3
1.1E8
2.9E8
3162 6 3
1.2E8
2.8E8
3162 6 3
1.2E8
2.9E8
3162 6 3
1.2E8
2.8E8
3162 6 3
1.2E8
2.9E8
3162 6 3
1.1E8
2.5E8
3162 6 3
1.1E8
3.1E8
3162 6 3
1.1E8
2.9E8
3162 6 3
1.2E8
2.7E8
3162 6 3
1.2E8
3.0E8
3162 6 3
1.2E8
3.0E8
3162 6 3
1.2E8
2.2E8
3162 6 3
1.2E8
2.9E8
3162 6 3
1.2E8
3.1E8
3162 6 3
1.2E8
2.9E8
3162 6 2
1.2E8
2.8E8
3162 6 3
1.2E8
2.8E8
3162 6 2
1.3E8
2.6E8
3162 6 3
1.1E8
2.8E8
3162 6 3
1.2E8
2.4E8
3162 6 3
1.3E8
2.7E8
3162 6 3
1.3E8
2.6E8
3162 6 3
1.3E8
2.4E8
3162 6 3
1.3E8
2.2E8
3162 6 3
1.3E8
2.1E8
3162 6 3
1.3E8
2.2E8
5623 6 3
2.9E8
9.7E8
5623 6 3
2.8E8
9.4E8
5623 6 3
2.8E8
9.9E8
5623 6 3
2.7E8
9.7E8
5623 6 3
2.7E8
8.6E8
5623 6 3
2.7E8
9.7E8
5623 6 3
2.6E8
9.0E8
5623 6 3
2.6E8
9.6E8
5623 6 3
2.7E8
1.01E9
5623 6 3
2.8E8
1.09E9
5623 6 3
2.6E8
8.9E8
5623 6 3
2.6E8
9.5E8
5623 6 3
2.6E8
9.6E8
5623 6 3
2.7E8
9.4E8
5623 6 3
2.7E8
8.6E8
5623 6 3
2.6E8
9.7E8
5623 6 3
2.7E8
9.1E8
5623 6 3
2.8E8
9.8E8
5623 6 3
2.9E8
8.8E8
5623 6 3
2.7E8
9.8E8
5623 6 3
2.7E8
1.01E9
5623 6 3
2.7E8
1.05E9
5623 6 3
2.7E8
1.04E9
5623 6 3
2.7E8
8.7E8
5623 6 3
2.7E8
1.09E9
5623 6 3
2.8E8
1.04E9
5623 6 3
2.8E8
1.06E9
5623 6 3
2.9E8
1.0E9
5623 6 3
2.6E8
1.06E9
5623 6 3
2.9E8
9.7E8
5623 6 3
2.8E8
9.8E8
5623 6 3
3.0E8
9.4E8
10000 6 3
5.9E8
2.91E9
10000 6 3
5.9E8
3.08E9
10000 6 3
6.3E8
2.93E9
10000 6 3
6.2E8
3.02E9
10000 6 3
6.6E8
2.98E9
10000 6 3
6.1E8
3.06E9
10000 6 3
5.8E8
3.11E9
10000 6 3
6.0E8
3.33E9
10000 6 3
6.4E8
3.17E9
10000 6 3
6.0E8
3.22E9
10000 6 3
6.0E8
3.22E9
10000 6 3
5.8E8
3.16E9
10000 6 3
6.4E8
3.15E9
10000 6 3
6.4E8
3.02E9
10000 6 3
6.1E8
3.33E9
10000 6 3
6.5E8
3.06E9
10000 6 3
6.0E8
3.12E9
10000 6 3
6.1E8
3.2E9
10000 6 3
6.1E8
3.34E9
10000 6 3
6.0E8
3.28E9
10000 6 3
6.1E8
3.24E9
10000 6 3
6.1E8
3.07E9
10000 6 3
6.2E8
3.56E9
10000 6 3
6.4E8
3.44E9
10000 6 3
6.0E8
3.17E9
10000 6 3
6.5E8
3.42E9
10000 6 3
6.0E8
3.62E9
10000 6 3
5.9E8
3.99E9
10000 6 3
6.8E8
3.31E9
10000 6 3
6.4E8
3.6E9
10000 6 3
6.0E8
3.52E9
10000 6 3
6.1E8
3.51E9
17782 6 3
1.36E9
9.71E9
17782 6 3
1.42E9
9.54E9
17782 6 3
1.38E9
1.007E10
17782 6 3
1.34E9
1.02E10
17782 6 4
1.38E9
1.018E10
17782 6 3
1.53E9
9.67E9
17782 6 3
1.45E9
9.78E9
17782 6 4
1.36E9
1.042E10
17782 6 3
1.35E9
1.088E10
17782 6 3
1.43E9
1.116E10
17782 6 4
1.35E9
1.093E10
17782 6 4
1.37E9
1.111E10
17782 6 3
1.38E9
1.174E10
17782 6 3
1.36E9
1.121E10
17782 6 3
1.34E9
1.13E10
17782 6 3
1.42E9
1.058E10
17782 6 3
1.35E9
1.116E10
17782 6 3
1.55E9
1.092E10
17782 6 3
1.42E9
1.106E10
17782 6 3
1.37E9
1.144E10
17782 6 3
1.32E9
1.172E10
17782 6 4
1.32E9
1.154E10
17782 6 3
1.39E9
1.158E10
17782 6 3
1.42E9
1.126E10
17782 6 4
1.35E9
1.17E10
17782 6 3
1.34E9
1.189E10
17782 6 3
1.37E9
1.18E10
17782 6 3
1.5E9
1.172E10
17782 6 4
1.62E9
1.157E10
17782 6 3
1.41E9
1.241E10
17782 6 3
1.55E9
1.181E10
17782 6 3
1.55E9
1.191E10
31622 6 4
3.04E9
3.13E10
31622 6 4
3.08E9
3.377E10
31622 6 4
3.18E9
3.412E10
31622 6 4
3.31E9
3.513E10
31622 6 4
3.38E9
3.569E10
31622 6 4
3.17E9
3.642E10
31622 6 4
3.34E9
3.583E10
31622 6 4
3.29E9
3.503E10
31622 6 4
3.24E9
3.707E10
31622 6 4
3.37E9
3.666E10
31622 6 4
3.07E9
3.961E10
31622 6 4
3.44E9
3.802E10
31622 6 4
3.25E9
3.768E10
31622 6 4
3.29E9
3.93E10
31622 6 4
3.05E9
3.869E10
31622 6 4
3.01E9
3.939E10
31622 6 4
3.41E9
3.874E10
31622 6 4
3.05E9
3.862E10
31622 6 4
3.15E9
3.997E10
31622 6 4
3.8E9
3.813E10
31622 6 4
3.08E9
3.884E10
31622 6 4
3.4E9
3.735E10
31622 6 4
3.12E9
3.796E10
31622 6 4
3.31E9
3.845E10
31622 6 4
2.93E9
3.881E10
31622 6 4
3.64E9
3.812E10
31622 6 4
3.13E9
3.928E10
31622 6 4
3.38E9
4.092E10
31622 6 4
3.37E9
4.09E10
31622 6 4
3.57E9
3.89E10
31622 6 4
3.3E9
4.103E10
31622 6 4
3.29E9
4.269E10
56234 6 4
7.56E9
1.2244E11
56234 6 4
7.17E9
1.3058E11
56234 6 4
7.02E9
1.2788E11
56234 6 5
7.09E9
1.3398E11
56234 6 4
7.58E9
1.3613E11
56234 6 4
6.98E9
1.4157E11
56234 6 4
9.82E9
1.2981E11
56234 6 4
7.46E9
1.3536E11
56234 6 4
7.54E9
1.4282E11
56234 6 4
7.47E9
1.4448E11
56234 6 4
7.57E9
1.4322E11
56234 6 4
7.31E9
1.4303E11
56234 6 4
7.55E9
1.4812E11
56234 6 4
7.23E9
1.4979E11
56234 6 4
7.1E9
1.5131E11
56234 6 4
8.77E9
1.516E11
56234 6 4
7.05E9
1.5452E11
56234 6 4
7.16E9
1.5433E11
56234 6 4
7.61E9
1.569E11
56234 6 4
7.49E9
1.5581E11
56234 6 5
7.19E9
1.5359E11
56234 6 4
7.32E9
1.5926E11
56234 6 4
7.23E9
1.6152E11
56234 6 4
8.15E9
1.6037E11
56234 6 4
7.9E9
1.6335E11
56234 6 4
7.85E9
1.6841E11
56234 6 4
8.02E9
1.6724E11
56234 6 4
7.17E9
1.6719E11
56234 6 4
7.42E9
1.7002E11
56234 6 4
7.08E9
1.7277E11
56234 6 4
6.93E9
1.7482E11
56234 6 4
7.59E9
1.729E11
100000 6 4
1.695E10
3.2658E11
100000 6 4
1.698E10
3.5162E11
100000 6 4
1.737E10
3.8139E11
100000 6 4
1.665E10
3.8607E11
100000 6 4
1.632E10
3.9998E11
100000 6 4
1.603E10
4.0123E11
100000 6 4
1.573E10
4.5061E11
100000 6 5
1.615E10
4.504E11
100000 6 4
1.693E10
4.2194E11
100000 6 4
1.6E10
4.4739E11
100000 6 4
1.617E10
4.5911E11
100000 6 4
1.753E10
4.3504E11
100000 6 4
1.598E10
4.3821E11
100000 6 4
1.739E10
4.5628E11
100000 6 4
1.642E10
4.2978E11
100000 6 5
1.77E10
4.4766E11
100000 6 4
1.641E10
4.6989E11
100000 6 4
1.651E10
4.6069E11
100000 6 4
1.819E10
4.6983E11
100000 6 4
1.63E10
4.3686E11
100000 6 4
1.683E10
4.6308E11
100000 6 4
1.589E10
4.4769E11
100000 6 5
1.756E10
4.5157E11
100000 6 5
1.732E10
4.4849E11
100000 6 4
1.651E10
4.7093E11
100000 6 4
1.63E10
4.4568E11
100000 6 4
1.692E10
4.7378E11
100000 6 5
1.699E10
4.7528E11
100000 6 4
1.609E10
4.4602E11
100000 6 4
1.6E10
4.4814E11
100000 6 4
1.795E10
4.5224E11
100000 6 4
1.646E10
4.7009E11
