100 5 2
507812.5
429687.5
100 5 2
507812.5
429687.5
100 5 2
468750.0
332031.25
100 5 2
468750.0
332031.25
100 5 2
429687.5
351562.5
100 5 2
468750.0
351562.5
100 5 2
468750.0
371093.75
100 5 2
468750.0
351562.5
100 5 2
507812.5
371093.75
100 5 2
468750.0
312500.0
100 5 2
507812.5
351562.5
100 5 2
507812.5
371093.75
100 5 2
468750.0
351562.5
100 5 2
468750.0
390625.0
100 5 2
507812.5
351562.5
100 5 2
507812.5
390625.0
100 5 2
468750.0
390625.0
100 5 2
507812.5
371093.75
100 5 2
507812.5
371093.75
100 5 2
507812.5
390625.0
100 5 2
507812.5
390625.0
100 5 2
468750.0
371093.75
100 5 2
507812.5
371093.75
100 5 2
507812.5
390625.0
100 5 2
468750.0
371093.75
100 5 2
507812.5
390625.0
100 5 2
429687.5
371093.75
100 5 2
468750.0
410156.25
100 5 2
507812.5
351562.5
100 5 2
507812.5
390625.0
100 5 2
507812.5
390625.0
100 5 2
468750.0
390625.0
177 5 2
1171875.0
937500.0
177 5 2
1250000.0
937500.0
177 5 3
1171875.0
1015625.0
177 5 2
1171875.0
937500.0
177 5 2
1171875.0
1015625.0
177 5 3
1171875.0
1015625.0
177 5 2
1171875.0
1015625.0
177 5 2
1171875.0
1093750.0
177 5 2
1171875.0
1093750.0
177 5 2
1250000.0
1093750.0
177 5 2
1171875.0
1093750.0
177 5 2
1250000.0
1015625.0
177 5 2
1171875.0
937500.0
177 5 2
1250000.0
1015625.0
177 5 2
1250000.0
1093750.0
177 5 2
1171875.0
1093750.0
177 5 2
1171875.0
1015625.0
177 5 2
1171875.0
1015625.0
177 5 2
1250000.0
1093750.0
177 5 2
1171875.0
1015625.0
177 5 3
1171875.0
1015625.0
177 5 3
1250000.0
1093750.0
177 5 2
1171875.0
1015625.0
177 5 2
1250000.0
1015625.0
177 5 2
1171875.0
1015625.0
177 5 2
1093750.0
1171875.0
177 5 2
1171875.0
937500.0
177 5 2
1171875.0
1093750.0
177 5 2
1171875.0
937500.0
177 5 2
1171875.0
937500.0
177 5 2
1171875.0
1015625.0
177 5 2
1093750.0
1093750.0
316 5 2
3437500.0
2343750.0
316 5 2
2968750.0
3437500.0
316 5 3
2968750.0
3437500.0
316 5 2
2656250.0
3125000.0
316 5 2
2812500.0
3437500.0
316 5 2
2968750.0
3750000.0
316 5 2
2812500.0
3437500.0
316 5 2
2812500.0
2968750.0
316 5 3
2968750.0
3437500.0
316 5 3
2812500.0
2968750.0
316 5 3
2812500.0
3125000.0
316 5 2
2812500.0
2812500.0
316 5 3
2812500.0
2968750.0
316 5 2
2812500.0
2656250.0
316 5 2
2812500.0
2968750.0
316 5 2
2812500.0
2812500.0
316 5 2
2656250.0
2656250.0
316 5 2
2812500.0
3281250.0
316 5 2
2812500.0
3281250.0
316 5 2
2968750.0
2812500.0
316 5 2
2812500.0
2656250.0
316 5 2
2968750.0
2968750.0
316 5 2
2812500.0
2968750.0
316 5 3
2812500.0
2812500.0
316 5 3
2812500.0
2656250.0
316 5 2
2968750.0
2656250.0
316 5 2
2812500.0
2812500.0
562 5 2
7500000.0
6875000.0
316 5 2
2812500.0
2656250.0
316 5 2
2812500.0
3281250.0
316 5 2
2968750.0
2656250.0
316 5 3
2968750.0
2500000.0
316 5 2
2968750.0
2656250.0
562 5 3
7500000.0
7500000.0
562 5 3
6875000.0
6875000.0
562 5 3
6875000.0
7500000.0
562 5 3
6875000.0
7500000.0
562 5 3
7500000.0
6875000.0
562 5 3
6875000.0
8750000.0
562 5 3
8750000.0
1.0E7
562 5 2
6875000.0
8125000.0
562 5 3
6875000.0
7500000.0
562 5 3
6875000.0
8750000.0
562 5 2
6875000.0
6875000.0
562 5 3
6875000.0
7500000.0
562 5 3
6875000.0
6875000.0
562 5 2
6875000.0
7500000.0
562 5 3
6875000.0
8125000.0
562 5 3
6875000.0
8750000.0
562 5 2
6875000.0
6875000.0
562 5 3
6875000.0
7500000.0
562 5 2
7500000.0
7500000.0
562 5 3
6875000.0
6875000.0
562 5 3
6875000.0
8125000.0
562 5 3
7500000.0
8125000.0
562 5 3
7500000.0
7500000.0
562 5 3
6875000.0
6875000.0
562 5 3
7500000.0
8750000.0
562 5 2
6875000.0
8750000.0
562 5 3
7500000.0
7500000.0
562 5 3
7500000.0
7500000.0
562 5 3
7187500.0
7500000.0
562 5 3
6562500.0
6875000.0
1000 5 3
1.625E7
1.875E7
562 5 3
6875000.0
7500000.0
1000 5 3
1.625E7
2.75E7
1000 5 3
1.625E7
2.125E7
1000 5 3
1.625E7
2.75E7
1000 5 3
1.625E7
2.5E7
1000 5 3
1.625E7
2.125E7
1000 5 3
1.625E7
2.75E7
1000 5 3
1.625E7
3.25E7
1000 5 3
1.625E7
2.75E7
1000 5 3
1.625E7
3.0E7
1000 5 3
1.5E7
2.0E7
1000 5 3
1.625E7
2.75E7
1000 5 3
1.625E7
2.0E7
1000 5 3
1.625E7
2.5E7
1000 5 3
1.625E7
2.0E7
1000 5 3
1.625E7
2.0E7
1000 5 3
1.625E7
2.125E7
1000 5 3
1.5E7
2.0E7
1000 5 3
1.625E7
2.25E7
1000 5 3
1.5E7
2.0E7
1000 5 3
1.75E7
2.125E7
1000 5 3
1.625E7
2.25E7
1000 5 3
1.5E7
2.125E7
1000 5 3
1.625E7
2.25E7
1000 5 3
1.75E7
2.0E7
1000 5 3
1.625E7
2.25E7
1000 5 3
1.5E7
1.875E7
1000 5 3
1.5E7
2.125E7
1000 5 3
1.625E7
1.75E7
1000 5 4
1.75E7
1.875E7
1000 5 3
1.875E7
1.875E7
1778 5 3
4.0E7
5.5E7
1000 5 3
1.75E7
2.125E7
1778 5 3
3.75E7
6.0E7
1778 5 4
3.75E7
6.0E7
1778 5 3
3.75E7
7.0E7
1778 5 3
3.75E7
7.0E7
1778 5 3
4.0E7
7.0E7
1778 5 3
3.75E7
7.0E7
1778 5 3
3.75E7
5.5E7
1778 5 3
3.75E7
8.0E7
1778 5 3
3.75E7
6.5E7
1778 5 3
3.75E7
5.5E7
1778 5 4
3.75E7
7.5E7
1778 5 4
4.0E7
6.0E7
1778 5 4
3.75E7
6.5E7
1778 5 3
3.75E7
7.0E7
1778 5 3
3.75E7
6.0E7
1778 5 3
4.0E7
6.0E7
1778 5 3
3.75E7
6.0E7
1778 5 3
4.0E7
6.0E7
1778 5 3
4.25E7
5.5E7
1778 5 3
4.0E7
6.5E7
1778 5 3
3.75E7
6.0E7
1778 5 3
4.25E7
5.5E7
1778 5 3
4.0E7
6.5E7
1778 5 3
3.75E7
5.5E7
1778 5 4
4.0E7
6.5E7
1778 5 3
4.0E7
6.0E7
1778 5 3
4.25E7
5.5E7
1778 5 3
4.0E7
5.5E7
1778 5 3
3.75E7
5.5E7
1778 5 3
3.5E7
5.5E7
3162 5 4
8.5E7
1.9E8
3162 5 4
8.5E7
2.0E8
3162 5 4
8.0E7
2.0E8
3162 5 4
8.0E7
2.1E8
1778 5 3
4.25E7
6.0E7
3162 5 4
8.0E7
2.3E8
3162 5 4
8.5E7
2.3E8
3162 5 3
8.5E7
2.7E8
3162 5 3
9.0E7
2.2E8
3162 5 4
8.0E7
2.4E8
3162 5 3
9.0E7
2.0E8
3162 5 4
8.5E7
2.5E8
3162 5 4
8.5E7
2.2E8
3162 5 4
9.0E7
2.5E8
3162 5 4
8.5E7
2.5E8
3162 5 4
8.5E7
2.6E8
3162 5 4
9.0E7
2.7E8
3162 5 3
8.5E7
2.8E8
3162 5 4
8.5E7
2.9E8
3162 5 3
9.0E7
2.5E8
3162 5 4
8.5E7
3.0E8
3162 5 4
8.5E7
2.7E8
3162 5 3
8.5E7
1.9E8
3162 5 4
8.5E7
2.6E8
3162 5 3
8.5E7
2.9E8
3162 5 4
8.5E7
3.0E8
3162 5 4
8.5E7
2.9E8
3162 5 3
9.0E7
3.0E8
3162 5 4
9.0E7
2.9E8
3162 5 3
9.5E7
2.1E8
3162 5 4
9.0E7
1.8E8
3162 5 4
9.5E7
2.3E8
3162 5 4
8.5E7
2.2E8
5623 5 4
2.0E8
6.5E8
5623 5 4
1.8E8
8.1E8
5623 5 4
1.8E8
6.9E8
5623 5 4
1.9E8
7.0E8
5623 5 4
2.0E8
8.3E8
5623 5 4
1.9E8
7.3E8
5623 5 4
1.9E8
8.3E8
5623 5 4
1.9E8
7.1E8
5623 5 4
2.1E8
8.8E8
5623 5 4
1.9E8
8.8E8
5623 5 4
2.0E8
7.6E8
5623 5 4
2.0E8
8.5E8
5623 5 4
2.1E8
7.6E8
5623 5 4
2.3E8
7.0E8
5623 5 4
1.9E8
7.1E8
5623 5 4
2.0E8
8.6E8
5623 5 4
2.1E8
8.7E8
5623 5 4
2.1E8
8.3E8
5623 5 4
1.9E8
9.2E8
5623 5 4
2.0E8
8.6E8
5623 5 4
2.1E8
8.9E8
5623 5 4
2.1E8
6.9E8
5623 5 4
2.0E8
8.8E8
5623 5 4
1.9E8
7.0E8
5623 5 4
2.0E8
8.9E8
5623 5 4
1.8E8
8.4E8
5623 5 4
2.4E8
8.2E8
5623 5 4
2.0E8
9.0E8
5623 5 4
2.1E8
8.7E8
5623 5 4
2.3E8
8.7E8
5623 5 4
2.5E8
7.4E8
5623 5 4
2.5E8
7.9E8
10000 5 4
4.2E8
2.1E9
10000 5 5
4.3E8
2.22E9
10000 5 4
4.2E8
2.16E9
10000 5 5
4.1E8
2.56E9
10000 5 5
3.8E8
2.59E9
10000 5 4
4.6E8
2.52E9
10000 5 4
3.9E8
2.11E9
10000 5 4
4.5E8
2.49E9
10000 5 4
3.9E8
2.5E9
10000 5 5
4.2E8
2.65E9
10000 5 4
4.0E8
2.39E9
10000 5 4
4.1E8
2.45E9
10000 5 4
4.7E8
2.09E9
10000 5 4
4.0E8
2.67E9
10000 5 4
4.3E8
2.6E9
10000 5 4
4.3E8
2.46E9
10000 5 4
4.4E8
2.56E9
10000 5 5
4.1E8
2.6E9
10000 5 5
3.9E8
2.73E9
10000 5 4
4.6E8
2.59E9
10000 5 4
5.2E8
2.68E9
10000 5 4
4.3E8
2.11E9
10000 5 4
4.2E8
2.64E9
10000 5 4
4.2E8
2.71E9
10000 5 5
4.1E8
2.83E9
10000 5 4
4.0E8
2.67E9
10000 5 5
4.1E8
2.88E9
10000 5 4
4.3E8
2.73E9
10000 5 4
4.1E8
2.83E9
10000 5 5
4.9E8
2.43E9
10000 5 5
4.1E8
2.78E9
10000 5 4
4.2E8
2.89E9
17782 5 5
1.01E9
7.93E9
17782 5 5
9.2E8
8.25E9
17782 5 5
8.4E8
8.48E9
17782 5 5
8.9E8
8.7E9
17782 5 5
9.2E8
7.36E9
17782 5 5
9.7E8
8.24E9
17782 5 5
9.8E8
8.09E9
17782 5 5
9.2E8
9.03E9
17782 5 5
8.4E8
9.02E9
17782 5 5
9.9E8
8.92E9
17782 5 5
8.7E8
9.25E9
17782 5 5
9.4E8
8.55E9
17782 5 5
9.1E8
9.2E9
17782 5 5
1.13E9
8.72E9
17782 5 5
9.5E8
8.68E9
17782 5 5
9.6E8
8.72E9
17782 5 5
9.3E8
8.45E9
17782 5 5
9.7E8
8.51E9
17782 5 5
9.6E8
8.93E9
17782 5 5
8.9E8
9.31E9
17782 5 5
9.7E8
9.04E9
17782 5 5
9.1E8
9.38E9
17782 5 5
9.4E8
9.25E9
17782 5 5
8.7E8
9.2E9
17782 5 5
9.3E8
9.25E9
17782 5 5
9.1E8
8.9E9
17782 5 5
9.6E8
9.02E9
17782 5 5
9.8E8
9.27E9
17782 5 5
9.4E8
9.48E9
17782 5 5
9.9E8
9.35E9
17782 5 5
9.9E8
9.38E9
17782 5 5
1.0E9
9.31E9
31622 5 5
1.98E9
2.809E10
31622 5 5
2.04E9
2.811E10
31622 5 5
2.0E9
2.844E10
31622 5 6
2.13E9
2.886E10
31622 5 6
2.12E9
2.898E10
31622 5 5
2.03E9
3.042E10
31622 5 5
2.15E9
3.003E10
31622 5 6
2.14E9
2.979E10
31622 5 5
2.07E9
2.99E10
31622 5 5
2.16E9
3.07E10
31622 5 5
2.28E9
2.962E10
31622 5 6
2.21E9
2.977E10
31622 5 6
2.14E9
3.067E10
31622 5 5
2.05E9
3.154E10
31622 5 5
1.92E9
3.091E10
31622 5 5
1.96E9
3.071E10
31622 5 5
2.2E9
3.051E10
31622 5 5
2.13E9
3.016E10
31622 5 6
2.14E9
3.201E10
31622 5 5
2.28E9
3.151E10
31622 5 5
2.11E9
3.148E10
31622 5 5
2.15E9
3.172E10
31622 5 5
2.17E9
3.202E10
31622 5 5
1.95E9
3.222E10
31622 5 5
1.97E9
3.257E10
31622 5 5
2.28E9
3.21E10
31622 5 5
2.15E9
3.299E10
31622 5 5
1.98E9
3.255E10
31622 5 5
2.07E9
3.357E10
31622 5 5
2.09E9
3.294E10
31622 5 5
2.21E9
3.454E10
31622 5 6
2.01E9
3.35E10
56234 5 6
4.66E9
9.099E10
56234 5 6
4.46E9
9.031E10
56234 5 6
5.13E9
9.013E10
56234 5 6
4.6E9
9.563E10
56234 5 6
4.56E9
1.0003E11
56234 5 6
4.54E9
1.0054E11
56234 5 6
5.02E9
1.0026E11
56234 5 6
4.98E9
1.0104E11
56234 5 6
5.32E9
1.0061E11
56234 5 6
5.08E9
1.0515E11
56234 5 6
4.94E9
1.0984E11
56234 5 6
4.75E9
1.1012E11
56234 5 6
4.71E9
1.1113E11
56234 5 6
4.87E9
1.0793E11
56234 5 6
4.81E9
1.1136E11
56234 5 6
4.39E9
1.1386E11
56234 5 6
4.7E9
1.1505E11
56234 5 6
4.89E9
1.1267E11
56234 5 7
4.93E9
1.1646E11
56234 5 6
5.04E9
1.162E11
56234 5 6
5.03E9
1.1798E11
56234 5 7
4.65E9
1.2056E11
56234 5 6
4.91E9
1.1975E11
56234 5 6
4.6E9
1.211E11
56234 5 6
4.44E9
1.1881E11
56234 5 6
5.3E9
1.2119E11
56234 5 6
5.18E9
1.2278E11
56234 5 6
5.23E9
1.2565E11
56234 5 7
5.28E9
1.2479E11
56234 5 6
5.02E9
1.2894E11
56234 5 6
4.9E9
1.2946E11
56234 5 6
4.91E9
1.3176E11
100000 5 7
9.76E9
2.8734E11
100000 5 7
9.72E9
3.0955E11
100000 5 7
1.026E10
3.2617E11
100000 5 6
1.033E10
3.103E11
100000 5 7
9.79E9
3.1963E11
100000 5 7
1.063E10
3.3782E11
100000 5 7
1.024E10
3.2673E11
100000 5 6
9.91E9
3.3902E11
100000 5 7
9.66E9
3.431E11
100000 5 7
1.073E10
3.4385E11
100000 5 7
9.34E9
3.5577E11
100000 5 7
1.021E10
3.4566E11
100000 5 6
1.005E10
3.3025E11
100000 5 7
1.061E10
3.5149E11
100000 5 6
1.02E10
3.385E11
100000 5 7
1.126E10
3.4442E11
100000 5 7
1.052E10
3.4289E11
100000 5 7
1.014E10
3.5087E11
100000 5 7
9.47E9
3.7356E11
100000 5 7
1.032E10
3.4569E11
100000 5 7
9.99E9
3.3643E11
100000 5 7
1.065E10
3.4842E11
100000 5 7
9.98E9
3.5023E11
100000 5 7
1.063E10
3.5845E11
100000 5 7
1.083E10
3.6147E11
100000 5 7
9.81E9
3.5244E11
100000 5 7
1.081E10
3.6628E11
100000 5 7
1.072E10
3.6159E11
100000 5 7
1.044E10
3.7351E11
100000 5 7
1.085E10
3.7618E11
100000 5 7
1.256E10
3.5961E11
100000 5 7
1.067E10
3.825E11
