100 3 5
234375.0
214843.75
100 3 5
253906.25
214843.75
100 3 4
253906.25
234375.0
100 3 5
234375.0
234375.0
100 3 4
234375.0
234375.0
100 3 5
253906.25
214843.75
100 3 4
273437.5
253906.25
100 3 5
273437.5
214843.75
100 3 4
273437.5
253906.25
100 3 5
234375.0
234375.0
100 3 4
273437.5
234375.0
100 3 4
234375.0
234375.0
100 3 4
234375.0
234375.0
100 3 4
253906.25
214843.75
100 3 4
234375.0
234375.0
100 3 4
234375.0
273437.5
100 3 4
253906.25
214843.75
100 3 4
234375.0
253906.25
100 3 5
273437.5
214843.75
100 3 4
273437.5
214843.75
100 3 4
253906.25
253906.25
100 3 4
234375.0
234375.0
100 3 5
234375.0
253906.25
100 3 4
253906.25
214843.75
100 3 4
253906.25
234375.0
100 3 4
234375.0
253906.25
100 3 4
253906.25
234375.0
100 3 4
253906.25
292968.75
100 3 5
253906.25
234375.0
100 3 4
234375.0
273437.5
100 3 4
253906.25
253906.25
100 3 5
234375.0
214843.75
177 3 5
742187.5
1171875.0
177 3 5
468750.0
625000.0
177 3 5
507812.5
625000.0
177 3 5
468750.0
625000.0
177 3 5
742187.5
1015625.0
177 3 4
546875.0
585937.5
177 3 6
546875.0
625000.0
177 3 4
937500.0
1406250.0
177 3 5
585937.5
1171875.0
177 3 5
429687.5
664062.5
177 3 6
625000.0
585937.5
177 3 5
625000.0
585937.5
177 3 5
664062.5
585937.5
177 3 5
625000.0
625000.0
177 3 5
429687.5
664062.5
177 3 6
625000.0
585937.5
177 3 5
585937.5
585937.5
177 3 5
625000.0
703125.0
177 3 6
625000.0
664062.5
177 3 4
507812.5
703125.0
177 3 5
546875.0
625000.0
177 3 5
859375.0
859375.0
177 3 5
664062.5
703125.0
177 3 6
546875.0
703125.0
177 3 6
546875.0
664062.5
177 3 5
507812.5
625000.0
177 3 6
507812.5
585937.5
177 3 5
468750.0
664062.5
177 3 5
703125.0
820312.5
177 3 5
507812.5
585937.5
177 3 6
742187.5
546875.0
177 3 5
742187.5
742187.5
316 3 6
1015625.0
1718750.0
316 3 6
937500.0
1875000.0
316 3 6
859375.0
1718750.0
316 3 5
1093750.0
4375000.0
316 3 7
937500.0
1718750.0
316 3 7
1015625.0
1718750.0
316 3 6
1015625.0
4375000.0
316 3 7
937500.0
1640625.0
316 3 7
859375.0
2187500.0
316 3 6
1250000.0
3750000.0
316 3 6
1015625.0
1718750.0
316 3 6
1015625.0
1718750.0
316 3 7
937500.0
1953125.0
316 3 6
1093750.0
1718750.0
316 3 6
1015625.0
1718750.0
316 3 6
1015625.0
1718750.0
316 3 7
1093750.0
1562500.0
316 3 7
937500.0
1484375.0
316 3 6
1015625.0
1484375.0
316 3 6
937500.0
1875000.0
316 3 6
937500.0
1562500.0
316 3 6
1171875.0
2031250.0
316 3 6
1640625.0
2031250.0
316 3 6
937500.0
1718750.0
316 3 6
937500.0
2187500.0
316 3 7
1015625.0
1875000.0
316 3 7
1328125.0
2187500.0
316 3 6
1015625.0
1640625.0
316 3 6
1406250.0
1562500.0
316 3 6
1875000.0
1640625.0
316 3 6
1328125.0
1562500.0
316 3 6
1484375.0
1562500.0
562 3 7
1875000.0
4062500.0
562 3 7
2500000.0
8750000.0
562 3 7
2343750.0
4687500.0
562 3 8
3437500.0
4375000.0
562 3 7
2187500.0
4375000.0
562 3 8
3437500.0
3750000.0
562 3 8
2656250.0
8125000.0
562 3 8
2343750.0
4687500.0
562 3 10
3281250.0
3437500.0
562 3 7
2656250.0
3750000.0
562 3 8
2500000.0
4062500.0
562 3 8
3750000.0
7500000.0
562 3 7
2343750.0
4062500.0
562 3 8
4062500.0
7500000.0
562 3 8
2656250.0
3437500.0
562 3 7
2656250.0
4062500.0
562 3 7
2187500.0
3750000.0
562 3 7
2187500.0
3750000.0
562 3 7
2656250.0
4375000.0
562 3 7
2187500.0
4687500.0
562 3 7
2500000.0
4687500.0
562 3 8
3437500.0
4375000.0
562 3 8
2812500.0
3437500.0
562 3 7
2031250.0
4062500.0
562 3 8
4531250.0
5000000.0
562 3 7
2187500.0
3437500.0
562 3 8
2343750.0
4062500.0
562 3 8
2812500.0
4062500.0
562 3 7
2968750.0
4687500.0
562 3 7
2500000.0
3437500.0
562 3 7
4062500.0
4687500.0
562 3 7
4843750.0
5625000.0
1000 3 9
7500000.0
1.875E7
1000 3 9
5312500.0
1.375E7
1000 3 9
5312500.0
1.25E7
1000 3 9
7500000.0
3.0E7
1000 3 10
5312500.0
1.75E7
1000 3 9
5000000.0
1.0E7
1000 3 8
4375000.0
1.5E7
1000 3 9
8750000.0
1.375E7
1000 3 9
5312500.0
1.375E7
1000 3 9
5000000.0
1.0E7
1000 3 9
5000000.0
1.125E7
1000 3 9
5312500.0
1.0E7
1000 3 9
4687500.0
1.0625E7
1000 3 8
4375000.0
1.25E7
1000 3 8
7500000.0
1.375E7
1000 3 9
4375000.0
1.0625E7
1000 3 9
5312500.0
1.125E7
1000 3 9
5625000.0
1.125E7
1000 3 9
4062500.0
1.1875E7
1000 3 8
2.0E7
1.625E7
1000 3 8
1.375E7
1.625E7
1000 3 9
4375000.0
1.1875E7
1000 3 9
5312500.0
1.375E7
1000 3 9
1.0E7
1.75E7
1000 3 9
1.03125E7
1.75E7
1000 3 10
1.125E7
1.5E7
1000 3 9
7187500.0
1.1875E7
1000 3 9
6875000.0
2.125E7
1000 3 9
4687500.0
1.0625E7
1778 3 11
1.125E7
3.5E7
1778 3 10
1.0E7
3.25E7
1000 3 9
4687500.0
1.25E7
1000 3 9
4687500.0
1.75E7
1778 3 10
1.375E7
6.0E7
1000 3 9
5625000.0
1.1875E7
1778 3 12
8125000.0
2.75E7
1778 3 11
1.25E7
3.0E7
1778 3 10
9375000.0
2.75E7
1778 3 11
1.375E7
3.25E7
1778 3 10
1.1875E7
2.75E7
1778 3 10
1.1875E7
3.0E7
1778 3 12
1.1875E7
3.0E7
1778 3 11
1.1875E7
3.0E7
1778 3 10
8750000.0
3.25E7
1778 3 11
1.8125E7
3.0E7
1778 3 11
1.0625E7
3.0E7
1778 3 10
2.75E7
3.75E7
1778 3 11
2.125E7
2.75E7
1778 3 10
1.625E7
3.75E7
1778 3 11
1.0625E7
3.75E7
1778 3 10
1.0E7
3.0E7
1778 3 11
9375000.0
3.75E7
1778 3 11
2.0625E7
3.25E7
1778 3 10
1.25E7
2.875E7
1778 3 10
8750000.0
3.0E7
1778 3 11
1.625E7
4.0E7
1778 3 11
2.75E7
3.0E7
1778 3 10
1.1875E7
6.5E7
3162 3 13
2.75E7
2.6E8
3162 3 12
1.75E7
1.1E8
1778 3 11
1.125E7
3.5E7
3162 3 12
2.875E7
1.4E8
1778 3 10
9375000.0
3.75E7
1778 3 11
1.0E7
3.75E7
3162 3 12
2.375E7
1.6E8
1778 3 11
1.125E7
7.25E7
3162 3 13
1.875E7
1.3E8
3162 3 12
2.375E7
1.7E8
3162 3 13
1.875E7
1.2E8
1778 3 10
1.125E7
4.25E7
3162 3 13
2.375E7
1.4E8
3162 3 14
2.0E7
1.2E8
3162 3 13
1.875E7
9.0E7
1778 3 11
1.0E7
3.125E7
3162 3 12
3.5E7
2.7E8
3162 3 12
2.5E7
1.1E8
3162 3 12
6.5E7
2.4E8
3162 3 13
2.0E7
1.3E8
3162 3 14
2.625E7
1.3E8
3162 3 12
2.125E7
1.1E8
3162 3 13
3.0E7
1.1E8
3162 3 12
2.5E7
1.1E8
3162 3 13
5.5E7
1.6E8
3162 3 13
4.5E7
1.2E8
3162 3 14
3.25E7
1.3E8
3162 3 12
2.25E7
7.0E7
3162 3 13
2.0E7
1.2E8
3162 3 13
3.0E7
8.0E7
3162 3 12
2.125E7
9.0E7
3162 3 14
1.875E7
1.3E8
3162 3 12
1.875E7
1.3E8
3162 3 12
2.125E7
1.6E8
5623 3 15
5.5E7
4.0E8
5623 3 15
4.0E7
2.9E8
3162 3 12
2.5E7
2.6E8
5623 3 15
3.25E7
3.4E8
3162 3 12
2.625E7
2.7E8
3162 3 12
2.875E7
2.5E8
3162 3 13
2.875E7
2.4E8
5623 3 15
4.0E7
2.8E8
5623 3 16
3.75E7
3.0E8
5623 3 15
4.25E7
3.0E8
5623 3 15
3.5E7
3.2E8
5623 3 15
3.5E7
3.7E8
5623 3 14
4.0E7
3.7E8
5623 3 15
4.25E7
3.8E8
5623 3 15
4.5E7
3.2E8
5623 3 15
3.5E7
3.2E8
5623 3 14
3.5E7
3.3E8
5623 3 15
6.0E7
3.4E8
5623 3 15
6.0E7
3.6E8
5623 3 15
5.5E7
3.6E8
5623 3 14
5.5E7
3.0E8
5623 3 15
6.25E7
3.6E8
5623 3 15
5.5E7
6.0E8
5623 3 15
6.0E7
3.4E8
5623 3 15
8.0E7
4.5E8
5623 3 16
4.25E7
2.9E8
5623 3 15
4.5E7
3.3E8
5623 3 15
5.5E7
3.5E8
5623 3 15
4.5E7
3.6E8
5623 3 15
3.75E7
2.8E8
5623 3 15
1.3E8
6.1E8
5623 3 15
4.75E7
3.5E8
5623 3 16
9.5E7
4.2E8
5623 3 15
4.0E7
3.0E8
5623 3 15
6.5E7
5.3E8
5623 3 14
5.25E7
5.7E8
10000 3 17
8.0E7
8.5E8
10000 3 17
7.0E7
8.6E8
10000 3 17
8.0E7
8.5E8
10000 3 17
7.0E7
8.8E8
10000 3 17
1.2E8
8.4E8
10000 3 16
7.5E7
8.4E8
10000 3 17
1.4E8
1.19E9
10000 3 17
8.0E7
7.7E8
10000 3 17
1.7E8
8.4E8
10000 3 17
1.05E8
9.6E8
10000 3 17
6.5E7
1.07E9
10000 3 17
8.5E7
8.3E8
10000 3 17
1.1E8
1.02E9
10000 3 16
1.5E8
1.2E9
10000 3 17
1.05E8
9.9E8
10000 3 17
1.15E8
1.05E9
10000 3 17
6.5E7
8.8E8
10000 3 17
1.05E8
1.02E9
10000 3 17
1.2E8
1.55E9
10000 3 17
8.0E7
9.1E8
10000 3 17
1.1E8
1.12E9
10000 3 16
8.5E7
9.2E8
10000 3 17
2.2E8
1.3E9
10000 3 17
8.5E7
1.01E9
10000 3 17
9.5E7
9.3E8
10000 3 16
1.1E8
1.22E9
10000 3 17
8.5E7
9.6E8
10000 3 16
2.0E8
1.44E9
10000 3 17
1.1E8
1.33E9
10000 3 17
1.2E8
1.56E9
10000 3 17
1.7E8
1.83E9
10000 3 17
1.6E8
1.45E9
17782 3 17
1.5E8
2.76E9
17782 3 17
1.6E8
2.71E9
17782 3 17
1.7E8
2.76E9
17782 3 17
1.3E8
2.65E9
17782 3 17
1.7E8
2.68E9
17782 3 17
1.6E8
2.92E9
17782 3 17
1.5E8
3.23E9
17782 3 17
1.8E8
2.74E9
17782 3 17
1.7E8
3.2E9
17782 3 17
1.6E8
2.99E9
17782 3 17
2.2E8
2.99E9
17782 3 17
2.3E8
3.18E9
17782 3 17
1.8E8
3.52E9
17782 3 17
1.7E8
3.02E9
17782 3 17
2.7E8
3.52E9
17782 3 17
2.2E8
3.17E9
17782 3 17
1.6E8
3.11E9
17782 3 17
1.9E8
3.33E9
17782 3 17
2.2E8
3.29E9
17782 3 17
2.4E8
3.36E9
17782 3 17
1.8E8
3.34E9
17782 3 17
2.2E8
3.44E9
17782 3 17
2.1E8
3.69E9
17782 3 17
2.2E8
4.06E9
17782 3 17
2.4E8
3.94E9
17782 3 17
2.6E8
4.49E9
17782 3 17
1.7E8
4.39E9
17782 3 17
2.5E8
3.9E9
17782 3 17
2.3E8
4.36E9
17782 3 17
2.0E8
4.78E9
17782 3 17
2.6E8
5.23E9
17782 3 17
2.2E8
5.69E9
31622 3 17
3.0E8
1.004E10
31622 3 17
3.5E8
9.84E9
31622 3 17
3.2E8
1.077E10
31622 3 17
3.3E8
1.062E10
31622 3 17
3.2E8
1.114E10
31622 3 17
3.2E8
1.037E10
31622 3 17
4.1E8
1.03E10
31622 3 17
4.3E8
1.108E10
31622 3 17
3.6E8
1.132E10
31622 3 17
4.0E8
1.242E10
31622 3 17
3.6E8
1.189E10
31622 3 17
4.4E8
1.137E10
31622 3 17
4.0E8
1.044E10
31622 3 17
4.5E8
1.052E10
31622 3 17
4.0E8
1.238E10
31622 3 17
3.3E8
1.246E10
31622 3 17
3.4E8
1.223E10
31622 3 17
3.2E8
1.383E10
31622 3 17
3.0E8
1.332E10
31622 3 17
3.8E8
1.335E10
31622 3 17
3.7E8
1.37E10
31622 3 17
3.5E8
1.385E10
31622 3 17
3.6E8
1.444E10
31622 3 17
5.0E8
1.412E10
31622 3 17
6.3E8
1.362E10
31622 3 17
4.4E8
1.332E10
31622 3 17
7.1E8
1.432E10
31622 3 17
3.3E8
1.598E10
31622 3 17
6.5E8
1.696E10
31622 3 17
6.7E8
1.581E10
31622 3 17
4.6E8
1.825E10
31622 3 17
5.5E8
1.83E10
56234 3 17
6.5E8
4.264E10
56234 3 17
6.0E8
4.393E10
56234 3 17
6.3E8
4.474E10
56234 3 17
6.7E8
4.36E10
56234 3 17
6.8E8
4.209E10
56234 3 17
6.3E8
4.641E10
56234 3 17
6.6E8
4.394E10
56234 3 17
6.9E8
4.703E10
56234 3 17
6.2E8
4.577E10
56234 3 17
6.7E8
4.623E10
56234 3 17
8.4E8
4.882E10
56234 3 17
7.5E8
4.466E10
56234 3 17
7.3E8
4.712E10
56234 3 17
7.0E8
4.471E10
56234 3 17
9.0E8
4.795E10
56234 3 17
5.8E8
5.196E10
56234 3 17
8.1E8
4.818E10
56234 3 17
8.9E8
5.061E10
56234 3 17
1.12E9
5.286E10
56234 3 17
7.7E8
5.358E10
56234 3 17
9.0E8
5.344E10
56234 3 17
8.3E8
5.679E10
56234 3 17
7.7E8
5.745E10
56234 3 17
1.09E9
5.492E10
56234 3 17
7.7E8
5.495E10
56234 3 17
1.06E9
5.243E10
56234 3 17
8.4E8
5.406E10
56234 3 17
9.7E8
5.141E10
56234 3 17
9.4E8
5.57E10
56234 3 17
7.3E8
5.71E10
56234 3 17
9.6E8
5.707E10
56234 3 17
8.6E8
7.0E10
100000 3 17
1.33E9
1.7151E11
100000 3 17
1.29E9
1.7528E11
100000 3 17
1.71E9
1.7006E11
100000 3 17
1.29E9
1.7067E11
100000 3 17
1.71E9
1.8022E11
100000 3 17
1.37E9
1.6527E11
100000 3 17
1.37E9
1.8163E11
100000 3 17
1.37E9
1.853E11
100000 3 17
1.37E9
1.88E11
100000 3 17
1.36E9
1.8734E11
100000 3 17
1.82E9
1.832E11
100000 3 17
1.5E9
1.9256E11
100000 3 17
1.49E9
1.7501E11
100000 3 17
2.14E9
1.8956E11
100000 3 17
1.43E9
1.9787E11
100000 3 17
1.53E9
1.8754E11
100000 3 17
1.37E9
1.9044E11
100000 3 17
1.64E9
1.9432E11
100000 3 17
1.56E9
1.817E11
100000 3 17
1.53E9
1.9647E11
100000 3 17
1.47E9
1.9597E11
100000 3 17
1.59E9
1.973E11
100000 3 17
2.19E9
1.8366E11
100000 3 17
1.26E9
1.9085E11
100000 3 17
1.39E9
1.9312E11
100000 3 17
1.42E9
1.7602E11
100000 3 17
1.67E9
1.9146E11
100000 3 17
1.76E9
1.9409E11
100000 3 17
1.19E9
1.9463E11
100000 3 17
1.43E9
2.0202E11
100000 3 17
1.86E9
1.9839E11
100000 3 17
1.97E9
1.9725E11
