100 5 2
468750.0
429687.5
100 5 2
429687.5
429687.5
100 5 2
507812.5
429687.5
100 5 2
468750.0
429687.5
100 5 2
507812.5
429687.5
100 5 2
546875.0
468750.0
100 5 2
468750.0
429687.5
100 5 2
468750.0
371093.75
100 5 2
507812.5
371093.75
100 5 2
507812.5
371093.75
100 5 2
468750.0
351562.5
100 5 2
468750.0
351562.5
100 5 2
429687.5
332031.25
100 5 2
468750.0
351562.5
100 5 2
507812.5
351562.5
100 5 2
468750.0
351562.5
100 5 2
468750.0
390625.0
100 5 2
468750.0
371093.75
100 5 2
507812.5
371093.75
100 5 2
507812.5
351562.5
100 5 2
507812.5
371093.75
100 5 2
507812.5
371093.75
100 5 2
468750.0
390625.0
100 5 2
468750.0
371093.75
100 5 2
468750.0
351562.5
100 5 2
507812.5
351562.5
100 5 2
468750.0
351562.5
100 5 2
507812.5
410156.25
100 5 2
507812.5
371093.75
100 5 2
507812.5
390625.0
100 5 2
507812.5
332031.25
100 5 2
507812.5
351562.5
177 5 2
1171875.0
937500.0
177 5 2
1171875.0
1093750.0
177 5 2
1093750.0
1406250.0
177 5 3
1171875.0
1328125.0
177 5 2
1171875.0
1171875.0
177 5 2
1171875.0
1328125.0
177 5 2
1171875.0
1171875.0
177 5 2
1250000.0
1093750.0
177 5 2
1171875.0
937500.0
177 5 2
1171875.0
937500.0
177 5 3
1171875.0
1015625.0
177 5 2
1171875.0
937500.0
177 5 2
1171875.0
1093750.0
177 5 3
1250000.0
937500.0
177 5 2
1250000.0
859375.0
177 5 2
1171875.0
937500.0
177 5 3
1171875.0
1015625.0
177 5 2
1250000.0
937500.0
177 5 2
1171875.0
1093750.0
177 5 2
1250000.0
1015625.0
177 5 2
1250000.0
937500.0
177 5 2
1250000.0
1015625.0
177 5 2
1250000.0
1093750.0
177 5 3
1406250.0
937500.0
177 5 2
1328125.0
937500.0
177 5 2
1328125.0
1015625.0
177 5 2
1171875.0
1015625.0
177 5 2
1406250.0
937500.0
177 5 2
1171875.0
1015625.0
177 5 2
1640625.0
1015625.0
177 5 2
1250000.0
820312.5
177 5 2
1250000.0
1015625.0
316 5 2
3437500.0
3437500.0
316 5 3
3125000.0
3437500.0
316 5 3
2968750.0
3437500.0
316 5 3
3125000.0
2812500.0
316 5 3
2968750.0
3750000.0
316 5 3
2812500.0
2968750.0
316 5 3
3125000.0
3906250.0
316 5 3
2812500.0
2968750.0
316 5 3
2812500.0
2812500.0
316 5 2
2968750.0
3437500.0
316 5 3
2812500.0
2968750.0
316 5 2
2968750.0
3281250.0
316 5 2
2968750.0
3593750.0
316 5 3
2812500.0
2656250.0
316 5 3
2812500.0
2812500.0
316 5 2
2968750.0
2656250.0
316 5 2
3125000.0
2968750.0
316 5 3
2812500.0
2500000.0
316 5 3
2968750.0
2812500.0
316 5 2
2968750.0
2656250.0
316 5 2
2812500.0
2812500.0
316 5 3
2968750.0
2968750.0
316 5 2
2968750.0
2500000.0
316 5 2
2812500.0
2656250.0
316 5 2
3125000.0
2812500.0
316 5 2
3437500.0
2656250.0
316 5 3
3125000.0
2656250.0
316 5 2
2812500.0
2500000.0
316 5 2
2812500.0
2812500.0
316 5 3
3906250.0
2656250.0
562 5 3
7500000.0
7500000.0
562 5 3
7500000.0
7500000.0
316 5 2
2968750.0
2812500.0
316 5 3
3281250.0
2968750.0
562 5 3
6875000.0
7500000.0
562 5 3
6875000.0
8125000.0
562 5 3
6875000.0
6875000.0
562 5 3
6875000.0
6875000.0
562 5 3
7500000.0
1.0E7
562 5 3
6875000.0
7500000.0
562 5 3
6875000.0
8750000.0
562 5 3
7500000.0
1.0625E7
562 5 3
6875000.0
6875000.0
562 5 3
7500000.0
1.0625E7
562 5 3
7500000.0
1.5E7
562 5 3
7500000.0
1.5625E7
562 5 3
7500000.0
8125000.0
562 5 3
7500000.0
6875000.0
562 5 2
8125000.0
8125000.0
562 5 2
7500000.0
6875000.0
562 5 3
6875000.0
2.0E7
562 5 3
7500000.0
8125000.0
562 5 3
6875000.0
1.5E7
562 5 3
8125000.0
8125000.0
562 5 3
6875000.0
9375000.0
562 5 3
7500000.0
7500000.0
562 5 3
6875000.0
7500000.0
562 5 2
1.375E7
6875000.0
562 5 3
1.0625E7
7500000.0
562 5 3
1.4375E7
6875000.0
562 5 3
9375000.0
8125000.0
562 5 3
8125000.0
7500000.0
562 5 3
8125000.0
6875000.0
562 5 3
1.3125E7
8125000.0
1000 5 3
1.625E7
2.25E7
1000 5 3
2.0E7
2.25E7
1000 5 3
1.625E7
3.5E7
1000 5 3
1.5E7
2.25E7
1000 5 3
2.125E7
2.375E7
1000 5 3
1.625E7
3.25E7
1000 5 3
1.5E7
3.25E7
1000 5 3
1.5E7
2.75E7
1000 5 3
1.625E7
3.25E7
1000 5 3
1.625E7
4.0E7
1000 5 3
1.625E7
2.25E7
1000 5 3
1.625E7
3.375E7
1000 5 3
1.5E7
3.25E7
1000 5 3
1.625E7
2.625E7
1000 5 3
1.625E7
2.375E7
1000 5 3
2.125E7
4.0E7
1000 5 3
1.75E7
1.875E7
1000 5 3
1.75E7
4.125E7
1000 5 3
1.75E7
2.0E7
1000 5 3
1.75E7
3.5E7
1000 5 3
1.75E7
3.875E7
1000 5 3
2.5E7
5.5E7
1778 5 3
6.0E7
1.4E8
1000 5 3
1.625E7
4.0E7
1000 5 3
2.25E7
2.125E7
1000 5 3
1.625E7
4.0E7
1778 5 3
6.0E7
1.3E8
1000 5 3
1.875E7
2.5E7
1778 5 4
6.0E7
1.2E8
1000 5 3
1.875E7
2.375E7
1778 5 3
3.5E7
6.0E7
1000 5 3
2.0E7
2.125E7
1000 5 3
2.0E7
2.125E7
1778 5 4
3.75E7
6.0E7
1778 5 3
3.75E7
6.5E7
1778 5 3
7.5E7
6.0E7
1000 5 3
2.375E7
2.25E7
1778 5 3
4.0E7
6.5E7
1000 5 3
2.5E7
2.25E7
1778 5 3
4.25E7
6.5E7
1000 5 3
2.75E7
2.25E7
1778 5 3
3.75E7
6.5E7
1778 5 3
3.75E7
6.0E7
1778 5 3
3.75E7
6.0E7
1778 5 3
3.75E7
5.5E7
1778 5 3
4.0E7
6.5E7
1778 5 3
3.75E7
5.5E7
1778 5 4
4.0E7
7.5E7
1778 5 3
4.0E7
7.0E7
1778 5 3
4.0E7
1.2E8
1778 5 3
3.75E7
6.0E7
1778 5 3
4.0E7
5.5E7
1778 5 3
4.0E7
8.0E7
1778 5 3
3.75E7
1.6E8
1778 5 4
3.75E7
1.3E8
1778 5 3
3.75E7
7.5E7
1778 5 3
3.75E7
1.7E8
1778 5 4
4.0E7
1.0E8
1778 5 3
4.0E7
7.5E7
1778 5 3
4.0E7
1.05E8
1778 5 3
3.75E7
1.3E8
1778 5 3
3.75E7
1.4E8
1778 5 3
3.75E7
5.5E7
1778 5 3
4.25E7
7.5E7
3162 5 4
8.5E7
1.9E8
3162 5 4
1.0E8
2.6E8
3162 5 4
1.5E8
3.4E8
3162 5 4
1.4E8
2.9E8
3162 5 4
8.5E7
2.1E8
3162 5 4
8.5E7
2.0E8
3162 5 3
1.0E8
2.4E8
3162 5 4
1.2E8
2.7E8
3162 5 3
1.2E8
3.1E8
3162 5 4
1.25E8
2.5E8
3162 5 4
1.35E8
3.2E8
3162 5 3
1.35E8
2.9E8
3162 5 4
8.0E7
2.5E8
3162 5 4
1.3E8
2.7E8
3162 5 4
1.6E8
2.6E8
3162 5 4
8.5E7
2.2E8
3162 5 4
1.2E8
2.5E8
3162 5 4
1.4E8
2.6E8
3162 5 4
1.1E8
2.4E8
3162 5 4
8.0E7
2.3E8
3162 5 3
1.2E8
2.6E8
3162 5 3
9.5E7
2.6E8
3162 5 4
1.1E8
2.4E8
3162 5 4
8.0E7
2.3E8
3162 5 3
9.5E7
2.5E8
3162 5 4
1.0E8
2.3E8
3162 5 4
9.5E7
2.5E8
3162 5 4
9.0E7
2.0E8
3162 5 4
9.0E7
1.9E8
3162 5 4
1.0E8
2.2E8
3162 5 4
9.0E7
2.3E8
3162 5 3
1.0E8
2.1E8
5623 5 4
2.0E8
7.1E8
5623 5 4
2.1E8
6.6E8
5623 5 4
2.1E8
7.0E8
5623 5 4
2.0E8
7.5E8
5623 5 4
2.1E8
6.9E8
5623 5 4
1.8E8
6.9E8
5623 5 4
2.3E8
7.0E8
5623 5 4
2.0E8
8.7E8
5623 5 4
2.3E8
6.8E8
5623 5 4
2.1E8
9.0E8
5623 5 4
2.1E8
9.8E8
5623 5 4
2.3E8
8.5E8
5623 5 4
2.2E8
9.2E8
5623 5 4
2.6E8
8.6E8
5623 5 4
2.1E8
9.6E8
5623 5 4
2.2E8
9.5E8
5623 5 4
2.0E8
9.0E8
5623 5 4
1.9E8
9.6E8
5623 5 4
2.1E8
9.6E8
5623 5 4
2.2E8
6.6E8
5623 5 5
2.0E8
9.1E8
5623 5 4
2.2E8
9.6E8
5623 5 4
2.1E8
8.8E8
5623 5 4
2.3E8
8.9E8
5623 5 4
2.0E8
9.5E8
5623 5 4
2.0E8
9.0E8
5623 5 4
2.0E8
9.0E8
5623 5 4
2.4E8
9.8E8
5623 5 4
2.3E8
8.2E8
5623 5 4
2.3E8
9.7E8
5623 5 4
2.3E8
9.4E8
5623 5 4
2.6E8
7.6E8
10000 5 5
4.0E8
2.14E9
10000 5 4
4.5E8
2.11E9
10000 5 5
4.0E8
2.17E9
10000 5 5
4.0E8
2.19E9
10000 5 4
4.5E8
2.03E9
10000 5 5
4.1E8
2.1E9
10000 5 4
4.2E8
2.06E9
10000 5 5
4.3E8
2.13E9
10000 5 4
4.6E8
2.73E9
10000 5 4
4.0E8
2.8E9
10000 5 5
4.3E8
2.63E9
10000 5 4
4.0E8
2.99E9
10000 5 5
4.6E8
2.89E9
10000 5 4
4.5E8
2.74E9
10000 5 4
4.0E8
2.95E9
10000 5 4
4.5E8
2.76E9
10000 5 4
4.5E8
2.81E9
10000 5 5
4.6E8
3.03E9
10000 5 5
4.2E8
2.97E9
10000 5 5
4.3E8
3.0E9
10000 5 5
4.5E8
3.04E9
10000 5 4
4.3E8
3.1E9
10000 5 4
4.8E8
2.75E9
10000 5 4
4.2E8
3.16E9
10000 5 5
4.5E8
3.02E9
10000 5 5
4.5E8
3.13E9
10000 5 4
5.8E8
2.87E9
10000 5 4
4.4E8
2.95E9
10000 5 5
4.3E8
3.06E9
10000 5 4
4.7E8
2.99E9
10000 5 4
4.4E8
3.0E9
10000 5 4
4.1E8
3.2E9
17782 5 5
9.0E8
7.1E9
17782 5 5
9.4E8
7.26E9
17782 5 5
9.0E8
7.33E9
17782 5 5
9.1E8
7.21E9
17782 5 5
8.8E8
7.7E9
17782 5 5
9.4E8
8.36E9
17782 5 5
9.5E8
9.2E9
17782 5 5
9.1E8
8.88E9
17782 5 5
9.5E8
9.04E9
17782 5 5
9.6E8
8.93E9
17782 5 5
9.9E8
9.06E9
17782 5 5
1.05E9
8.81E9
17782 5 5
9.7E8
9.19E9
17782 5 5
1.02E9
9.59E9
17782 5 5
9.4E8
9.17E9
17782 5 5
1.01E9
9.39E9
17782 5 6
1.06E9
9.32E9
17782 5 5
1.09E9
8.87E9
17782 5 5
1.09E9
9.41E9
17782 5 5
9.6E8
9.29E9
17782 5 5
9.5E8
9.22E9
17782 5 5
1.09E9
9.36E9
17782 5 5
1.01E9
9.09E9
17782 5 5
1.0E9
1.009E10
17782 5 6
9.7E8
1.0E10
17782 5 5
1.05E9
9.14E9
17782 5 5
1.04E9
1.034E10
17782 5 5
1.04E9
9.47E9
17782 5 5
1.0E9
1.012E10
17782 5 5
1.06E9
1.003E10
17782 5 5
1.14E9
1.017E10
17782 5 5
9.6E8
1.035E10
31622 5 5
2.04E9
2.679E10
31622 5 5
2.24E9
2.814E10
31622 5 5
2.25E9
2.656E10
31622 5 6
2.17E9
2.927E10
31622 5 6
2.11E9
2.924E10
31622 5 6
2.08E9
2.812E10
31622 5 5
2.03E9
2.9E10
31622 5 5
2.2E9
2.846E10
31622 5 6
2.24E9
3.208E10
31622 5 5
2.06E9
3.084E10
31622 5 6
2.23E9
2.945E10
31622 5 6
2.08E9
2.989E10
31622 5 6
2.12E9
3.041E10
31622 5 6
2.11E9
3.073E10
31622 5 5
2.45E9
3.055E10
31622 5 6
2.12E9
3.083E10
31622 5 5
1.88E9
3.187E10
31622 5 6
2.09E9
3.15E10
31622 5 5
2.05E9
3.162E10
31622 5 6
2.12E9
3.291E10
31622 5 5
2.38E9
3.194E10
31622 5 6
2.35E9
3.368E10
31622 5 5
2.17E9
3.474E10
31622 5 5
2.28E9
3.529E10
31622 5 5
2.24E9
3.566E10
31622 5 5
2.38E9
3.551E10
31622 5 6
2.38E9
3.653E10
31622 5 5
2.35E9
3.566E10
31622 5 5
2.22E9
3.718E10
31622 5 6
2.21E9
3.963E10
31622 5 6
2.48E9
3.861E10
31622 5 5
2.0E9
3.986E10
56234 5 6
5.68E9
7.479E10
56234 5 6
5.08E9
9.488E10
56234 5 6
5.39E9
9.555E10
56234 5 6
4.74E9
1.0265E11
56234 5 6
4.78E9
1.0134E11
56234 5 6
4.67E9
1.021E11
56234 5 6
4.51E9
9.53E10
56234 5 6
4.68E9
1.0145E11
56234 5 6
5.42E9
1.0245E11
56234 5 6
5.7E9
1.0095E11
56234 5 6
4.54E9
1.1045E11
56234 5 6
5.41E9
1.1021E11
56234 5 6
5.55E9
1.0486E11
56234 5 6
4.99E9
1.1036E11
56234 5 6
4.89E9
1.1749E11
56234 5 6
4.73E9
1.1098E11
56234 5 6
5.85E9
1.2155E11
56234 5 6
4.71E9
1.2374E11
56234 5 7
5.04E9
1.2067E11
56234 5 6
5.04E9
1.2503E11
56234 5 6
5.59E9
1.2539E11
56234 5 6
5.42E9
1.2218E11
56234 5 6
5.06E9
1.3504E11
56234 5 6
4.57E9
1.2644E11
56234 5 6
4.83E9
1.398E11
56234 5 6
4.73E9
1.3364E11
56234 5 6
5.78E9
1.3092E11
56234 5 6
4.66E9
1.3865E11
56234 5 6
4.83E9
1.4497E11
56234 5 6
6.09E9
1.4557E11
56234 5 6
4.91E9
1.5866E11
56234 5 6
6.42E9
1.6509E11
100000 5 6
1.098E10
3.2254E11
100000 5 6
1.003E10
3.2813E11
100000 5 7
9.95E9
2.691E11
100000 5 7
9.33E9
3.2327E11
100000 5 7
9.48E9
3.3702E11
100000 5 6
9.27E9
3.2671E11
100000 5 7
9.89E9
3.2151E11
100000 5 7
9.74E9
3.3966E11
100000 5 6
9.99E9
3.489E11
100000 5 7
1.012E10
2.7946E11
100000 5 7
1.227E10
3.485E11
100000 5 7
1.063E10
3.1487E11
100000 5 7
9.92E9
3.5968E11
100000 5 7
9.42E9
3.2393E11
100000 5 7
9.85E9
3.5161E11
100000 5 7
9.15E9
3.4177E11
100000 5 6
9.57E9
3.2634E11
100000 5 7
1.061E10
3.6358E11
100000 5 7
9.77E9
3.6236E11
100000 5 7
9.3E9
3.3931E11
100000 5 7
9.32E9
3.4043E11
100000 5 7
9.68E9
3.788E11
100000 5 7
1.322E10
3.5326E11
100000 5 7
1.212E10
3.8153E11
100000 5 7
1.027E10
3.7886E11
100000 5 6
1.287E10
3.6176E11
100000 5 7
1.407E10
3.3839E11
100000 5 7
1.158E10
3.6837E11
100000 5 7
1.163E10
3.3892E11
100000 5 6
9.1E9
3.6823E11
100000 5 7
1.302E10
3.5103E11
100000 5 7
1.227E10
3.9607E11
