100 4 3
429687.5
292968.75
100 4 3
351562.5
253906.25
100 4 3
371093.75
273437.5
100 4 3
371093.75
273437.5
100 4 2
351562.5
292968.75
100 4 2
332031.25
292968.75
100 4 3
351562.5
292968.75
100 4 3
371093.75
292968.75
100 4 3
371093.75
292968.75
100 4 3
371093.75
273437.5
100 4 3
332031.25
351562.5
100 4 2
371093.75
312500.0
100 4 3
371093.75
292968.75
100 4 2
332031.25
351562.5
100 4 3
371093.75
292968.75
100 4 3
351562.5
332031.25
100 4 3
351562.5
312500.0
100 4 2
351562.5
273437.5
100 4 3
351562.5
292968.75
100 4 3
351562.5
273437.5
100 4 3
351562.5
292968.75
100 4 2
371093.75
312500.0
100 4 3
371093.75
292968.75
100 4 3
351562.5
332031.25
100 4 3
371093.75
273437.5
100 4 2
371093.75
273437.5
100 4 3
371093.75
312500.0
100 4 2
351562.5
332031.25
100 4 3
371093.75
332031.25
100 4 2
371093.75
312500.0
100 4 2
351562.5
312500.0
100 4 3
371093.75
332031.25
177 4 3
937500.0
859375.0
177 4 3
937500.0
859375.0
177 4 3
937500.0
859375.0
177 4 3
937500.0
1015625.0
177 4 3
859375.0
937500.0
177 4 3
937500.0
859375.0
177 4 3
937500.0
937500.0
177 4 3
859375.0
1015625.0
177 4 3
937500.0
937500.0
177 4 3
859375.0
859375.0
177 4 3
1093750.0
859375.0
177 4 3
1015625.0
703125.0
177 4 3
937500.0
742187.5
177 4 3
937500.0
781250.0
177 4 3
937500.0
703125.0
177 4 3
859375.0
781250.0
177 4 3
859375.0
742187.5
177 4 3
1015625.0
781250.0
177 4 3
859375.0
781250.0
177 4 3
937500.0
742187.5
177 4 3
859375.0
859375.0
177 4 3
937500.0
781250.0
177 4 3
937500.0
859375.0
177 4 3
937500.0
859375.0
177 4 3
937500.0
781250.0
177 4 3
937500.0
781250.0
177 4 3
937500.0
781250.0
177 4 3
859375.0
781250.0
177 4 2
859375.0
781250.0
177 4 3
937500.0
820312.5
177 4 3
937500.0
820312.5
177 4 3
1054687.5
1015625.0
316 4 3
2187500.0
2187500.0
316 4 3
2031250.0
2031250.0
316 4 3
2031250.0
2031250.0
316 4 3
2031250.0
2187500.0
316 4 4
2343750.0
2187500.0
316 4 3
2656250.0
2187500.0
316 4 4
2500000.0
2500000.0
316 4 3
2343750.0
2187500.0
316 4 4
2500000.0
2187500.0
316 4 3
2343750.0
2031250.0
316 4 4
2343750.0
2187500.0
316 4 4
2187500.0
2031250.0
316 4 3
2187500.0
2031250.0
316 4 4
2343750.0
2031250.0
316 4 3
2187500.0
2187500.0
316 4 3
2343750.0
2343750.0
316 4 3
2187500.0
2343750.0
316 4 3
2031250.0
2187500.0
316 4 3
2031250.0
2187500.0
316 4 3
2187500.0
2343750.0
316 4 3
2187500.0
2812500.0
316 4 4
2031250.0
2343750.0
316 4 4
2187500.0
2500000.0
316 4 3
2031250.0
2187500.0
316 4 3
2031250.0
2500000.0
316 4 4
2031250.0
2343750.0
316 4 3
2187500.0
2187500.0
316 4 3
2187500.0
3125000.0
316 4 4
2187500.0
2968750.0
316 4 3
2031250.0
3125000.0
316 4 3
2343750.0
2656250.0
316 4 3
2187500.0
2031250.0
562 4 4
4687500.0
6875000.0
562 4 4
5000000.0
6875000.0
562 4 4
8125000.0
5937500.0
562 4 5
4687500.0
5312500.0
562 4 4
5312500.0
5625000.0
562 4 4
6562500.0
5625000.0
562 4 4
4687500.0
5937500.0
562 4 4
6875000.0
7500000.0
562 4 4
4687500.0
6250000.0
562 4 4
4687500.0
6250000.0
562 4 4
4375000.0
5312500.0
562 4 4
5625000.0
6875000.0
562 4 4
5937500.0
6875000.0
562 4 4
5312500.0
1.375E7
562 4 4
5000000.0
6875000.0
562 4 4
4062500.0
6250000.0
562 4 4
4687500.0
5937500.0
562 4 4
4687500.0
9375000.0
562 4 4
5000000.0
5625000.0
562 4 4
5000000.0
5937500.0
562 4 4
4375000.0
6562500.0
562 4 4
5000000.0
5625000.0
562 4 4
4375000.0
6562500.0
562 4 4
5000000.0
5312500.0
562 4 4
5312500.0
7500000.0
562 4 4
5625000.0
6250000.0
562 4 5
5312500.0
5937500.0
562 4 4
5000000.0
6562500.0
1000 4 5
1.375E7
1.5E7
562 4 4
5000000.0
5625000.0
562 4 4
5312500.0
5937500.0
1000 4 5
1.1875E7
1.75E7
1000 4 5
1.1875E7
1.625E7
562 4 4
6875000.0
6250000.0
562 4 4
6562500.0
6875000.0
1000 4 5
1.0625E7
1.625E7
1000 4 4
1.0625E7
2.375E7
1000 4 4
1.125E7
1.625E7
1000 4 5
1.25E7
1.5E7
1000 4 5
1.0625E7
2.5E7
1000 4 4
1.1875E7
1.625E7
1000 4 5
1.1875E7
1.5E7
1000 4 5
1.1875E7
1.5E7
1000 4 4
1.125E7
1.75E7
1000 4 5
1.25E7
3.75E7
1000 4 4
1.1875E7
1.75E7
1000 4 4
1.125E7
1.625E7
1000 4 4
1.0625E7
1.625E7
1000 4 5
1.125E7
1.75E7
1000 4 5
1.0625E7
2.0E7
1000 4 5
1.125E7
1.875E7
1000 4 5
1.125E7
1.875E7
1000 4 4
1.1875E7
1.75E7
1000 4 5
1.25E7
1.75E7
1000 4 4
1.25E7
1.75E7
1000 4 5
1.1875E7
2.0E7
1000 4 4
1.375E7
1.75E7
1000 4 4
1.4375E7
1.5E7
1000 4 4
1.0625E7
1.75E7
1000 4 5
1.4375E7
1.625E7
1000 4 4
1.5E7
1.5E7
1000 4 4
1.1875E7
1.5E7
1000 4 4
1.375E7
1.625E7
1000 4 4
1.125E7
1.5E7
1778 4 6
2.75E7
5.5E7
1778 4 5
2.625E7
1.2E8
1778 4 5
2.75E7
1.3E8
1778 4 5
3.0E7
6.75E7
1778 4 5
2.75E7
7.25E7
1778 4 5
2.75E7
7.5E7
1778 4 5
2.5E7
4.5E7
1778 4 5
2.5E7
4.5E7
1778 4 6
2.5E7
4.75E7
1778 4 5
2.375E7
5.5E7
1778 4 5
2.375E7
4.25E7
1778 4 5
2.5E7
4.75E7
1778 4 5
2.375E7
4.5E7
1778 4 5
2.25E7
5.0E7
1778 4 5
2.5E7
4.5E7
1778 4 5
4.5E7
5.5E7
1778 4 5
2.25E7
4.5E7
1778 4 5
2.375E7
5.0E7
1778 4 5
2.375E7
5.0E7
1778 4 5
2.375E7
4.5E7
1778 4 5
2.25E7
4.75E7
1778 4 5
2.25E7
4.5E7
1778 4 5
2.25E7
4.25E7
1778 4 5
2.375E7
5.0E7
1778 4 5
2.625E7
4.5E7
3162 4 5
5.5E7
1.5E8
1778 4 6
2.25E7
4.75E7
3162 4 6
5.5E7
1.5E8
1778 4 5
2.25E7
5.0E7
1778 4 5
2.5E7
4.5E7
1778 4 5
2.375E7
5.5E7
3162 4 6
5.5E7
1.8E8
1778 4 5
3.5E7
4.25E7
3162 4 6
5.5E7
1.7E8
3162 4 6
5.5E7
1.8E8
1778 4 5
2.625E7
4.5E7
3162 4 6
6.0E7
1.6E8
3162 4 6
5.5E7
2.1E8
3162 4 5
6.0E7
1.5E8
3162 4 6
5.5E7
1.7E8
1778 4 5
2.375E7
5.0E7
3162 4 6
5.5E7
2.3E8
3162 4 6
6.0E7
1.8E8
3162 4 6
6.0E7
2.6E8
3162 4 6
5.5E7
1.5E8
3162 4 6
5.25E7
1.6E8
3162 4 6
7.0E7
2.6E8
3162 4 5
6.0E7
1.8E8
3162 4 6
5.5E7
1.6E8
3162 4 6
7.5E7
2.8E8
3162 4 6
7.25E7
2.3E8
3162 4 6
8.5E7
1.8E8
3162 4 6
6.0E7
1.8E8
3162 4 6
5.5E7
1.6E8
3162 4 6
6.0E7
1.5E8
3162 4 6
5.0E7
1.6E8
3162 4 6
6.5E7
1.7E8
3162 4 6
1.0E8
1.7E8
3162 4 6
5.5E7
1.6E8
3162 4 6
6.0E7
1.6E8
3162 4 6
6.0E7
1.7E8
3162 4 6
4.75E7
1.7E8
3162 4 6
5.75E7
1.7E8
3162 4 6
5.75E7
1.7E8
5623 4 6
1.3E8
4.7E8
5623 4 6
1.1E8
4.6E8
5623 4 7
1.4E8
5.0E8
5623 4 7
1.1E8
5.0E8
5623 4 7
1.5E8
6.0E8
5623 4 7
1.3E8
5.5E8
5623 4 7
1.2E8
5.5E8
5623 4 6
1.1E8
5.9E8
5623 4 7
1.3E8
5.5E8
5623 4 7
1.15E8
5.2E8
5623 4 7
1.2E8
5.2E8
5623 4 7
1.2E8
5.2E8
5623 4 7
1.1E8
5.3E8
5623 4 6
1.1E8
4.9E8
5623 4 7
1.3E8
6.0E8
5623 4 7
1.1E8
4.9E8
5623 4 7
1.2E8
5.2E8
5623 4 7
1.2E8
5.0E8
5623 4 7
1.05E8
4.9E8
5623 4 6
1.1E8
5.9E8
5623 4 8
1.1E8
6.1E8
5623 4 7
1.3E8
5.6E8
5623 4 7
1.1E8
5.9E8
5623 4 6
1.3E8
6.3E8
5623 4 6
1.3E8
5.0E8
5623 4 6
1.5E8
5.6E8
5623 4 6
1.2E8
6.5E8
5623 4 7
1.1E8
5.1E8
5623 4 6
1.7E8
5.8E8
5623 4 6
1.5E8
5.5E8
5623 4 7
1.4E8
5.2E8
5623 4 7
1.3E8
5.6E8
10000 4 8
2.7E8
1.49E9
10000 4 8
2.2E8
1.53E9
10000 4 8
2.6E8
1.66E9
10000 4 8
2.3E8
1.42E9
10000 4 8
2.6E8
1.48E9
10000 4 8
2.3E8
1.5E9
10000 4 8
2.4E8
1.72E9
10000 4 8
2.6E8
1.47E9
10000 4 8
2.7E8
1.5E9
10000 4 8
2.8E8
1.7E9
10000 4 8
2.4E8
1.58E9
10000 4 8
2.7E8
1.54E9
10000 4 7
2.8E8
1.55E9
10000 4 7
2.4E8
1.64E9
10000 4 8
2.7E8
1.49E9
10000 4 8
2.4E8
1.74E9
10000 4 8
2.3E8
1.71E9
10000 4 8
2.7E8
1.68E9
10000 4 8
3.5E8
1.81E9
10000 4 7
2.2E8
2.17E9
10000 4 8
2.6E8
2.0E9
10000 4 7
3.1E8
2.05E9
10000 4 8
2.7E8
1.66E9
10000 4 8
2.7E8
1.79E9
10000 4 8
2.6E8
1.53E9
10000 4 7
2.7E8
1.78E9
10000 4 7
2.6E8
2.04E9
10000 4 8
2.6E8
1.92E9
10000 4 8
3.0E8
2.11E9
10000 4 7
2.6E8
1.77E9
10000 4 7
3.4E8
2.36E9
10000 4 7
3.6E8
2.5E9
17782 4 8
4.9E8
4.8E9
17782 4 9
5.0E8
4.93E9
17782 4 9
5.3E8
4.89E9
17782 4 8
5.6E8
4.76E9
17782 4 9
5.2E8
4.86E9
17782 4 8
5.3E8
4.97E9
17782 4 9
5.3E8
4.7E9
17782 4 9
4.9E8
4.75E9
17782 4 9
5.0E8
4.9E9
17782 4 9
5.0E8
4.95E9
17782 4 8
5.6E8
4.65E9
17782 4 10
6.3E8
5.04E9
17782 4 9
5.6E8
5.05E9
17782 4 9
6.4E8
4.51E9
17782 4 9
5.0E8
5.47E9
17782 4 8
5.2E8
5.42E9
17782 4 9
5.2E8
5.36E9
17782 4 9
5.6E8
5.46E9
17782 4 9
5.4E8
5.32E9
17782 4 9
6.7E8
5.54E9
17782 4 8
5.2E8
6.06E9
17782 4 8
5.6E8
5.38E9
17782 4 8
6.6E8
5.6E9
17782 4 9
5.4E8
5.97E9
17782 4 8
5.3E8
4.97E9
17782 4 8
6.3E8
5.73E9
17782 4 9
5.9E8
5.83E9
17782 4 9
5.3E8
5.89E9
17782 4 9
5.2E8
6.21E9
17782 4 9
7.1E8
5.92E9
17782 4 9
6.8E8
6.57E9
17782 4 8
8.6E8
6.86E9
31622 4 10
9.9E8
1.241E10
31622 4 10
1.15E9
1.399E10
31622 4 10
1.05E9
1.516E10
31622 4 9
1.04E9
1.645E10
31622 4 10
1.15E9
1.586E10
31622 4 10
1.09E9
1.667E10
31622 4 10
1.12E9
1.655E10
31622 4 10
1.07E9
1.718E10
31622 4 10
1.06E9
1.826E10
31622 4 11
1.18E9
1.769E10
31622 4 10
1.52E9
1.627E10
31622 4 10
1.05E9
1.82E10
31622 4 11
1.14E9
1.889E10
31622 4 10
1.27E9
1.807E10
31622 4 10
1.11E9
1.839E10
31622 4 10
1.96E9
1.877E10
31622 4 10
1.16E9
2.039E10
31622 4 10
1.4E9
1.885E10
31622 4 10
1.83E9
1.899E10
31622 4 10
1.01E9
1.74E10
31622 4 10
1.28E9
2.148E10
31622 4 10
1.15E9
2.355E10
31622 4 10
1.29E9
2.428E10
31622 4 10
1.29E9
2.456E10
31622 4 10
1.23E9
2.474E10
31622 4 10
1.78E9
2.337E10
31622 4 10
1.51E9
2.429E10
31622 4 10
1.34E9
2.507E10
31622 4 10
1.22E9
2.614E10
31622 4 10
1.66E9
2.609E10
31622 4 9
1.54E9
2.587E10
31622 4 10
1.71E9
3.156E10
56234 4 11
2.08E9
6.326E10
56234 4 11
2.08E9
6.74E10
56234 4 12
2.03E9
5.442E10
56234 4 11
2.21E9
6.575E10
56234 4 12
2.36E9
6.516E10
56234 4 11
2.46E9
6.555E10
56234 4 11
2.87E9
6.346E10
56234 4 11
2.22E9
6.076E10
56234 4 11
2.39E9
6.453E10
56234 4 11
2.35E9
7.003E10
56234 4 11
2.89E9
5.886E10
56234 4 11
2.69E9
6.347E10
56234 4 11
2.22E9
6.496E10
56234 4 11
2.04E9
7.643E10
56234 4 11
2.38E9
6.641E10
56234 4 11
3.24E9
7.429E10
56234 4 11
2.33E9
7.341E10
56234 4 11
2.32E9
7.676E10
56234 4 11
2.74E9
7.024E10
56234 4 11
2.44E9
7.24E10
56234 4 11
3.13E9
7.703E10
56234 4 11
2.19E9
8.169E10
56234 4 11
3.24E9
7.919E10
56234 4 11
2.61E9
6.709E10
56234 4 12
2.63E9
7.548E10
56234 4 11
2.5E9
8.242E10
56234 4 11
2.4E9
8.361E10
56234 4 11
2.46E9
7.712E10
56234 4 11
2.37E9
8.183E10
56234 4 12
2.3E9
8.518E10
56234 4 11
2.22E9
8.648E10
56234 4 12
2.35E9
9.024E10
100000 4 12
5.53E9
2.0858E11
100000 4 12
5.19E9
1.9689E11
100000 4 12
4.3E9
2.1699E11
100000 4 12
4.62E9
1.951E11
100000 4 12
4.71E9
2.1333E11
100000 4 12
4.43E9
2.2677E11
100000 4 12
4.52E9
2.1542E11
100000 4 12
5.29E9
2.3161E11
100000 4 12
6.25E9
2.1933E11
100000 4 12
5.26E9
2.2098E11
100000 4 12
5.1E9
2.2028E11
100000 4 12
4.23E9
2.2846E11
100000 4 12
7.0E9
2.2763E11
100000 4 12
5.29E9
2.3022E11
100000 4 12
4.55E9
2.2746E11
100000 4 12
4.67E9
2.2412E11
100000 4 12
5.84E9
2.2575E11
100000 4 12
5.72E9
2.1621E11
100000 4 12
6.96E9
2.3071E11
100000 4 12
4.31E9
2.2194E11
100000 4 12
7.02E9
2.3526E11
100000 4 12
5.83E9
2.3549E11
100000 4 12
4.82E9
2.2805E11
100000 4 12
6.06E9
2.4526E11
100000 4 12
5.44E9
2.2725E11
100000 4 12
5.48E9
2.3305E11
100000 4 12
5.48E9
2.3434E11
100000 4 12
5.12E9
2.4901E11
100000 4 12
5.54E9
2.3309E11
100000 4 12
7.96E9
2.4985E11
100000 4 12
7.14E9
2.3247E11
100000 4 12
6.32E9
2.5148E11
