100 3 5
312500.0
214843.75
100 3 4
234375.0
214843.75
100 3 5
292968.75
214843.75
100 3 4
312500.0
273437.5
100 3 4
625000.0
234375.0
100 3 4
449218.75
429687.5
100 3 3
292968.75
214843.75
100 3 4
332031.25
253906.25
100 3 5
292968.75
253906.25
100 3 4
312500.0
234375.0
100 3 5
273437.5
214843.75
100 3 4
371093.75
234375.0
100 3 5
332031.25
234375.0
100 3 4
332031.25
253906.25
100 3 4
351562.5
234375.0
100 3 4
351562.5
234375.0
100 3 4
332031.25
273437.5
100 3 4
273437.5
234375.0
100 3 4
351562.5
429687.5
100 3 4
292968.75
273437.5
100 3 5
429687.5
429687.5
100 3 4
332031.25
273437.5
100 3 5
410156.25
253906.25
100 3 4
332031.25
468750.0
100 3 5
312500.0
214843.75
100 3 4
292968.75
234375.0
100 3 4
312500.0
253906.25
100 3 4
312500.0
273437.5
100 3 4
371093.75
546875.0
100 3 4
449218.75
410156.25
100 3 4
390625.0
234375.0
100 3 4
429687.5
371093.75
177 3 5
1875000.0
664062.5
177 3 5
625000.0
859375.0
177 3 5
546875.0
507812.5
177 3 5
546875.0
585937.5
177 3 5
507812.5
625000.0
177 3 5
625000.0
664062.5
177 3 5
664062.5
1093750.0
177 3 4
585937.5
546875.0
177 3 5
546875.0
585937.5
177 3 4
585937.5
507812.5
177 3 5
585937.5
703125.0
177 3 5
546875.0
703125.0
177 3 5
585937.5
546875.0
177 3 5
546875.0
625000.0
177 3 5
585937.5
664062.5
177 3 4
585937.5
742187.5
177 3 4
585937.5
585937.5
177 3 5
546875.0
546875.0
177 3 5
546875.0
546875.0
177 3 5
625000.0
742187.5
177 3 5
703125.0
742187.5
177 3 5
781250.0
1796875.0
177 3 4
507812.5
585937.5
177 3 4
664062.5
703125.0
177 3 5
585937.5
742187.5
177 3 4
625000.0
781250.0
177 3 5
625000.0
703125.0
177 3 4
1015625.0
742187.5
177 3 4
546875.0
1328125.0
177 3 5
585937.5
1328125.0
177 3 5
625000.0
1328125.0
316 3 5
1875000.0
1718750.0
316 3 5
1171875.0
1718750.0
177 3 5
898437.5
898437.5
316 3 5
1718750.0
1875000.0
316 3 5
1875000.0
2031250.0
316 3 5
1406250.0
1718750.0
316 3 5
1328125.0
1718750.0
316 3 5
1484375.0
1875000.0
316 3 5
1093750.0
1484375.0
316 3 5
1562500.0
1875000.0
316 3 5
1093750.0
1484375.0
316 3 5
1250000.0
1562500.0
316 3 5
1484375.0
2343750.0
316 3 5
1640625.0
2031250.0
316 3 5
1093750.0
1562500.0
316 3 5
1406250.0
2343750.0
316 3 5
1484375.0
2187500.0
316 3 5
1875000.0
8125000.0
316 3 5
1171875.0
1484375.0
316 3 5
1171875.0
2031250.0
316 3 5
1093750.0
1484375.0
316 3 5
1171875.0
1484375.0
316 3 5
2031250.0
6562500.0
316 3 5
1250000.0
2343750.0
316 3 5
1171875.0
2500000.0
316 3 5
1875000.0
4531250.0
316 3 5
2187500.0
6875000.0
316 3 5
1171875.0
2500000.0
316 3 5
1250000.0
2109375.0
316 3 5
2187500.0
5000000.0
316 3 5
1015625.0
1718750.0
316 3 5
2031250.0
2500000.0
316 3 5
1953125.0
2656250.0
562 3 5
1.25E7
5625000.0
562 3 5
2656250.0
4062500.0
562 3 5
3750000.0
4375000.0
562 3 5
3125000.0
4687500.0
562 3 5
3281250.0
4375000.0
562 3 5
3437500.0
9375000.0
562 3 5
2500000.0
5625000.0
562 3 5
3437500.0
9375000.0
562 3 5
2343750.0
4062500.0
562 3 5
3437500.0
9375000.0
562 3 5
2187500.0
4375000.0
562 3 5
3437500.0
5312500.0
562 3 5
2500000.0
4062500.0
562 3 5
2812500.0
5937500.0
562 3 5
2343750.0
4375000.0
562 3 5
2656250.0
7500000.0
562 3 5
2500000.0
3750000.0
562 3 5
2500000.0
6875000.0
562 3 5
2343750.0
5937500.0
562 3 5
3437500.0
1.6875E7
562 3 5
3437500.0
1.625E7
562 3 5
2500000.0
5937500.0
562 3 5
2343750.0
1.625E7
562 3 5
2343750.0
5312500.0
562 3 5
2343750.0
5625000.0
562 3 5
2187500.0
5312500.0
562 3 5
2343750.0
5625000.0
562 3 5
2187500.0
4375000.0
562 3 5
2500000.0
6250000.0
562 3 5
2812500.0
5000000.0
562 3 5
2968750.0
5937500.0
1000 3 5
4375000.0
1.5E7
1000 3 5
4375000.0
1.5E7
562 3 5
6093750.0
8750000.0
1000 3 5
5312500.0
1.5E7
1000 3 5
2.0E7
2.5E7
1000 3 5
5312500.0
1.375E7
1000 3 5
5312500.0
1.5E7
1000 3 5
6250000.0
1.375E7
1000 3 5
5000000.0
1.375E7
1000 3 5
1.0E7
2.75E7
1000 3 5
6875000.0
1.75E7
1000 3 5
1.0625E7
2.75E7
1000 3 5
6875000.0
1.625E7
1000 3 5
6250000.0
1.75E7
1000 3 5
7500000.0
1.875E7
1000 3 5
6875000.0
1.75E7
1000 3 5
5312500.0
1.375E7
1000 3 5
6875000.0
1.875E7
1000 3 5
7500000.0
2.0E7
1000 3 5
5937500.0
2.0E7
1000 3 5
1.1875E7
4.0E7
1000 3 5
7500000.0
2.0E7
1000 3 5
7187500.0
1.75E7
1000 3 5
6250000.0
1.75E7
1000 3 5
1.125E7
6.25E7
1000 3 5
6250000.0
2.5E7
1000 3 5
6875000.0
1.875E7
1000 3 5
1.3125E7
6.75E7
1000 3 5
5625000.0
1.1875E7
1000 3 5
6875000.0
1.75E7
1778 3 5
4.25E7
1.9E8
1778 3 5
6.0E7
1.2E8
1000 3 5
1.0625E7
4.0E7
1000 3 5
5312500.0
1.25E7
1778 3 5
9375000.0
3.75E7
1778 3 5
1.375E7
6.0E7
1778 3 5
1.75E7
4.5E7
1778 3 5
4.5E7
7.5E7
1778 3 5
1.5E7
4.5E7
1778 3 5
9375000.0
9.0E7
1778 3 5
1.375E7
1.2E8
1778 3 5
1.625E7
1.1E8
1778 3 5
8750000.0
5.0E7
1000 3 5
4687500.0
1.375E7
1778 3 5
9375000.0
4.25E7
1778 3 5
1.375E7
4.0E7
1778 3 5
2.25E7
5.5E7
1778 3 5
1.125E7
5.5E7
1778 3 5
1.1875E7
5.5E7
1778 3 5
1.375E7
6.0E7
1778 3 5
1.625E7
5.5E7
1778 3 5
1.125E7
6.0E7
1778 3 5
1.125E7
4.5E7
1778 3 5
8750000.0
4.0E7
1778 3 5
2.0E7
2.0E8
1778 3 5
1.125E7
6.5E7
1778 3 5
1.0625E7
3.75E7
1778 3 5
1.0625E7
6.5E7
1778 3 5
1.0625E7
4.0E7
1778 3 5
1.5E7
4.0E7
1778 3 5
1.5625E7
6.0E7
1778 3 5
8750000.0
8.75E7
1778 3 5
1.125E7
6.0E7
1778 3 5
1.1875E7
6.25E7
3162 3 5
1.625E7
1.6E8
3162 3 5
3.5E7
2.0E8
3162 3 5
2.375E7
2.3E8
3162 3 5
3.0E7
2.2E8
3162 3 5
3.5E7
1.8E8
3162 3 5
1.75E7
1.8E8
3162 3 5
2.75E7
2.0E8
3162 3 5
6.0E7
3.2E8
3162 3 5
6.5E7
3.0E8
3162 3 5
1.875E7
1.5E8
3162 3 5
2.75E7
1.6E8
3162 3 5
1.875E7
1.7E8
1778 3 5
2.4375E7
6.0E7
3162 3 5
1.2E8
3.2E8
3162 3 5
5.25E7
2.9E8
3162 3 5
2.125E7
1.9E8
3162 3 5
1.875E7
1.5E8
3162 3 5
1.875E7
1.6E8
3162 3 5
2.125E7
1.6E8
3162 3 5
2.25E7
2.3E8
3162 3 5
2.125E7
1.9E8
3162 3 5
2.125E7
1.9E8
3162 3 5
2.25E7
2.0E8
3162 3 5
1.875E7
1.5E8
3162 3 5
2.0E7
1.9E8
3162 3 5
2.5E7
2.1E8
3162 3 5
2.75E7
4.2E8
3162 3 5
2.375E7
2.5E8
3162 3 5
2.625E7
2.5E8
3162 3 5
2.75E7
4.3E8
3162 3 5
3.0E7
2.5E8
3162 3 5
3.0E7
3.7E8
3162 3 5
5.25E7
2.4E8
5623 3 5
3.75E7
5.0E8
5623 3 5
5.5E7
6.2E8
5623 3 5
3.75E7
4.9E8
5623 3 5
5.5E7
5.7E8
5623 3 5
3.75E7
5.6E8
5623 3 5
3.5E7
5.2E8
5623 3 5
4.5E7
5.4E8
5623 3 5
3.75E7
5.1E8
5623 3 5
1.3E8
5.6E8
5623 3 5
5.5E7
5.3E8
5623 3 5
3.75E7
4.7E8
5623 3 5
5.5E7
5.7E8
5623 3 5
3.5E7
5.2E8
5623 3 5
4.25E7
4.7E8
5623 3 5
5.5E7
5.5E8
5623 3 5
4.25E7
4.4E8
5623 3 5
4.0E7
5.8E8
5623 3 5
4.25E7
5.5E8
5623 3 5
4.0E7
5.9E8
5623 3 5
3.0E7
5.5E8
5623 3 5
5.5E7
6.0E8
5623 3 5
1.7E8
9.3E8
5623 3 5
1.1E8
1.1E9
5623 3 5
6.0E7
8.7E8
5623 3 5
3.75E7
5.3E8
5623 3 5
3.75E7
6.1E8
5623 3 5
2.1E8
9.0E8
5623 3 5
6.0E7
8.5E8
5623 3 5
4.0E7
5.2E8
5623 3 5
4.5E7
8.8E8
5623 3 5
9.0E7
9.1E8
5623 3 5
1.05E8
8.6E8
10000 3 5
7.0E7
1.66E9
10000 3 5
1.3E8
1.85E9
10000 3 5
1.1E8
2.01E9
10000 3 5
8.0E7
1.76E9
10000 3 5
7.0E7
1.89E9
10000 3 5
1.05E8
1.83E9
10000 3 5
8.5E7
1.74E9
10000 3 5
9.0E7
1.71E9
10000 3 5
1.2E8
2.01E9
10000 3 5
8.0E7
1.95E9
10000 3 5
8.0E7
1.82E9
10000 3 5
8.5E7
1.72E9
10000 3 5
9.5E7
1.8E9
10000 3 5
8.0E7
1.84E9
10000 3 5
8.5E7
1.99E9
10000 3 5
7.0E7
1.96E9
10000 3 5
1.0E8
1.79E9
10000 3 5
7.5E7
1.71E9
10000 3 5
9.5E7
2.2E9
10000 3 5
7.5E7
2.01E9
10000 3 5
8.5E7
1.85E9
10000 3 5
1.8E8
1.9E9
10000 3 5
9.0E7
1.84E9
10000 3 5
1.25E8
1.82E9
10000 3 5
1.2E8
2.22E9
10000 3 5
1.5E8
2.39E9
10000 3 5
1.3E8
2.31E9
10000 3 5
1.4E8
2.49E9
10000 3 5
1.3E8
2.43E9
10000 3 5
1.5E8
2.58E9
10000 3 5
2.1E8
2.18E9
10000 3 5
2.2E8
2.66E9
17782 3 5
1.8E8
5.97E9
17782 3 5
1.7E8
6.29E9
17782 3 5
1.9E8
5.72E9
17782 3 5
1.8E8
6.64E9
17782 3 5
3.5E8
6.21E9
17782 3 5
3.5E8
6.02E9
17782 3 5
2.0E8
6.66E9
17782 3 5
1.5E8
6.67E9
17782 3 5
2.1E8
6.63E9
17782 3 5
1.6E8
7.02E9
17782 3 5
2.8E8
6.6E9
17782 3 5
1.7E8
5.88E9
17782 3 5
3.2E8
7.01E9
17782 3 5
2.7E8
7.53E9
17782 3 5
2.3E8
7.56E9
17782 3 5
1.8E8
7.84E9
17782 3 5
1.7E8
8.08E9
17782 3 5
1.7E8
8.6E9
17782 3 5
1.4E8
8.93E9
17782 3 5
2.1E8
8.3E9
17782 3 5
2.6E8
9.01E9
17782 3 5
4.5E8
7.83E9
17782 3 5
4.0E8
9.22E9
17782 3 5
1.9E8
9.03E9
17782 3 5
2.9E8
8.84E9
17782 3 5
1.9E8
9.52E9
17782 3 5
1.4E8
9.56E9
17782 3 5
3.5E8
9.12E9
17782 3 5
2.6E8
9.08E9
17782 3 5
2.2E8
1.011E10
17782 3 5
2.4E8
9.71E9
17782 3 5
2.0E8
1.16E10
31622 3 5
3.0E8
2.095E10
31622 3 5
3.1E8
2.223E10
31622 3 5
3.7E8
2.061E10
31622 3 5
3.7E8
2.119E10
31622 3 5
2.9E8
2.527E10
31622 3 5
3.0E8
2.604E10
31622 3 5
4.0E8
2.545E10
31622 3 5
3.6E8
2.416E10
31622 3 5
3.8E8
2.361E10
31622 3 5
4.7E8
2.34E10
31622 3 5
3.2E8
2.678E10
31622 3 5
5.2E8
2.738E10
31622 3 5
2.6E8
2.703E10
31622 3 5
3.2E8
2.599E10
31622 3 5
4.0E8
2.58E10
31622 3 5
3.4E8
2.807E10
31622 3 5
3.8E8
2.807E10
31622 3 5
3.8E8
2.826E10
31622 3 5
3.5E8
2.847E10
31622 3 5
3.8E8
2.498E10
31622 3 5
4.1E8
2.602E10
31622 3 5
3.6E8
2.967E10
31622 3 5
3.3E8
2.491E10
31622 3 5
5.1E8
2.825E10
31622 3 5
4.0E8
2.854E10
31622 3 5
5.4E8
2.904E10
31622 3 5
3.0E8
3.143E10
31622 3 5
3.7E8
3.195E10
31622 3 5
3.1E8
3.464E10
31622 3 5
3.7E8
3.33E10
31622 3 5
4.4E8
3.378E10
31622 3 5
3.3E8
3.715E10
56234 3 5
8.7E8
6.11E10
56234 3 5
6.3E8
7.98E10
56234 3 5
1.06E9
8.681E10
56234 3 5
6.9E8
1.0133E11
56234 3 5
8.6E8
1.0339E11
56234 3 5
8.2E8
1.0612E11
56234 3 5
8.7E8
1.133E11
56234 3 5
8.8E8
1.0572E11
56234 3 5
6.3E8
1.115E11
56234 3 5
8.1E8
1.0931E11
56234 3 5
6.4E8
1.1398E11
56234 3 5
7.3E8
1.0238E11
56234 3 5
7.7E8
1.1376E11
56234 3 5
8.1E8
1.156E11
56234 3 5
7.3E8
1.0129E11
56234 3 5
8.8E8
1.1529E11
56234 3 5
7.9E8
1.2066E11
56234 3 5
9.0E8
1.1549E11
56234 3 5
7.4E8
1.1893E11
56234 3 5
1.04E9
1.1803E11
56234 3 5
7.4E8
1.1869E11
56234 3 5
7.3E8
1.1489E11
56234 3 5
9.4E8
1.1339E11
56234 3 5
6.1E8
1.1464E11
56234 3 5
7.2E8
1.172E11
56234 3 5
9.8E8
1.149E11
56234 3 5
1.03E9
1.1746E11
56234 3 5
8.6E8
1.2378E11
56234 3 5
1.32E9
1.273E11
56234 3 5
7.5E8
1.2176E11
56234 3 5
8.6E8
1.2881E11
56234 3 5
8.5E8
1.4088E11
100000 3 5
1.45E9
3.0461E11
100000 3 5
1.36E9
3.1217E11
100000 3 5
1.32E9
3.791E11
100000 3 5
1.54E9
3.312E11
100000 3 5
1.73E9
3.4509E11
100000 3 5
1.27E9
3.4637E11
100000 3 5
1.61E9
3.5941E11
100000 3 5
1.28E9
3.6058E11
100000 3 5
1.55E9
3.5737E11
100000 3 5
1.53E9
3.4132E11
100000 3 5
1.46E9
3.6729E11
100000 3 5
1.57E9
3.6793E11
100000 3 5
1.95E9
3.6409E11
100000 3 5
1.34E9
3.6076E11
100000 3 5
1.57E9
3.6342E11
100000 3 5
1.37E9
3.6178E11
100000 3 5
1.5E9
3.599E11
100000 3 5
1.3E9
4.0612E11
100000 3 5
1.38E9
3.6958E11
100000 3 5
1.54E9
3.6296E11
100000 3 5
1.53E9
3.7439E11
100000 3 5
1.49E9
3.6994E11
100000 3 5
1.62E9
3.6595E11
100000 3 5
1.34E9
3.6606E11
100000 3 5
1.37E9
3.7124E11
100000 3 5
1.54E9
3.7209E11
100000 3 5
1.86E9
3.7772E11
100000 3 5
1.13E9
4.1154E11
100000 3 5
1.58E9
3.7293E11
100000 3 5
1.19E9
3.5686E11
100000 3 5
1.45E9
4.0579E11
100000 3 5
1.4E9
3.789E11
