100 4 3
371093.75
273437.5
100 4 2
371093.75
292968.75
100 4 3
371093.75
273437.5
100 4 3
390625.0
332031.25
100 4 3
371093.75
292968.75
100 4 2
390625.0
312500.0
100 4 2
371093.75
292968.75
100 4 3
371093.75
273437.5
100 4 3
468750.0
292968.75
100 4 3
371093.75
292968.75
100 4 2
371093.75
312500.0
100 4 3
371093.75
292968.75
100 4 3
371093.75
312500.0
100 4 3
410156.25
312500.0
100 4 2
371093.75
312500.0
100 4 2
390625.0
292968.75
100 4 3
371093.75
292968.75
100 4 3
371093.75
312500.0
100 4 2
371093.75
292968.75
100 4 2
390625.0
292968.75
100 4 3
390625.0
292968.75
100 4 3
371093.75
312500.0
100 4 3
371093.75
332031.25
100 4 2
371093.75
292968.75
100 4 3
371093.75
273437.5
100 4 3
351562.5
312500.0
100 4 2
390625.0
332031.25
100 4 2
371093.75
332031.25
100 4 3
371093.75
312500.0
100 4 3
449218.75
332031.25
100 4 3
390625.0
292968.75
100 4 2
429687.5
273437.5
177 4 3
937500.0
859375.0
177 4 3
859375.0
859375.0
177 4 3
937500.0
859375.0
177 4 3
859375.0
859375.0
177 4 3
937500.0
937500.0
177 4 3
937500.0
859375.0
177 4 3
859375.0
859375.0
177 4 3
859375.0
859375.0
177 4 3
859375.0
859375.0
177 4 3
859375.0
859375.0
177 4 3
859375.0
859375.0
177 4 3
859375.0
859375.0
177 4 3
937500.0
859375.0
177 4 4
937500.0
742187.5
177 4 3
859375.0
820312.5
177 4 3
937500.0
703125.0
177 4 3
937500.0
742187.5
177 4 3
859375.0
820312.5
177 4 3
859375.0
703125.0
177 4 3
937500.0
742187.5
177 4 3
859375.0
781250.0
177 4 3
859375.0
781250.0
177 4 3
859375.0
820312.5
177 4 3
859375.0
742187.5
177 4 3
937500.0
820312.5
177 4 2
937500.0
859375.0
177 4 3
859375.0
781250.0
177 4 3
859375.0
820312.5
177 4 3
859375.0
781250.0
177 4 3
937500.0
859375.0
177 4 3
859375.0
820312.5
177 4 3
937500.0
859375.0
316 4 4
2031250.0
2187500.0
316 4 3
2031250.0
2031250.0
316 4 4
2187500.0
2031250.0
316 4 4
2187500.0
2187500.0
316 4 3
2031250.0
2343750.0
316 4 3
2187500.0
2343750.0
316 4 3
2031250.0
2187500.0
316 4 3
2031250.0
2500000.0
316 4 3
2031250.0
2500000.0
316 4 3
2031250.0
2187500.0
316 4 4
2031250.0
2187500.0
316 4 4
1875000.0
2187500.0
316 4 3
2031250.0
2343750.0
316 4 4
2031250.0
2343750.0
316 4 4
1875000.0
2187500.0
316 4 3
2187500.0
2343750.0
316 4 3
1875000.0
2031250.0
316 4 4
2187500.0
2031250.0
316 4 3
2031250.0
2343750.0
316 4 4
2031250.0
2187500.0
316 4 3
2031250.0
2031250.0
316 4 3
2187500.0
2187500.0
316 4 3
2187500.0
2500000.0
316 4 4
2031250.0
2187500.0
316 4 3
2343750.0
2343750.0
316 4 4
2031250.0
2187500.0
316 4 4
2031250.0
2031250.0
316 4 3
2187500.0
2343750.0
316 4 4
2187500.0
2187500.0
316 4 4
1875000.0
2343750.0
316 4 3
2343750.0
2343750.0
316 4 4
2343750.0
2343750.0
562 4 4
5000000.0
6875000.0
562 4 4
4687500.0
6875000.0
562 4 4
4687500.0
7500000.0
562 4 4
5312500.0
6562500.0
562 4 4
5000000.0
6875000.0
562 4 4
5000000.0
6875000.0
562 4 4
4687500.0
6875000.0
562 4 4
4687500.0
6875000.0
562 4 4
4687500.0
6562500.0
562 4 4
4375000.0
6875000.0
562 4 4
5000000.0
6250000.0
562 4 4
5312500.0
6875000.0
562 4 4
4687500.0
6875000.0
562 4 4
5000000.0
6875000.0
562 4 4
5000000.0
6875000.0
562 4 4
5000000.0
6875000.0
562 4 4
5000000.0
6250000.0
562 4 4
5625000.0
6875000.0
562 4 4
5000000.0
6875000.0
562 4 4
4687500.0
5625000.0
562 4 5
5000000.0
5937500.0
562 4 4
4375000.0
5937500.0
562 4 4
5000000.0
5625000.0
562 4 4
4687500.0
5937500.0
562 4 4
5000000.0
5625000.0
562 4 4
4687500.0
6562500.0
562 4 4
4687500.0
6562500.0
562 4 4
5312500.0
5937500.0
562 4 4
5000000.0
5937500.0
562 4 4
5625000.0
6562500.0
562 4 4
5312500.0
6250000.0
562 4 4
5937500.0
5937500.0
1000 4 5
1.0625E7
1.75E7
1000 4 5
1.0625E7
2.0E7
1000 4 5
1.0625E7
1.875E7
1000 4 5
1.125E7
1.875E7
1000 4 5
1.125E7
1.875E7
1000 4 4
1.0625E7
1.625E7
1000 4 5
1.125E7
2.0E7
1000 4 5
1.0E7
1.875E7
1000 4 4
1.125E7
1.875E7
1000 4 5
1.125E7
1.75E7
1000 4 4
1.0625E7
2.25E7
1000 4 4
1.125E7
1.75E7
1000 4 4
1.0625E7
1.625E7
1000 4 5
1.125E7
2.25E7
1000 4 4
1.0625E7
2.0E7
1000 4 5
1.0625E7
1.75E7
1000 4 5
1.125E7
1.875E7
1000 4 5
1.125E7
1.75E7
1000 4 4
1.125E7
2.125E7
1000 4 4
1.125E7
1.75E7
1000 4 5
1.0625E7
1.5E7
1000 4 5
1.1875E7
2.0E7
1000 4 5
1.0625E7
1.625E7
1000 4 5
1.3125E7
1.625E7
1000 4 4
1.1875E7
1.875E7
1000 4 5
1.3125E7
2.125E7
1000 4 4
1.125E7
1.75E7
1000 4 4
1.25E7
1.875E7
1000 4 5
1.375E7
1.875E7
1000 4 5
1.4375E7
1.875E7
1000 4 4
1.3125E7
1.875E7
1778 4 6
2.75E7
4.25E7
1778 4 5
2.75E7
4.5E7
1000 4 5
1.3125E7
1.5E7
1778 4 5
2.75E7
4.5E7
1778 4 6
2.75E7
4.25E7
1778 4 5
2.75E7
4.5E7
1778 4 5
3.0E7
5.25E7
1778 4 6
2.5E7
5.5E7
1778 4 5
2.375E7
4.5E7
1778 4 5
2.5E7
4.5E7
1778 4 5
2.5E7
4.5E7
1778 4 5
2.75E7
4.5E7
1778 4 6
2.75E7
5.25E7
1778 4 5
2.75E7
6.0E7
1778 4 5
2.25E7
4.5E7
1778 4 5
2.375E7
4.0E7
1778 4 5
2.25E7
4.25E7
1778 4 5
2.625E7
5.0E7
1778 4 5
2.375E7
5.0E7
1778 4 5
2.75E7
5.0E7
1778 4 5
2.625E7
5.25E7
1778 4 6
2.5E7
4.5E7
1778 4 5
2.5E7
4.25E7
1778 4 6
2.5E7
4.75E7
3162 4 6
5.5E7
1.6E8
1778 4 5
2.125E7
4.5E7
3162 4 6
6.0E7
1.9E8
1778 4 6
2.625E7
4.5E7
1778 4 5
2.75E7
4.25E7
1778 4 6
2.5E7
4.25E7
1778 4 6
2.75E7
5.0E7
3162 4 6
6.5E7
1.7E8
3162 4 6
5.5E7
1.7E8
3162 4 6
5.5E7
1.8E8
3162 4 6
5.5E7
1.7E8
3162 4 6
5.5E7
1.7E8
1778 4 5
2.75E7
5.25E7
3162 4 6
5.25E7
1.5E8
3162 4 6
5.5E7
1.8E8
3162 4 6
5.5E7
1.4E8
3162 4 6
6.0E7
1.9E8
3162 4 6
5.5E7
1.7E8
3162 4 6
5.5E7
1.8E8
1778 4 5
2.875E7
5.0E7
3162 4 6
5.5E7
1.4E8
3162 4 6
6.0E7
1.8E8
1778 4 5
2.5E7
4.75E7
1778 4 5
2.75E7
5.25E7
3162 4 6
6.0E7
1.7E8
3162 4 6
6.0E7
1.7E8
3162 4 6
5.5E7
1.8E8
3162 4 5
6.0E7
1.8E8
3162 4 6
6.0E7
1.6E8
3162 4 6
5.0E7
1.5E8
3162 4 6
5.0E7
1.6E8
3162 4 6
5.0E7
1.5E8
3162 4 6
6.0E7
1.5E8
3162 4 6
5.5E7
1.8E8
3162 4 6
5.5E7
1.7E8
3162 4 7
5.5E7
1.5E8
3162 4 6
7.0E7
1.7E8
3162 4 6
5.0E7
1.8E8
3162 4 5
5.5E7
1.9E8
3162 4 6
5.75E7
2.1E8
3162 4 6
6.25E7
2.1E8
5623 4 7
1.1E8
4.7E8
5623 4 6
1.1E8
4.7E8
5623 4 7
1.1E8
4.6E8
5623 4 7
1.1E8
4.7E8
5623 4 6
1.2E8
5.4E8
5623 4 7
1.2E8
5.6E8
5623 4 7
1.1E8
5.6E8
5623 4 7
1.1E8
5.5E8
5623 4 7
1.1E8
5.7E8
5623 4 7
1.3E8
4.9E8
5623 4 6
1.2E8
5.6E8
5623 4 7
1.2E8
5.7E8
5623 4 7
1.1E8
5.7E8
5623 4 6
1.3E8
4.8E8
5623 4 6
1.4E8
5.6E8
5623 4 7
1.3E8
5.8E8
5623 4 7
1.1E8
5.5E8
5623 4 7
1.2E8
4.7E8
5623 4 7
1.4E8
5.4E8
5623 4 7
1.2E8
4.9E8
5623 4 7
1.2E8
5.6E8
5623 4 6
1.1E8
5.9E8
5623 4 6
1.1E8
5.5E8
5623 4 7
1.3E8
5.2E8
5623 4 7
1.4E8
5.6E8
5623 4 6
1.5E8
4.9E8
5623 4 7
1.35E8
5.1E8
5623 4 7
1.4E8
5.2E8
5623 4 7
1.3E8
5.6E8
5623 4 6
1.4E8
5.1E8
5623 4 6
1.5E8
5.1E8
5623 4 7
1.4E8
4.9E8
10000 4 8
2.1E8
1.36E9
10000 4 8
2.0E8
1.39E9
10000 4 8
2.2E8
1.39E9
10000 4 8
2.6E8
1.43E9
10000 4 7
2.2E8
1.38E9
10000 4 8
2.3E8
1.43E9
10000 4 8
2.3E8
1.65E9
10000 4 8
2.4E8
1.72E9
10000 4 8
2.6E8
1.68E9
10000 4 8
2.4E8
1.39E9
10000 4 8
2.7E8
1.52E9
10000 4 7
2.6E8
1.66E9
10000 4 7
2.6E8
1.71E9
10000 4 8
2.6E8
1.69E9
10000 4 8
2.5E8
1.73E9
10000 4 7
2.7E8
1.77E9
10000 4 7
2.7E8
1.65E9
10000 4 8
2.3E8
1.6E9
10000 4 7
2.7E8
1.67E9
10000 4 7
2.7E8
1.72E9
10000 4 7
2.7E8
1.7E9
10000 4 7
2.5E8
1.83E9
10000 4 7
2.8E8
1.67E9
10000 4 8
2.9E8
1.76E9
10000 4 7
2.9E8
1.7E9
10000 4 7
2.9E8
1.59E9
10000 4 7
3.0E8
1.63E9
10000 4 8
3.2E8
1.68E9
10000 4 7
2.8E8
1.61E9
10000 4 7
3.4E8
1.81E9
10000 4 8
3.1E8
1.64E9
10000 4 8
3.1E8
1.84E9
17782 4 8
5.0E8
3.86E9
17782 4 9
5.4E8
4.4E9
17782 4 8
5.3E8
4.64E9
17782 4 9
5.4E8
4.6E9
17782 4 8
5.3E8
4.89E9
17782 4 9
5.3E8
4.78E9
17782 4 8
5.1E8
4.85E9
17782 4 9
5.3E8
4.85E9
17782 4 8
6.3E8
5.16E9
17782 4 9
5.3E8
5.44E9
17782 4 8
5.5E8
5.26E9
17782 4 9
5.3E8
5.23E9
17782 4 8
5.4E8
5.07E9
17782 4 8
5.8E8
5.24E9
17782 4 8
5.3E8
5.11E9
17782 4 9
6.4E8
5.44E9
17782 4 8
5.6E8
5.07E9
17782 4 9
5.3E8
6.28E9
17782 4 8
5.2E8
6.27E9
17782 4 9
5.4E8
6.32E9
17782 4 9
5.9E8
5.83E9
17782 4 9
5.1E8
6.1E9
17782 4 10
5.8E8
5.89E9
17782 4 8
5.3E8
5.84E9
17782 4 9
5.1E8
6.39E9
17782 4 9
5.7E8
6.26E9
17782 4 9
5.2E8
7.34E9
17782 4 8
6.1E8
7.64E9
17782 4 9
5.2E8
8.09E9
17782 4 9
7.5E8
7.89E9
17782 4 9
7.4E8
8.36E9
17782 4 9
7.5E8
8.06E9
31622 4 10
1.12E9
1.487E10
31622 4 10
1.11E9
1.588E10
31622 4 11
1.07E9
1.656E10
31622 4 10
1.2E9
1.681E10
31622 4 10
1.08E9
1.831E10
31622 4 10
9.8E8
1.748E10
31622 4 10
1.17E9
1.637E10
31622 4 10
1.12E9
1.891E10
31622 4 10
1.11E9
1.847E10
31622 4 10
1.14E9
1.886E10
31622 4 10
1.43E9
1.515E10
31622 4 10
1.05E9
1.956E10
31622 4 10
1.19E9
1.827E10
31622 4 10
1.21E9
1.883E10
31622 4 9
1.14E9
1.914E10
31622 4 10
1.35E9
1.613E10
31622 4 10
1.37E9
1.675E10
31622 4 10
1.1E9
2.009E10
31622 4 10
1.15E9
2.135E10
31622 4 10
1.47E9
1.736E10
31622 4 10
1.42E9
2.071E10
31622 4 10
1.14E9
2.367E10
31622 4 10
1.31E9
2.089E10
31622 4 10
1.24E9
2.221E10
31622 4 10
1.45E9
1.95E10
31622 4 10
1.18E9
2.47E10
31622 4 10
1.4E9
2.43E10
31622 4 11
1.34E9
2.348E10
31622 4 10
1.31E9
2.438E10
31622 4 10
1.2E9
2.601E10
31622 4 10
1.47E9
2.663E10
31622 4 10
1.31E9
2.584E10
56234 4 11
2.32E9
5.913E10
56234 4 11
2.2E9
5.392E10
56234 4 11
2.18E9
6.74E10
56234 4 11
3.16E9
6.557E10
56234 4 11
2.47E9
6.748E10
56234 4 11
2.37E9
6.678E10
56234 4 12
2.36E9
6.486E10
56234 4 11
2.62E9
7.077E10
56234 4 11
2.36E9
7.41E10
56234 4 12
2.26E9
7.165E10
56234 4 11
2.2E9
6.946E10
56234 4 11
2.47E9
7.306E10
56234 4 11
3.35E9
7.192E10
56234 4 12
2.44E9
6.888E10
56234 4 12
2.45E9
7.157E10
56234 4 12
2.28E9
7.44E10
56234 4 11
2.74E9
7.417E10
56234 4 11
2.38E9
7.68E10
56234 4 11
2.57E9
6.85E10
56234 4 12
2.38E9
6.997E10
56234 4 11
2.45E9
7.721E10
56234 4 12
2.48E9
7.611E10
56234 4 11
2.75E9
7.076E10
56234 4 11
2.26E9
7.715E10
56234 4 11
2.25E9
6.909E10
56234 4 12
2.49E9
7.621E10
56234 4 11
2.85E9
7.823E10
56234 4 11
2.58E9
8.291E10
56234 4 12
2.71E9
7.603E10
56234 4 11
2.74E9
8.059E10
56234 4 11
2.63E9
8.275E10
56234 4 11
2.54E9
8.442E10
100000 4 12
5.29E9
1.8569E11
100000 4 13
6.46E9
1.9402E11
100000 4 13
5.67E9
1.9716E11
100000 4 13
5.33E9
1.9952E11
100000 4 13
4.86E9
1.9525E11
100000 4 13
4.97E9
2.0541E11
100000 4 13
4.77E9
2.1888E11
100000 4 13
5.2E9
2.2339E11
100000 4 13
5.42E9
2.0969E11
100000 4 12
4.81E9
2.1805E11
100000 4 13
5.13E9
2.2579E11
100000 4 13
5.34E9
2.2226E11
100000 4 13
5.35E9
2.3088E11
100000 4 12
5.59E9
2.1802E11
100000 4 13
5.74E9
2.3142E11
100000 4 12
4.55E9
2.2157E11
100000 4 13
5.82E9
2.3108E11
100000 4 13
4.96E9
2.2737E11
100000 4 13
6.09E9
2.2644E11
100000 4 12
4.56E9
2.1466E11
100000 4 13
6.23E9
2.2014E11
100000 4 12
5.5E9
2.3383E11
100000 4 13
5.52E9
2.2663E11
100000 4 13
5.87E9
2.3299E11
100000 4 13
5.53E9
2.3258E11
100000 4 13
6.0E9
2.3189E11
100000 4 13
5.17E9
2.3742E11
100000 4 13
5.21E9
2.3928E11
100000 4 13
5.26E9
2.5168E11
100000 4 13
5.97E9
2.4345E11
100000 4 13
5.25E9
2.3408E11
100000 4 13
5.95E9
2.4696E11
