100 7 1
546875.0
429687.5
100 7 1
507812.5
429687.5
100 7 2
546875.0
429687.5
100 7 1
546875.0
429687.5
100 7 2
585937.5
429687.5
100 7 1
546875.0
429687.5
100 7 1
546875.0
429687.5
100 7 1
546875.0
429687.5
100 7 1
546875.0
429687.5
100 7 1
546875.0
468750.0
100 7 1
546875.0
429687.5
100 7 1
625000.0
429687.5
100 7 1
546875.0
429687.5
100 7 1
546875.0
429687.5
100 7 1
546875.0
429687.5
100 7 1
585937.5
429687.5
100 7 1
546875.0
429687.5
100 7 1
625000.0
429687.5
100 7 2
546875.0
390625.0
100 7 1
585937.5
371093.75
100 7 1
507812.5
371093.75
100 7 2
585937.5
371093.75
100 7 1
546875.0
390625.0
100 7 1
546875.0
410156.25
100 7 1
585937.5
390625.0
100 7 1
585937.5
410156.25
100 7 1
585937.5
410156.25
100 7 1
546875.0
410156.25
100 7 1
585937.5
390625.0
100 7 1
585937.5
371093.75
100 7 1
625000.0
390625.0
100 7 1
468750.0
390625.0
177 7 1
1718750.0
1093750.0
177 7 2
1718750.0
1015625.0
177 7 2
1328125.0
1171875.0
177 7 1
1406250.0
1015625.0
177 7 1
1562500.0
1171875.0
177 7 1
1484375.0
1093750.0
177 7 1
1484375.0
1093750.0
177 7 1
1484375.0
1250000.0
177 7 1
1562500.0
1171875.0
177 7 2
1406250.0
1718750.0
177 7 2
1406250.0
1250000.0
177 7 1
1484375.0
1328125.0
177 7 2
1328125.0
1875000.0
177 7 1
1328125.0
1171875.0
177 7 1
1406250.0
1171875.0
177 7 1
1484375.0
1640625.0
177 7 1
1484375.0
1093750.0
177 7 2
1484375.0
1640625.0
177 7 1
1484375.0
1640625.0
177 7 2
1406250.0
1093750.0
177 7 2
1406250.0
1093750.0
177 7 1
1406250.0
1015625.0
177 7 1
1484375.0
1015625.0
177 7 2
1406250.0
1015625.0
177 7 2
1406250.0
1015625.0
177 7 2
1562500.0
1015625.0
177 7 1
1484375.0
1093750.0
177 7 1
1484375.0
1015625.0
177 7 2
1562500.0
1093750.0
177 7 2
1718750.0
1015625.0
177 7 1
1484375.0
1093750.0
177 7 2
1484375.0
1093750.0
316 7 1
3750000.0
3437500.0
316 7 1
4375000.0
3125000.0
316 7 2
3750000.0
3437500.0
316 7 1
3750000.0
3593750.0
316 7 2
3750000.0
3750000.0
316 7 2
3750000.0
3281250.0
316 7 1
3750000.0
3437500.0
316 7 2
3750000.0
3593750.0
316 7 2
3750000.0
4062500.0
316 7 2
3750000.0
3281250.0
316 7 1
4062500.0
3281250.0
316 7 1
3750000.0
3750000.0
316 7 2
3750000.0
3593750.0
316 7 2
3750000.0
4062500.0
316 7 2
3750000.0
3281250.0
316 7 2
3750000.0
3281250.0
316 7 2
3437500.0
4375000.0
316 7 1
3750000.0
3125000.0
316 7 1
3437500.0
3750000.0
316 7 2
3750000.0
3750000.0
316 7 2
3437500.0
3750000.0
316 7 1
3750000.0
3750000.0
316 7 1
3750000.0
4062500.0
316 7 1
3750000.0
3906250.0
316 7 1
3750000.0
4062500.0
316 7 2
3750000.0
4218750.0
316 7 2
4062500.0
4062500.0
316 7 2
3750000.0
2968750.0
316 7 2
3750000.0
2968750.0
316 7 1
3750000.0
3125000.0
316 7 1
4375000.0
2968750.0
316 7 1
4375000.0
2968750.0
562 7 2
1.0E7
9375000.0
562 7 2
9375000.0
1.0E7
562 7 1
1.0E7
1.1875E7
562 7 2
8750000.0
1.375E7
562 7 2
9375000.0
1.0625E7
562 7 2
9375000.0
1.375E7
562 7 2
9375000.0
1.375E7
562 7 2
1.0E7
1.375E7
562 7 2
1.0E7
1.375E7
562 7 2
9375000.0
1.3125E7
562 7 2
9375000.0
9375000.0
562 7 2
9375000.0
1.0625E7
562 7 2
1.0E7
9375000.0
562 7 2
9375000.0
1.0E7
562 7 1
9375000.0
1.125E7
562 7 2
1.0E7
1.0E7
562 7 2
9375000.0
9375000.0
562 7 2
1.0E7
8125000.0
562 7 2
9375000.0
8750000.0
562 7 2
9375000.0
1.125E7
562 7 2
9375000.0
8125000.0
562 7 2
9375000.0
8750000.0
562 7 2
9375000.0
8750000.0
562 7 2
9375000.0
8750000.0
562 7 2
9375000.0
9375000.0
562 7 2
9375000.0
9375000.0
562 7 2
1.125E7
8750000.0
562 7 2
1.0625E7
8125000.0
562 7 2
1.0E7
8125000.0
562 7 2
1.0E7
8750000.0
562 7 2
1.0625E7
8125000.0
562 7 2
1.0E7
8750000.0
1000 7 2
2.375E7
3.25E7
1000 7 2
2.75E7
2.875E7
1000 7 2
2.375E7
6.0E7
1000 7 2
2.25E7
7.0E7
1000 7 2
2.375E7
3.25E7
1000 7 2
2.25E7
7.0E7
1000 7 2
2.25E7
6.5E7
1000 7 2
2.375E7
6.0E7
1000 7 2
2.375E7
3.0E7
1000 7 2
2.375E7
2.75E7
1000 7 2
2.375E7
2.75E7
1000 7 2
2.5E7
2.75E7
1000 7 2
2.375E7
3.0E7
1000 7 2
2.5E7
2.75E7
1000 7 2
2.5E7
3.0E7
1000 7 2
2.5E7
2.75E7
1000 7 2
2.375E7
3.0E7
1000 7 2
3.0E7
2.75E7
1000 7 2
2.375E7
3.0E7
1000 7 2
2.375E7
2.5E7
1000 7 2
2.5E7
3.0E7
1000 7 2
2.875E7
3.25E7
1000 7 2
2.5E7
2.75E7
1000 7 2
2.25E7
2.625E7
1000 7 2
2.5E7
2.75E7
1000 7 2
2.375E7
2.75E7
1778 7 2
5.5E7
1.1E8
1778 7 2
6.0E7
1.1E8
1000 7 2
2.5E7
2.875E7
1000 7 2
2.375E7
2.75E7
1000 7 2
2.375E7
2.875E7
1778 7 2
5.5E7
8.0E7
1778 7 2
5.5E7
8.5E7
1000 7 2
2.5E7
2.875E7
1778 7 2
6.0E7
8.5E7
1778 7 2
6.0E7
7.5E7
1000 7 2
2.5E7
3.25E7
1778 7 2
6.0E7
8.5E7
1778 7 2
6.0E7
8.0E7
1778 7 2
5.5E7
8.5E7
1778 7 2
6.0E7
9.5E7
1778 7 2
5.5E7
9.0E7
1778 7 2
6.5E7
7.5E7
1778 7 2
6.0E7
8.5E7
1778 7 2
6.0E7
1.2E8
1778 7 2
5.5E7
8.5E7
1778 7 2
6.0E7
8.0E7
1000 7 2
2.5E7
2.75E7
1778 7 2
6.0E7
1.4E8
1778 7 2
6.5E7
1.1E8
1778 7 2
5.5E7
1.1E8
1778 7 2
7.5E7
1.5E8
1778 7 2
5.5E7
9.5E7
1778 7 2
5.5E7
1.0E8
1778 7 2
6.0E7
9.0E7
1778 7 2
6.0E7
9.0E7
1778 7 2
5.5E7
1.0E8
1778 7 2
5.5E7
1.25E8
1778 7 2
6.0E7
1.15E8
1778 7 2
6.5E7
9.5E7
1778 7 2
6.5E7
1.1E8
1778 7 2
5.75E7
9.5E7
1778 7 2
5.75E7
8.5E7
1778 7 2
5.5E7
8.5E7
3162 7 2
1.5E8
2.8E8
3162 7 2
1.3E8
2.7E8
3162 7 2
1.5E8
2.9E8
3162 7 2
1.3E8
2.9E8
3162 7 2
1.5E8
2.6E8
3162 7 2
1.6E8
2.9E8
3162 7 2
1.4E8
3.1E8
3162 7 2
1.3E8
3.1E8
3162 7 2
1.4E8
3.0E8
3162 7 2
1.8E8
2.9E8
3162 7 2
1.5E8
2.5E8
3162 7 2
1.5E8
2.7E8
3162 7 2
1.6E8
3.1E8
3162 7 2
1.6E8
2.9E8
3162 7 2
1.8E8
3.4E8
3162 7 2
1.5E8
3.0E8
3162 7 2
1.5E8
3.0E8
3162 7 2
1.6E8
3.0E8
3162 7 2
1.5E8
3.0E8
3162 7 2
1.5E8
2.8E8
3162 7 2
1.4E8
3.0E8
3162 7 2
1.5E8
3.8E8
3162 7 2
1.5E8
3.0E8
3162 7 2
1.6E8
3.0E8
3162 7 2
1.4E8
3.9E8
3162 7 2
1.5E8
2.6E8
3162 7 2
1.6E8
2.6E8
3162 7 2
1.6E8
2.9E8
3162 7 2
1.5E8
3.7E8
3162 7 2
1.5E8
3.6E8
3162 7 2
1.5E8
2.5E8
3162 7 2
1.6E8
3.3E8
5623 7 2
3.4E8
9.6E8
5623 7 2
3.8E8
9.6E8
5623 7 2
3.4E8
1.0E9
5623 7 3
3.3E8
1.04E9
5623 7 2
3.3E8
9.7E8
5623 7 2
3.3E8
1.05E9
5623 7 2
3.3E8
1.05E9
5623 7 2
3.3E8
1.03E9
5623 7 3
3.4E8
1.0E9
5623 7 2
3.6E8
1.0E9
5623 7 2
3.5E8
1.01E9
5623 7 2
3.4E8
1.18E9
5623 7 2
3.4E8
1.02E9
5623 7 2
3.3E8
1.25E9
5623 7 2
3.5E8
1.0E9
5623 7 2
3.5E8
1.02E9
5623 7 2
3.4E8
1.15E9
5623 7 2
3.5E8
9.7E8
5623 7 2
3.4E8
1.47E9
5623 7 3
3.5E8
1.48E9
5623 7 2
3.6E8
1.4E9
5623 7 2
3.3E8
1.27E9
5623 7 2
3.5E8
1.21E9
5623 7 2
3.4E8
1.45E9
5623 7 2
3.3E8
1.48E9
5623 7 2
3.5E8
1.21E9
5623 7 2
3.5E8
1.22E9
5623 7 2
3.6E8
1.44E9
5623 7 2
3.4E8
1.27E9
5623 7 2
3.7E8
1.39E9
5623 7 2
5.1E8
1.18E9
5623 7 2
3.5E8
1.15E9
10000 7 3
7.7E8
3.19E9
10000 7 2
7.9E8
3.4E9
10000 7 3
8.2E8
3.41E9
10000 7 2
7.9E8
3.37E9
10000 7 3
7.9E8
3.61E9
10000 7 2
7.9E8
3.16E9
10000 7 2
7.9E8
3.44E9
10000 7 2
7.7E8
3.34E9
10000 7 3
7.8E8
3.64E9
10000 7 2
8.9E8
3.37E9
10000 7 3
8.4E8
3.31E9
10000 7 2
8.8E8
3.24E9
10000 7 2
7.7E8
3.67E9
10000 7 2
7.7E8
3.93E9
10000 7 2
7.9E8
3.72E9
10000 7 2
7.7E8
4.25E9
10000 7 2
7.9E8
4.41E9
10000 7 3
8.7E8
3.76E9
10000 7 2
7.7E8
4.24E9
10000 7 3
7.8E8
4.06E9
10000 7 2
7.9E8
3.89E9
10000 7 2
8.5E8
3.78E9
10000 7 3
8.0E8
4.39E9
10000 7 2
7.7E8
4.02E9
10000 7 2
7.9E8
4.2E9
10000 7 2
8.6E8
4.02E9
10000 7 2
8.0E8
4.36E9
10000 7 2
7.9E8
4.65E9
10000 7 3
8.1E8
4.67E9
10000 7 2
1.0E9
4.35E9
10000 7 2
8.0E8
4.71E9
10000 7 2
8.1E8
4.74E9
17782 7 3
2.07E9
1.007E10
17782 7 3
1.84E9
1.047E10
17782 7 3
1.89E9
1.046E10
17782 7 3
2.07E9
1.01E10
17782 7 2
1.86E9
1.138E10
17782 7 3
1.93E9
1.181E10
17782 7 3
1.83E9
1.216E10
17782 7 3
1.9E9
1.253E10
17782 7 3
1.93E9
1.149E10
17782 7 3
1.88E9
1.285E10
17782 7 3
2.07E9
1.111E10
17782 7 3
1.85E9
1.214E10
17782 7 3
1.84E9
1.31E10
17782 7 3
1.97E9
1.29E10
17782 7 3
1.88E9
1.356E10
17782 7 3
1.85E9
1.372E10
17782 7 3
1.85E9
1.445E10
17782 7 3
1.86E9
1.301E10
17782 7 2
2.0E9
1.317E10
17782 7 3
2.08E9
1.237E10
17782 7 3
1.84E9
1.411E10
17782 7 2
1.89E9
1.511E10
17782 7 3
1.9E9
1.438E10
17782 7 3
1.96E9
1.38E10
17782 7 3
1.84E9
1.537E10
17782 7 3
1.91E9
1.541E10
17782 7 2
2.01E9
1.462E10
17782 7 3
2.14E9
1.442E10
17782 7 2
1.89E9
1.562E10
17782 7 3
1.87E9
1.578E10
17782 7 3
1.84E9
1.643E10
17782 7 3
1.87E9
1.647E10
31622 7 3
4.26E9
3.378E10
31622 7 3
4.67E9
3.528E10
31622 7 3
4.74E9
3.763E10
31622 7 3
4.41E9
4.4E10
31622 7 3
4.59E9
4.396E10
31622 7 3
4.77E9
4.455E10
31622 7 3
4.49E9
4.461E10
31622 7 3
5.0E9
4.526E10
31622 7 3
4.56E9
4.778E10
31622 7 3
4.27E9
4.699E10
31622 7 3
5.03E9
4.874E10
31622 7 3
4.98E9
4.756E10
31622 7 3
4.65E9
4.912E10
31622 7 3
4.46E9
4.948E10
31622 7 3
4.25E9
4.873E10
31622 7 3
4.37E9
4.956E10
31622 7 3
4.47E9
5.156E10
31622 7 3
4.34E9
5.177E10
31622 7 3
4.47E9
5.215E10
31622 7 3
4.17E9
5.44E10
31622 7 3
4.64E9
5.304E10
31622 7 3
4.72E9
5.226E10
31622 7 3
4.27E9
5.569E10
31622 7 3
4.52E9
5.564E10
31622 7 3
4.29E9
5.521E10
31622 7 3
4.46E9
5.593E10
31622 7 3
4.74E9
5.531E10
31622 7 3
4.76E9
5.675E10
31622 7 3
4.17E9
5.704E10
31622 7 3
4.28E9
5.968E10
31622 7 3
4.53E9
6.06E10
31622 7 3
4.28E9
6.042E10
56234 7 3
1.009E10
1.4727E11
56234 7 3
1.066E10
1.4883E11
56234 7 3
1.102E10
1.5173E11
56234 7 3
1.0E10
1.6052E11
56234 7 3
1.15E10
1.4815E11
56234 7 3
1.049E10
1.5182E11
56234 7 3
1.078E10
1.5754E11
56234 7 3
1.022E10
1.588E11
56234 7 3
1.048E10
1.5686E11
56234 7 3
1.006E10
1.6025E11
56234 7 3
1.045E10
1.7454E11
56234 7 3
1.208E10
1.5449E11
56234 7 3
1.006E10
1.5616E11
56234 7 3
1.036E10
1.5475E11
56234 7 3
1.062E10
1.6397E11
56234 7 3
1.202E10
1.6371E11
56234 7 3
1.145E10
1.5824E11
56234 7 3
9.88E9
1.6688E11
56234 7 3
1.058E10
1.7695E11
56234 7 3
1.06E10
1.661E11
56234 7 3
1.025E10
1.6731E11
56234 7 3
1.213E10
1.6567E11
56234 7 3
1.013E10
1.6842E11
56234 7 3
1.045E10
1.7083E11
56234 7 3
1.079E10
1.6415E11
56234 7 3
1.016E10
1.8181E11
56234 7 3
1.137E10
1.8529E11
56234 7 3
1.068E10
1.7749E11
56234 7 3
1.057E10
1.7712E11
56234 7 3
1.047E10
1.8071E11
56234 7 3
1.02E10
1.8958E11
56234 7 3
1.016E10
2.0197E11
100000 7 3
2.424E10
3.6764E11
100000 7 3
2.335E10
4.5466E11
100000 7 3
2.22E10
5.0611E11
100000 7 3
2.404E10
5.3869E11
100000 7 4
2.667E10
5.5162E11
100000 7 3
2.414E10
5.2985E11
100000 7 3
2.33E10
5.7636E11
100000 7 3
2.27E10
5.838E11
100000 7 4
2.318E10
5.7776E11
100000 7 3
2.426E10
5.3642E11
100000 7 3
2.302E10
5.8931E11
100000 7 3
2.353E10
5.9146E11
100000 7 3
2.336E10
5.7682E11
100000 7 3
2.298E10
5.9882E11
100000 7 3
2.35E10
5.9397E11
100000 7 3
2.476E10
6.0214E11
100000 7 3
2.3E10
6.0495E11
100000 7 3
2.521E10
5.6608E11
100000 7 3
2.273E10
5.8845E11
100000 7 3
2.342E10
6.0622E11
100000 7 3
2.335E10
6.2298E11
100000 7 3
2.236E10
6.3283E11
100000 7 3
2.323E10
6.0932E11
100000 7 3
2.357E10
6.0893E11
100000 7 3
2.313E10
6.162E11
100000 7 3
2.421E10
6.5558E11
100000 7 3
2.479E10
6.1539E11
100000 7 3
2.294E10
6.5748E11
100000 7 3
2.6E10
6.1753E11
100000 7 3
2.417E10
6.4024E11
100000 7 3
2.364E10
6.4746E11
100000 7 3
2.838E10
6.2752E11
