100 4 3
390625.0
429687.5
100 4 3
410156.25
429687.5
100 4 3
390625.0
468750.0
100 4 2
371093.75
292968.75
100 4 3
332031.25
312500.0
100 4 2
351562.5
312500.0
100 4 3
351562.5
292968.75
100 4 3
371093.75
292968.75
100 4 3
371093.75
273437.5
100 4 2
371093.75
351562.5
100 4 3
371093.75
332031.25
100 4 2
371093.75
312500.0
100 4 3
390625.0
292968.75
100 4 3
371093.75
312500.0
100 4 3
371093.75
312500.0
100 4 3
390625.0
273437.5
100 4 2
390625.0
292968.75
100 4 3
429687.5
312500.0
100 4 3
371093.75
312500.0
100 4 2
371093.75
292968.75
100 4 3
390625.0
312500.0
100 4 3
390625.0
292968.75
100 4 3
371093.75
312500.0
100 4 3
488281.25
273437.5
100 4 3
390625.0
312500.0
100 4 2
390625.0
292968.75
100 4 3
390625.0
292968.75
100 4 2
507812.5
292968.75
100 4 3
390625.0
312500.0
100 4 2
527343.75
292968.75
100 4 3
488281.25
312500.0
100 4 3
429687.5
332031.25
177 4 3
859375.0
859375.0
177 4 3
937500.0
1015625.0
177 4 3
859375.0
859375.0
177 4 3
859375.0
859375.0
177 4 3
859375.0
1093750.0
177 4 3
859375.0
781250.0
177 4 3
937500.0
1093750.0
177 4 3
859375.0
820312.5
177 4 3
859375.0
1171875.0
177 4 3
859375.0
937500.0
177 4 3
859375.0
859375.0
177 4 4
937500.0
859375.0
177 4 4
859375.0
859375.0
177 4 3
859375.0
859375.0
177 4 3
859375.0
937500.0
177 4 3
859375.0
859375.0
177 4 3
937500.0
859375.0
177 4 3
937500.0
742187.5
177 4 3
859375.0
1093750.0
177 4 3
937500.0
781250.0
177 4 3
1093750.0
1171875.0
177 4 3
859375.0
859375.0
177 4 3
859375.0
781250.0
177 4 3
1093750.0
859375.0
177 4 3
937500.0
898437.5
177 4 3
859375.0
937500.0
177 4 3
937500.0
781250.0
177 4 3
976562.5
781250.0
177 4 3
898437.5
820312.5
177 4 3
937500.0
820312.5
177 4 3
898437.5
820312.5
177 4 3
1054687.5
820312.5
316 4 4
2031250.0
2031250.0
316 4 3
2031250.0
2187500.0
316 4 3
2031250.0
2343750.0
316 4 4
2031250.0
2187500.0
316 4 3
2343750.0
2343750.0
316 4 3
2031250.0
2656250.0
316 4 3
2031250.0
2343750.0
316 4 4
2343750.0
2656250.0
316 4 3
2187500.0
3750000.0
316 4 3
2031250.0
2343750.0
316 4 4
2031250.0
2031250.0
316 4 4
2031250.0
3437500.0
316 4 4
2187500.0
2031250.0
316 4 3
2031250.0
2656250.0
316 4 3
1875000.0
2812500.0
316 4 4
2187500.0
3125000.0
316 4 4
2031250.0
2187500.0
316 4 3
2031250.0
2343750.0
316 4 3
2187500.0
3750000.0
316 4 4
2343750.0
3593750.0
316 4 4
2031250.0
2187500.0
316 4 4
2187500.0
2500000.0
316 4 3
2187500.0
2187500.0
316 4 4
2187500.0
2500000.0
316 4 3
2343750.0
4062500.0
316 4 4
2812500.0
3437500.0
316 4 3
2343750.0
2187500.0
316 4 3
3750000.0
2500000.0
316 4 3
2031250.0
2031250.0
316 4 4
2656250.0
2031250.0
316 4 3
2343750.0
2187500.0
316 4 3
2343750.0
2031250.0
562 4 4
4687500.0
5937500.0
562 4 4
5312500.0
7500000.0
562 4 4
7500000.0
6250000.0
562 4 4
5312500.0
6562500.0
562 4 3
8125000.0
7187500.0
562 4 4
4687500.0
5625000.0
562 4 4
5000000.0
5937500.0
562 4 5
5312500.0
6250000.0
562 4 3
5000000.0
8750000.0
562 4 4
4375000.0
6875000.0
562 4 4
4687500.0
6562500.0
562 4 4
5000000.0
7187500.0
562 4 4
4687500.0
8125000.0
562 4 4
5312500.0
7500000.0
562 4 4
4687500.0
6562500.0
562 4 3
5312500.0
5312500.0
562 4 4
5312500.0
1.0625E7
562 4 3
4687500.0
5625000.0
562 4 4
4687500.0
5625000.0
562 4 4
4687500.0
5312500.0
562 4 4
4687500.0
6875000.0
562 4 4
5000000.0
7500000.0
562 4 4
5000000.0
6875000.0
562 4 4
5000000.0
8125000.0
562 4 4
4687500.0
6562500.0
562 4 4
5000000.0
5937500.0
562 4 4
5000000.0
7812500.0
562 4 4
6562500.0
6875000.0
562 4 4
5000000.0
6562500.0
562 4 4
5312500.0
5625000.0
562 4 4
5312500.0
5937500.0
562 4 4
5625000.0
5625000.0
1000 4 5
1.125E7
1.625E7
1000 4 5
1.0E7
1.625E7
1000 4 4
1.125E7
1.625E7
1000 4 4
1.0625E7
1.5E7
1000 4 4
1.125E7
1.625E7
1000 4 4
1.25E7
3.25E7
1000 4 4
1.0625E7
3.0E7
1000 4 5
1.0625E7
1.625E7
1000 4 4
1.125E7
2.0E7
1000 4 5
1.0625E7
2.0E7
1000 4 4
1.0E7
1.875E7
1000 4 4
1.0E7
1.5E7
1000 4 5
1.0625E7
2.0E7
1000 4 4
1.0E7
1.625E7
1000 4 4
1.125E7
1.75E7
1000 4 5
1.125E7
2.625E7
1000 4 5
1.0E7
1.875E7
1000 4 4
1.1875E7
1.75E7
1000 4 4
1.125E7
1.625E7
1000 4 4
1.0E7
1.625E7
1000 4 4
1.0625E7
1.625E7
1000 4 4
1.0E7
1.625E7
1000 4 4
1.125E7
1.625E7
1000 4 5
1.1875E7
1.625E7
1000 4 5
1.25E7
1.75E7
1000 4 5
1.4375E7
1.625E7
1000 4 4
1.6875E7
1.625E7
1000 4 4
1.0E7
1.625E7
1000 4 4
1.5625E7
2.0E7
1000 4 5
1.0625E7
1.625E7
1778 4 5
2.75E7
4.25E7
1000 4 5
1.0E7
1.875E7
1000 4 4
1.0E7
1.625E7
1778 4 5
2.125E7
4.25E7
1778 4 5
2.125E7
4.25E7
1778 4 5
3.0E7
1.1E8
1778 4 5
2.25E7
5.5E7
1778 4 6
2.75E7
8.5E7
1778 4 5
3.125E7
1.5E8
1778 4 5
2.375E7
5.5E7
1778 4 5
3.125E7
1.3E8
1778 4 5
2.375E7
6.0E7
1778 4 5
2.5E7
5.5E7
1778 4 5
2.125E7
4.25E7
1778 4 5
2.5E7
5.5E7
1778 4 5
3.25E7
1.0E8
1778 4 5
2.75E7
5.5E7
1778 4 5
2.25E7
5.0E7
1778 4 5
3.0E7
5.5E7
1778 4 5
4.0E7
6.0E7
1778 4 5
2.25E7
5.25E7
1778 4 5
2.375E7
5.0E7
1778 4 5
2.375E7
4.25E7
1778 4 5
2.375E7
4.5E7
1778 4 5
2.375E7
5.0E7
1778 4 5
2.75E7
5.25E7
1778 4 5
2.75E7
4.25E7
3162 4 6
6.5E7
1.8E8
3162 4 6
5.5E7
1.5E8
3162 4 6
6.5E7
1.7E8
1778 4 5
2.25E7
4.75E7
3162 4 6
5.5E7
1.7E8
1778 4 5
2.75E7
4.5E7
3162 4 6
5.5E7
1.5E8
3162 4 6
5.5E7
1.6E8
1778 4 5
2.75E7
4.25E7
3162 4 6
6.0E7
1.5E8
3162 4 6
6.0E7
2.0E8
3162 4 6
5.5E7
1.7E8
1778 4 5
4.5E7
4.75E7
3162 4 6
5.5E7
1.4E8
3162 4 6
5.5E7
2.1E8
3162 4 6
6.0E7
2.0E8
3162 4 5
5.5E7
2.0E8
3162 4 6
5.5E7
2.0E8
1778 4 6
4.75E7
7.25E7
3162 4 6
5.5E7
1.6E8
3162 4 6
5.5E7
2.2E8
1778 4 5
2.875E7
6.0E7
1778 4 5
3.0E7
8.25E7
3162 4 6
5.5E7
1.8E8
3162 4 6
7.0E7
2.7E8
3162 4 6
6.5E7
1.6E8
3162 4 6
7.5E7
2.7E8
3162 4 6
6.0E7
1.5E8
3162 4 6
6.5E7
1.5E8
3162 4 6
4.75E7
1.8E8
3162 4 6
6.5E7
1.9E8
3162 4 6
7.0E7
2.0E8
3162 4 6
5.5E7
1.6E8
3162 4 6
5.0E7
1.9E8
3162 4 6
9.75E7
1.9E8
3162 4 5
5.0E7
1.8E8
3162 4 6
6.25E7
2.0E8
3162 4 6
5.25E7
1.8E8
3162 4 6
5.5E7
2.4E8
5623 4 6
1.2E8
5.3E8
5623 4 6
1.4E8
6.4E8
5623 4 6
1.9E8
5.9E8
5623 4 6
1.2E8
4.5E8
5623 4 6
1.2E8
5.8E8
5623 4 6
1.3E8
5.9E8
5623 4 6
1.3E8
6.1E8
5623 4 6
1.6E8
6.0E8
5623 4 6
1.5E8
5.8E8
5623 4 6
1.1E8
4.8E8
5623 4 6
1.3E8
4.8E8
5623 4 6
1.1E8
5.9E8
5623 4 6
1.1E8
5.1E8
5623 4 6
1.1E8
5.1E8
5623 4 6
1.1E8
5.2E8
5623 4 6
1.1E8
5.1E8
5623 4 6
1.3E8
6.8E8
5623 4 6
1.1E8
5.1E8
5623 4 6
1.15E8
4.9E8
5623 4 6
1.4E8
7.6E8
5623 4 6
1.3E8
7.4E8
5623 4 6
1.1E8
4.9E8
5623 4 6
1.2E8
6.6E8
5623 4 6
1.1E8
5.0E8
5623 4 6
1.2E8
5.1E8
5623 4 6
1.4E8
6.5E8
5623 4 6
1.2E8
5.0E8
5623 4 6
1.15E8
4.9E8
5623 4 6
1.9E8
6.3E8
5623 4 6
2.1E8
5.5E8
5623 4 6
2.2E8
6.0E8
5623 4 6
1.35E8
4.9E8
10000 4 6
2.7E8
1.49E9
10000 4 6
2.3E8
1.55E9
10000 4 6
2.2E8
1.63E9
10000 4 6
2.3E8
1.41E9
10000 4 6
2.6E8
1.54E9
10000 4 6
2.4E8
1.53E9
10000 4 6
2.2E8
1.59E9
10000 4 6
2.3E8
1.59E9
10000 4 6
2.3E8
1.48E9
10000 4 6
2.0E8
1.65E9
10000 4 6
2.6E8
1.37E9
10000 4 6
2.8E8
1.6E9
10000 4 6
2.7E8
1.39E9
10000 4 6
2.6E8
1.82E9
10000 4 6
3.3E8
1.69E9
10000 4 6
2.2E8
1.58E9
10000 4 6
2.4E8
1.85E9
10000 4 6
2.4E8
1.74E9
10000 4 6
2.3E8
1.66E9
10000 4 6
2.1E8
1.77E9
10000 4 6
2.5E8
1.76E9
10000 4 6
2.3E8
1.93E9
10000 4 6
2.6E8
2.04E9
10000 4 6
2.7E8
1.89E9
10000 4 6
3.3E8
1.58E9
10000 4 6
2.8E8
1.97E9
10000 4 6
3.2E8
1.99E9
10000 4 6
2.8E8
1.79E9
10000 4 6
3.3E8
2.01E9
10000 4 6
3.1E8
2.0E9
10000 4 6
2.6E8
2.02E9
10000 4 6
3.2E8
1.79E9
17782 4 6
5.3E8
3.96E9
17782 4 6
5.0E8
3.99E9
17782 4 6
5.7E8
5.01E9
17782 4 6
4.8E8
5.06E9
17782 4 6
4.9E8
5.03E9
17782 4 6
4.8E8
4.97E9
17782 4 6
5.3E8
5.34E9
17782 4 6
5.3E8
5.34E9
17782 4 6
4.9E8
5.23E9
17782 4 6
4.9E8
5.19E9
17782 4 6
6.2E8
5.23E9
17782 4 6
5.0E8
5.18E9
17782 4 6
5.5E8
5.2E9
17782 4 6
5.2E8
5.93E9
17782 4 6
5.2E8
5.4E9
17782 4 6
6.5E8
5.69E9
17782 4 6
5.3E8
6.09E9
17782 4 6
5.1E8
5.72E9
17782 4 6
5.2E8
6.04E9
17782 4 6
6.3E8
5.3E9
17782 4 6
5.2E8
5.88E9
17782 4 6
5.1E8
5.54E9
17782 4 6
5.9E8
6.42E9
17782 4 6
5.0E8
5.72E9
17782 4 6
6.6E8
5.93E9
17782 4 6
4.8E8
6.89E9
17782 4 6
5.7E8
6.13E9
17782 4 6
7.2E8
6.68E9
17782 4 6
6.6E8
6.42E9
17782 4 6
6.9E8
6.71E9
17782 4 6
6.5E8
7.01E9
17782 4 6
6.4E8
7.54E9
31622 4 6
1.04E9
1.685E10
31622 4 6
1.14E9
1.865E10
31622 4 6
1.08E9
2.012E10
31622 4 6
1.1E9
1.891E10
31622 4 6
1.04E9
2.219E10
31622 4 6
1.31E9
1.933E10
31622 4 6
1.2E9
2.079E10
31622 4 6
1.14E9
2.115E10
31622 4 6
1.11E9
2.082E10
31622 4 6
1.1E9
2.234E10
31622 4 6
1.23E9
2.015E10
31622 4 6
1.18E9
2.18E10
31622 4 6
9.9E8
2.068E10
31622 4 6
1.22E9
2.154E10
31622 4 6
1.14E9
2.109E10
31622 4 6
1.16E9
2.21E10
31622 4 6
1.15E9
2.184E10
31622 4 6
9.8E8
2.116E10
31622 4 6
1.06E9
2.067E10
31622 4 6
1.17E9
2.217E10
31622 4 6
1.13E9
2.1E10
31622 4 6
1.1E9
2.134E10
31622 4 6
1.26E9
2.296E10
31622 4 6
1.17E9
2.352E10
31622 4 6
1.31E9
2.316E10
31622 4 6
1.15E9
2.425E10
31622 4 6
1.22E9
2.389E10
31622 4 6
1.28E9
2.385E10
31622 4 6
1.21E9
2.451E10
31622 4 6
1.08E9
2.497E10
31622 4 6
1.16E9
2.72E10
31622 4 6
1.37E9
2.584E10
56234 4 6
2.31E9
7.567E10
56234 4 6
2.09E9
7.702E10
56234 4 6
2.06E9
7.711E10
56234 4 6
2.77E9
7.787E10
56234 4 6
2.39E9
7.949E10
56234 4 6
2.53E9
7.87E10
56234 4 6
2.61E9
7.996E10
56234 4 6
2.7E9
8.173E10
56234 4 6
2.71E9
8.182E10
56234 4 6
2.56E9
8.546E10
56234 4 6
2.54E9
8.249E10
56234 4 6
2.38E9
8.516E10
56234 4 6
2.2E9
8.316E10
56234 4 6
2.83E9
8.351E10
56234 4 6
2.47E9
8.813E10
56234 4 6
2.35E9
8.839E10
56234 4 6
2.83E9
8.727E10
56234 4 6
2.59E9
8.713E10
56234 4 6
2.72E9
9.131E10
56234 4 6
2.27E9
9.192E10
56234 4 6
2.29E9
8.911E10
56234 4 6
2.5E9
9.103E10
56234 4 6
2.81E9
9.01E10
56234 4 6
2.63E9
9.384E10
56234 4 6
2.53E9
8.791E10
56234 4 6
2.53E9
9.433E10
56234 4 6
2.54E9
8.926E10
56234 4 6
2.48E9
9.39E10
56234 4 6
2.79E9
1.0024E11
56234 4 6
2.36E9
9.592E10
56234 4 6
2.93E9
9.519E10
56234 4 6
2.67E9
1.0008E11
100000 4 6
4.43E9
2.489E11
100000 4 6
4.34E9
2.5669E11
100000 4 6
4.46E9
2.7483E11
100000 4 6
5.32E9
2.7836E11
100000 4 6
5.04E9
2.8672E11
100000 4 6
5.33E9
2.8136E11
100000 4 6
5.08E9
2.9983E11
100000 4 6
4.38E9
3.0185E11
100000 4 6
5.02E9
2.9552E11
100000 4 6
4.96E9
2.8178E11
100000 4 6
4.75E9
2.9491E11
100000 4 6
4.92E9
2.9849E11
100000 4 6
5.34E9
2.9403E11
100000 4 6
5.12E9
2.9825E11
100000 4 6
5.12E9
3.0866E11
100000 4 6
4.99E9
2.9819E11
100000 4 6
5.61E9
2.8521E11
100000 4 6
5.01E9
3.1286E11
100000 4 6
5.48E9
3.026E11
100000 4 6
4.82E9
2.999E11
100000 4 6
6.1E9
3.033E11
100000 4 6
4.71E9
3.012E11
100000 4 6
5.8E9
3.0815E11
100000 4 6
4.91E9
3.0616E11
100000 4 6
5.02E9
3.1054E11
100000 4 6
5.84E9
3.0565E11
100000 4 6
5.94E9
3.1056E11
100000 4 6
5.42E9
3.1407E11
100000 4 6
4.6E9
3.1344E11
100000 4 6
5.17E9
3.2384E11
100000 4 6
6.03E9
3.1968E11
100000 4 6
5.08E9
3.3992E11
