100 6 2
546875.0
429687.5
100 6 2
546875.0
429687.5
100 6 1
546875.0
468750.0
100 6 2
546875.0
468750.0
100 6 1
546875.0
429687.5
100 6 2
546875.0
468750.0
100 6 1
546875.0
429687.5
100 6 2
546875.0
468750.0
100 6 1
546875.0
429687.5
100 6 1
585937.5
429687.5
100 6 1
507812.5
468750.0
100 6 2
546875.0
468750.0
100 6 1
546875.0
429687.5
100 6 2
546875.0
468750.0
100 6 2
585937.5
468750.0
100 6 2
546875.0
468750.0
100 6 2
546875.0
429687.5
100 6 2
546875.0
507812.5
100 6 2
546875.0
507812.5
100 6 2
507812.5
546875.0
100 6 1
546875.0
468750.0
100 6 2
546875.0
429687.5
100 6 2
546875.0
429687.5
100 6 2
585937.5
507812.5
100 6 1
585937.5
429687.5
100 6 2
585937.5
507812.5
100 6 2
546875.0
585937.5
100 6 1
546875.0
507812.5
100 6 1
546875.0
507812.5
100 6 2
507812.5
429687.5
100 6 2
507812.5
410156.25
100 6 1
546875.0
390625.0
177 6 2
1484375.0
1718750.0
177 6 2
1484375.0
3437500.0
177 6 2
1406250.0
2500000.0
177 6 2
1406250.0
1171875.0
177 6 2
1406250.0
1093750.0
177 6 2
1406250.0
1093750.0
177 6 2
1328125.0
1562500.0
177 6 2
1328125.0
1562500.0
177 6 2
1406250.0
1406250.0
177 6 2
1406250.0
1562500.0
177 6 2
1406250.0
1171875.0
177 6 2
1406250.0
1640625.0
177 6 2
1406250.0
1250000.0
177 6 2
1406250.0
1484375.0
177 6 2
1406250.0
3125000.0
177 6 2
1406250.0
1953125.0
177 6 2
1406250.0
1796875.0
177 6 2
1406250.0
1406250.0
177 6 2
1484375.0
3437500.0
177 6 2
1484375.0
1093750.0
177 6 2
1328125.0
1484375.0
177 6 2
1406250.0
1484375.0
177 6 2
1406250.0
1093750.0
177 6 2
1406250.0
1093750.0
177 6 2
1484375.0
1406250.0
177 6 2
1406250.0
2343750.0
177 6 2
1484375.0
1484375.0
177 6 2
1406250.0
2265625.0
177 6 2
1406250.0
2109375.0
177 6 2
1406250.0
2343750.0
177 6 2
1562500.0
1093750.0
177 6 1
1562500.0
1015625.0
316 6 2
3437500.0
3437500.0
316 6 2
3437500.0
3437500.0
316 6 2
3750000.0
3437500.0
316 6 2
3437500.0
3437500.0
316 6 2
3437500.0
3437500.0
316 6 2
3437500.0
3437500.0
316 6 2
3437500.0
4062500.0
316 6 2
3437500.0
3437500.0
316 6 2
3437500.0
3750000.0
316 6 2
3437500.0
3437500.0
316 6 2
3437500.0
3437500.0
316 6 2
3437500.0
3437500.0
316 6 2
3750000.0
3437500.0
316 6 2
3437500.0
4062500.0
316 6 2
3437500.0
4062500.0
316 6 2
3437500.0
3750000.0
316 6 2
3437500.0
4687500.0
316 6 2
3437500.0
3437500.0
316 6 2
3437500.0
4062500.0
316 6 2
3437500.0
5312500.0
316 6 2
3437500.0
3437500.0
316 6 2
3750000.0
3750000.0
316 6 2
3437500.0
5000000.0
316 6 2
3437500.0
3750000.0
316 6 2
3750000.0
4375000.0
316 6 2
4062500.0
5000000.0
316 6 2
3437500.0
3125000.0
316 6 2
3750000.0
4375000.0
316 6 2
3437500.0
4218750.0
316 6 2
3750000.0
2968750.0
316 6 2
3437500.0
2968750.0
562 6 2
8750000.0
9375000.0
562 6 2
8750000.0
8750000.0
562 6 3
8750000.0
8750000.0
562 6 2
8750000.0
1.75E7
562 6 2
8750000.0
1.75E7
562 6 2
8750000.0
1.625E7
316 6 2
3125000.0
4218750.0
562 6 2
8750000.0
1.875E7
562 6 2
8750000.0
1.625E7
562 6 2
8750000.0
1.625E7
562 6 2
9375000.0
1.375E7
562 6 2
8750000.0
1.6875E7
562 6 2
8750000.0
8750000.0
562 6 2
9375000.0
1.5E7
562 6 2
8750000.0
8750000.0
562 6 2
8750000.0
3.75E7
562 6 2
8750000.0
8750000.0
562 6 2
1.0E7
1.375E7
562 6 2
8750000.0
1.5E7
562 6 2
8750000.0
1.5E7
562 6 2
1.0E7
1.375E7
562 6 2
1.125E7
2.6875E7
562 6 2
8750000.0
9375000.0
562 6 2
8750000.0
8125000.0
562 6 2
1.0625E7
9375000.0
562 6 2
1.1875E7
8750000.0
562 6 2
8750000.0
8750000.0
1000 6 2
2.125E7
2.75E7
562 6 2
1.0625E7
1.6875E7
562 6 2
1.9375E7
1.6875E7
562 6 2
1.875E7
1.75E7
1000 6 2
2.125E7
3.5E7
562 6 2
2.0625E7
1.5625E7
562 6 3
2.0E7
1.6875E7
562 6 2
2.25E7
1.6875E7
1000 6 2
2.0E7
3.25E7
1000 6 2
2.0E7
3.5E7
1000 6 2
2.0E7
3.5E7
1000 6 2
2.125E7
3.5E7
1000 6 2
2.0E7
3.0E7
1000 6 2
2.0E7
2.75E7
1000 6 2
2.125E7
3.0E7
1000 6 2
2.0E7
2.75E7
1000 6 2
2.0E7
3.0E7
1000 6 2
2.125E7
3.0E7
1000 6 2
2.125E7
2.75E7
1000 6 2
2.125E7
3.5E7
1000 6 2
2.125E7
3.0E7
1000 6 2
2.125E7
3.0E7
1000 6 2
2.125E7
3.0E7
1000 6 2
2.25E7
2.75E7
1000 6 2
3.0E7
3.0E7
1000 6 2
2.375E7
2.75E7
1000 6 2
2.0E7
2.75E7
1000 6 2
2.25E7
2.75E7
1000 6 2
3.0E7
4.0E7
1000 6 2
2.125E7
3.25E7
1778 6 2
5.5E7
1.4E8
1000 6 2
2.125E7
3.25E7
1778 6 3
5.5E7
1.3E8
1778 6 2
5.5E7
1.1E8
1778 6 2
5.5E7
1.2E8
1000 6 2
2.0E7
2.625E7
1778 6 2
5.5E7
1.1E8
1000 6 2
2.0E7
4.0E7
1778 6 2
5.5E7
9.5E7
1778 6 3
6.0E7
1.2E8
1000 6 2
2.375E7
6.5E7
1000 6 2
2.375E7
7.5E7
1000 6 2
2.625E7
5.5E7
1778 6 3
5.5E7
2.1E8
1778 6 2
5.5E7
1.05E8
1778 6 3
7.0E7
1.4E8
1778 6 2
5.0E7
7.5E7
1778 6 2
5.5E7
8.5E7
1778 6 3
5.5E7
9.0E7
1778 6 2
5.5E7
1.1E8
1778 6 2
5.5E7
7.5E7
1000 6 2
2.125E7
2.625E7
1778 6 2
5.0E7
7.5E7
1778 6 2
5.5E7
9.5E7
1778 6 2
5.5E7
7.0E7
1778 6 2
5.5E7
1.2E8
1778 6 3
7.0E7
1.8E8
1778 6 2
1.2E8
2.0E8
1778 6 2
6.0E7
1.2E8
1778 6 2
5.75E7
9.5E7
1778 6 2
6.25E7
1.05E8
1778 6 2
5.25E7
1.0E8
1778 6 2
5.75E7
1.05E8
1778 6 2
6.0E7
1.2E8
1778 6 2
6.0E7
9.5E7
1778 6 2
5.5E7
7.5E7
1000 6 2
3.125E7
6.5E7
1778 6 2
5.5E7
7.0E7
1778 6 2
5.5E7
8.0E7
1778 6 2
6.0E7
1.0E8
3162 6 2
1.4E8
2.8E8
3162 6 3
1.5E8
3.1E8
3162 6 3
1.2E8
2.5E8
3162 6 3
1.3E8
2.6E8
3162 6 3
1.3E8
2.4E8
3162 6 2
1.2E8
2.5E8
3162 6 3
1.3E8
4.0E8
3162 6 3
1.2E8
2.7E8
3162 6 3
1.2E8
3.6E8
3162 6 2
1.2E8
2.4E8
3162 6 3
1.3E8
4.3E8
3162 6 3
1.3E8
4.3E8
3162 6 2
1.1E8
3.4E8
3162 6 3
1.3E8
4.2E8
3162 6 3
1.2E8
3.3E8
3162 6 3
1.3E8
4.0E8
3162 6 2
1.2E8
2.6E8
3162 6 2
1.2E8
2.4E8
3162 6 3
1.3E8
3.5E8
3162 6 2
1.2E8
3.8E8
3162 6 3
1.2E8
3.8E8
3162 6 3
1.2E8
3.8E8
3162 6 3
1.4E8
6.9E8
3162 6 3
1.3E8
2.7E8
3162 6 3
1.5E8
6.5E8
3162 6 3
1.8E8
7.0E8
3162 6 2
1.8E8
7.3E8
3162 6 3
1.7E8
7.4E8
3162 6 3
1.6E8
3.0E8
3162 6 3
1.6E8
6.1E8
3162 6 2
1.5E8
6.0E8
3162 6 3
3.9E8
3.2E8
5623 6 3
2.7E8
8.2E8
5623 6 3
2.8E8
8.4E8
5623 6 3
2.8E8
8.2E8
5623 6 3
3.0E8
1.0E9
5623 6 3
2.6E8
8.0E8
5623 6 3
3.1E8
1.14E9
5623 6 3
2.8E8
8.3E8
5623 6 3
2.7E8
8.1E8
5623 6 3
2.8E8
1.16E9
5623 6 3
2.9E8
8.2E8
5623 6 3
2.8E8
1.15E9
5623 6 3
3.0E8
1.28E9
5623 6 3
2.8E8
1.28E9
5623 6 3
2.7E8
1.29E9
5623 6 3
2.7E8
1.28E9
5623 6 3
3.2E8
1.18E9
5623 6 3
2.9E8
1.15E9
5623 6 3
3.1E8
1.42E9
5623 6 3
3.1E8
1.29E9
5623 6 3
3.5E8
1.24E9
5623 6 3
3.1E8
1.31E9
5623 6 3
3.4E8
1.2E9
5623 6 3
2.8E8
1.45E9
5623 6 3
4.6E8
1.31E9
5623 6 3
7.6E8
1.03E9
5623 6 3
2.7E8
1.94E9
5623 6 3
2.9E8
1.97E9
5623 6 3
2.8E8
1.99E9
5623 6 3
2.9E8
1.79E9
5623 6 3
4.6E8
1.73E9
5623 6 3
3.2E8
2.01E9
5623 6 3
3.5E8
1.72E9
10000 6 3
6.6E8
3.11E9
10000 6 4
6.2E8
2.89E9
10000 6 3
6.8E8
3.41E9
10000 6 3
6.8E8
2.98E9
10000 6 3
7.0E8
3.16E9
10000 6 3
6.8E8
3.46E9
10000 6 3
6.0E8
3.84E9
10000 6 3
7.3E8
3.36E9
10000 6 3
6.2E8
4.07E9
10000 6 3
6.9E8
4.07E9
10000 6 3
6.1E8
3.81E9
10000 6 3
7.2E8
4.09E9
10000 6 3
6.9E8
3.74E9
10000 6 3
6.3E8
4.22E9
10000 6 3
6.4E8
4.2E9
10000 6 3
7.8E8
2.88E9
10000 6 3
1.04E9
2.82E9
10000 6 3
7.2E8
3.58E9
10000 6 3
7.1E8
3.77E9
10000 6 3
7.0E8
3.48E9
10000 6 3
6.6E8
3.85E9
10000 6 3
7.0E8
4.46E9
10000 6 3
6.4E8
4.32E9
10000 6 3
7.8E8
4.59E9
10000 6 3
8.9E8
4.83E9
10000 6 4
8.7E8
4.48E9
10000 6 3
7.1E8
5.15E9
10000 6 3
8.6E8
5.8E9
10000 6 3
7.5E8
5.49E9
10000 6 3
1.21E9
4.7E9
10000 6 3
8.1E8
6.47E9
10000 6 3
1.0E9
6.55E9
17782 6 3
1.46E9
1.132E10
17782 6 3
1.49E9
1.062E10
17782 6 3
1.47E9
1.055E10
17782 6 3
1.5E9
1.047E10
17782 6 3
1.5E9
1.067E10
17782 6 4
1.56E9
1.107E10
17782 6 3
1.62E9
1.096E10
17782 6 3
1.55E9
1.099E10
17782 6 3
1.56E9
1.171E10
17782 6 3
1.6E9
1.258E10
17782 6 3
1.44E9
1.235E10
17782 6 3
1.55E9
1.195E10
17782 6 3
1.47E9
1.304E10
17782 6 3
1.74E9
1.29E10
17782 6 3
1.72E9
1.319E10
17782 6 3
1.73E9
1.337E10
17782 6 3
1.65E9
1.418E10
17782 6 3
1.98E9
1.26E10
17782 6 3
1.74E9
1.386E10
17782 6 3
1.49E9
1.445E10
17782 6 3
1.64E9
1.323E10
17782 6 4
1.71E9
1.577E10
17782 6 3
1.74E9
1.366E10
17782 6 3
2.09E9
1.542E10
17782 6 3
2.29E9
1.627E10
17782 6 3
1.71E9
1.664E10
17782 6 4
2.53E9
1.352E10
17782 6 4
2.75E9
1.26E10
17782 6 3
2.52E9
1.597E10
17782 6 3
2.54E9
1.478E10
17782 6 3
2.54E9
1.528E10
17782 6 3
1.67E9
1.52E10
31622 6 4
3.31E9
3.029E10
31622 6 4
3.35E9
3.512E10
31622 6 4
3.4E9
3.236E10
31622 6 4
3.3E9
3.488E10
31622 6 4
3.45E9
3.642E10
31622 6 4
3.26E9
3.516E10
31622 6 4
3.3E9
3.462E10
31622 6 3
3.18E9
3.921E10
31622 6 4
3.4E9
3.677E10
31622 6 4
3.28E9
3.317E10
31622 6 3
3.86E9
3.494E10
31622 6 4
3.46E9
4.219E10
31622 6 4
3.44E9
4.088E10
31622 6 4
3.38E9
3.508E10
31622 6 4
3.23E9
4.089E10
31622 6 3
3.31E9
4.314E10
31622 6 4
3.33E9
4.235E10
31622 6 4
3.21E9
3.495E10
31622 6 4
3.29E9
3.852E10
31622 6 3
3.72E9
3.7E10
31622 6 4
3.47E9
4.22E10
31622 6 3
3.29E9
3.923E10
31622 6 4
3.39E9
4.198E10
31622 6 4
3.37E9
4.038E10
31622 6 4
3.72E9
4.223E10
31622 6 4
3.36E9
4.204E10
31622 6 3
3.6E9
4.287E10
31622 6 4
4.64E9
3.953E10
31622 6 4
3.97E9
4.731E10
31622 6 4
3.85E9
5.081E10
31622 6 4
4.22E9
4.396E10
31622 6 4
3.78E9
4.882E10
56234 6 4
7.36E9
1.1426E11
56234 6 4
6.94E9
1.2164E11
56234 6 4
7.36E9
1.3087E11
56234 6 4
7.21E9
1.3332E11
56234 6 4
7.26E9
1.2611E11
56234 6 4
7.07E9
1.3484E11
56234 6 4
7.52E9
1.3236E11
56234 6 4
7.48E9
1.2782E11
56234 6 4
7.24E9
1.3039E11
56234 6 4
7.46E9
1.3385E11
56234 6 4
7.38E9
1.3358E11
56234 6 4
7.6E9
1.3499E11
56234 6 4
7.16E9
1.4295E11
56234 6 4
7.25E9
1.4395E11
56234 6 4
7.29E9
1.4151E11
56234 6 4
7.24E9
1.3829E11
56234 6 4
7.23E9
1.4303E11
56234 6 4
7.98E9
1.42E11
56234 6 4
7.37E9
1.4701E11
56234 6 4
7.52E9
1.4297E11
56234 6 4
7.33E9
1.4448E11
56234 6 4
7.64E9
1.3707E11
56234 6 4
7.2E9
1.4718E11
56234 6 4
7.29E9
1.4581E11
56234 6 4
7.6E9
1.425E11
56234 6 4
7.47E9
1.4539E11
56234 6 4
7.26E9
1.499E11
56234 6 4
7.17E9
1.5079E11
56234 6 4
7.37E9
1.4573E11
56234 6 4
8.1E9
1.4627E11
56234 6 4
7.45E9
1.442E11
56234 6 4
7.98E9
1.4875E11
100000 6 5
1.657E10
4.2564E11
100000 6 4
1.613E10
4.3387E11
100000 6 4
1.706E10
4.432E11
100000 6 5
1.673E10
4.5752E11
100000 6 4
1.757E10
4.395E11
100000 6 5
1.665E10
4.5568E11
100000 6 4
1.665E10
4.5365E11
100000 6 4
1.673E10
4.7803E11
100000 6 4
1.575E10
4.474E11
100000 6 5
1.631E10
4.3577E11
100000 6 5
1.647E10
4.8109E11
100000 6 4
1.806E10
4.6134E11
100000 6 4
1.687E10
4.6965E11
100000 6 4
1.721E10
4.5762E11
100000 6 4
1.571E10
4.6218E11
100000 6 4
1.686E10
4.8067E11
100000 6 4
1.6E10
4.4745E11
100000 6 4
1.626E10
4.6285E11
100000 6 4
1.822E10
4.7387E11
100000 6 4
1.637E10
4.8343E11
100000 6 5
1.553E10
4.7634E11
100000 6 4
1.693E10
4.8901E11
100000 6 4
1.639E10
4.7489E11
100000 6 4
1.68E10
4.7958E11
100000 6 4
1.575E10
4.7368E11
100000 6 5
1.615E10
4.7773E11
100000 6 5
1.718E10
4.697E11
100000 6 4
1.588E10
4.8704E11
100000 6 4
1.777E10
4.7692E11
100000 6 4
1.737E10
4.7907E11
100000 6 5
1.755E10
4.9069E11
100000 6 4
1.726E10
4.879E11
