100 5 2
468750.0
429687.5
100 5 1
468750.0
468750.0
100 5 2
468750.0
332031.25
100 5 2
468750.0
371093.75
100 5 2
468750.0
390625.0
100 5 2
507812.5
390625.0
100 5 2
507812.5
351562.5
100 5 2
468750.0
371093.75
100 5 2
507812.5
371093.75
100 5 2
468750.0
371093.75
100 5 2
507812.5
371093.75
100 5 2
468750.0
410156.25
100 5 2
507812.5
351562.5
100 5 2
468750.0
351562.5
100 5 2
468750.0
351562.5
100 5 2
507812.5
371093.75
100 5 2
468750.0
351562.5
100 5 2
468750.0
371093.75
100 5 2
468750.0
390625.0
100 5 2
468750.0
371093.75
100 5 2
507812.5
390625.0
100 5 2
507812.5
390625.0
100 5 2
507812.5
351562.5
100 5 2
468750.0
371093.75
100 5 2
468750.0
410156.25
100 5 2
468750.0
371093.75
100 5 2
507812.5
429687.5
100 5 2
468750.0
390625.0
100 5 2
507812.5
371093.75
100 5 2
546875.0
371093.75
100 5 2
468750.0
390625.0
100 5 2
468750.0
390625.0
177 5 2
1093750.0
1250000.0
177 5 2
1093750.0
1718750.0
177 5 2
1093750.0
1875000.0
177 5 2
1171875.0
1875000.0
177 5 2
1250000.0
1875000.0
177 5 2
1171875.0
859375.0
177 5 2
1250000.0
937500.0
177 5 2
1171875.0
1015625.0
177 5 2
1171875.0
1015625.0
177 5 2
1171875.0
1015625.0
177 5 3
1250000.0
1718750.0
177 5 2
1171875.0
1093750.0
177 5 2
1015625.0
859375.0
177 5 2
1171875.0
1171875.0
177 5 2
1250000.0
937500.0
177 5 2
1250000.0
1328125.0
177 5 2
1250000.0
1250000.0
177 5 3
1250000.0
1171875.0
177 5 3
1328125.0
1015625.0
177 5 2
1250000.0
1093750.0
177 5 2
1171875.0
937500.0
177 5 2
1562500.0
937500.0
177 5 2
1406250.0
937500.0
177 5 2
1171875.0
937500.0
177 5 2
1171875.0
937500.0
177 5 2
1250000.0
937500.0
177 5 2
1171875.0
937500.0
177 5 2
1250000.0
937500.0
177 5 2
1093750.0
742187.5
177 5 2
1406250.0
937500.0
177 5 2
1406250.0
937500.0
316 5 2
3437500.0
2656250.0
177 5 2
1718750.0
937500.0
316 5 2
2812500.0
3750000.0
316 5 2
2656250.0
2656250.0
316 5 3
2500000.0
2656250.0
316 5 2
2812500.0
2968750.0
316 5 3
2968750.0
3437500.0
316 5 2
2812500.0
2968750.0
316 5 2
2812500.0
2812500.0
316 5 2
2812500.0
2812500.0
316 5 2
2812500.0
2812500.0
316 5 3
2812500.0
5000000.0
316 5 2
2812500.0
3125000.0
316 5 2
2812500.0
2968750.0
316 5 2
2968750.0
3281250.0
316 5 3
2812500.0
3125000.0
316 5 2
2968750.0
4218750.0
316 5 2
2968750.0
4531250.0
316 5 2
2812500.0
4375000.0
316 5 2
3125000.0
3750000.0
316 5 2
2812500.0
3281250.0
316 5 2
2656250.0
2968750.0
316 5 3
2812500.0
2968750.0
316 5 2
2968750.0
2812500.0
316 5 2
2968750.0
2656250.0
316 5 2
2812500.0
3125000.0
316 5 2
3125000.0
2656250.0
316 5 2
3125000.0
2968750.0
316 5 2
3437500.0
2656250.0
316 5 2
3125000.0
2812500.0
562 5 2
1.1875E7
8125000.0
316 5 2
3281250.0
2500000.0
316 5 3
3437500.0
2968750.0
562 5 3
6875000.0
8125000.0
562 5 3
7500000.0
8125000.0
562 5 3
6875000.0
7500000.0
562 5 3
7500000.0
8125000.0
562 5 3
6875000.0
6875000.0
562 5 3
7500000.0
6875000.0
562 5 3
6875000.0
8125000.0
562 5 3
6875000.0
9375000.0
316 5 2
4062500.0
3906250.0
562 5 3
7500000.0
8125000.0
562 5 3
6875000.0
1.5E7
562 5 3
7500000.0
8750000.0
562 5 3
6875000.0
8125000.0
562 5 3
6875000.0
8125000.0
562 5 3
6875000.0
6875000.0
562 5 2
7500000.0
8125000.0
562 5 3
7500000.0
7500000.0
562 5 3
6875000.0
8125000.0
562 5 3
6875000.0
7500000.0
562 5 3
8125000.0
8750000.0
562 5 2
7500000.0
8125000.0
562 5 3
7500000.0
7500000.0
562 5 3
7500000.0
6875000.0
562 5 3
8125000.0
6875000.0
562 5 2
8125000.0
7500000.0
562 5 3
7500000.0
8125000.0
562 5 3
8750000.0
6875000.0
1000 5 3
1.625E7
3.0E7
562 5 2
7500000.0
8125000.0
562 5 3
6875000.0
6875000.0
1000 5 3
1.625E7
3.0E7
1000 5 3
1.625E7
2.75E7
562 5 3
7500000.0
7500000.0
1000 5 3
1.625E7
2.75E7
562 5 3
7500000.0
8437500.0
562 5 3
6875000.0
8125000.0
1000 5 3
1.5E7
2.125E7
1000 5 3
1.625E7
1.875E7
1000 5 3
1.625E7
2.375E7
1000 5 3
1.625E7
2.0E7
1000 5 3
1.875E7
1.875E7
1000 5 3
1.75E7
4.0E7
1000 5 3
1.625E7
3.5E7
1000 5 3
1.75E7
3.5E7
1000 5 3
1.375E7
2.625E7
1000 5 3
1.875E7
3.5E7
1000 5 3
1.75E7
2.75E7
1000 5 3
1.75E7
2.0E7
1000 5 3
2.0E7
2.0E7
1000 5 3
1.625E7
4.0E7
1000 5 3
1.75E7
2.5E7
1000 5 3
1.875E7
3.0E7
1000 5 3
1.625E7
4.25E7
1000 5 3
1.625E7
2.375E7
1778 5 3
5.5E7
6.0E7
1000 5 3
1.5E7
2.5E7
1000 5 3
1.875E7
2.375E7
1000 5 3
1.75E7
2.375E7
1000 5 3
1.625E7
2.375E7
1000 5 3
1.625E7
2.375E7
1778 5 3
4.25E7
6.0E7
1778 5 3
6.0E7
5.5E7
1000 5 3
1.75E7
2.25E7
1000 5 3
1.75E7
2.5E7
1000 5 3
1.625E7
2.625E7
1000 5 3
1.75E7
2.25E7
1000 5 3
2.5E7
2.0E7
1778 5 3
4.25E7
6.0E7
1778 5 3
4.25E7
5.5E7
1778 5 3
4.0E7
6.0E7
1778 5 3
4.0E7
6.0E7
1778 5 3
4.25E7
6.0E7
1778 5 4
4.25E7
5.5E7
1778 5 3
3.75E7
6.0E7
1778 5 3
4.5E7
6.5E7
1778 5 4
3.75E7
7.0E7
1778 5 3
3.75E7
6.5E7
1778 5 3
4.5E7
7.0E7
1778 5 3
4.0E7
6.5E7
1778 5 3
4.0E7
1.5E8
1778 5 3
3.75E7
8.5E7
1778 5 3
4.0E7
5.5E7
1778 5 3
3.5E7
1.35E8
1778 5 3
3.75E7
1.3E8
1778 5 3
4.5E7
2.0E8
1778 5 3
3.5E7
1.35E8
1778 5 4
3.75E7
7.5E7
1778 5 3
4.5E7
1.9E8
1778 5 3
3.75E7
1.45E8
1778 5 3
3.75E7
7.0E7
1778 5 3
3.75E7
1.3E8
1778 5 3
4.0E7
6.5E7
1778 5 3
3.75E7
6.0E7
1778 5 4
4.25E7
6.5E7
1778 5 4
4.25E7
6.0E7
1778 5 4
4.25E7
7.0E7
3162 5 4
8.5E7
2.8E8
3162 5 3
1.0E8
2.1E8
3162 5 4
9.5E7
2.7E8
3162 5 4
1.0E8
2.7E8
3162 5 4
9.0E7
2.8E8
3162 5 4
8.0E7
2.7E8
3162 5 4
8.5E7
2.5E8
3162 5 4
1.1E8
2.0E8
3162 5 4
8.5E7
2.8E8
3162 5 3
8.5E7
2.9E8
3162 5 3
9.0E7
2.0E8
3162 5 4
8.5E7
2.7E8
3162 5 3
1.1E8
2.3E8
3162 5 3
9.5E7
2.4E8
3162 5 4
9.0E7
2.2E8
3162 5 4
9.5E7
2.5E8
3162 5 4
9.5E7
2.5E8
3162 5 3
9.0E7
2.9E8
3162 5 4
8.5E7
2.4E8
3162 5 4
1.05E8
2.4E8
3162 5 4
9.0E7
2.4E8
3162 5 4
1.0E8
2.6E8
3162 5 4
9.0E7
2.5E8
3162 5 3
8.0E7
3.8E8
3162 5 4
8.0E7
2.7E8
3162 5 3
7.5E7
4.3E8
3162 5 4
8.0E7
4.4E8
3162 5 3
9.0E7
2.5E8
3162 5 3
8.5E7
4.1E8
3162 5 3
8.5E7
2.8E8
3162 5 4
9.0E7
4.2E8
3162 5 4
8.5E7
4.4E8
5623 5 4
1.8E8
7.1E8
5623 5 4
2.1E8
8.1E8
5623 5 4
2.3E8
8.8E8
5623 5 4
2.0E8
8.6E8
5623 5 4
2.5E8
7.8E8
5623 5 4
2.1E8
9.1E8
5623 5 4
2.0E8
7.9E8
5623 5 4
1.8E8
8.4E8
5623 5 4
1.9E8
8.7E8
5623 5 4
2.7E8
9.5E8
5623 5 4
1.9E8
8.9E8
5623 5 4
2.2E8
7.6E8
5623 5 4
1.7E8
1.0E9
5623 5 4
2.2E8
8.4E8
5623 5 4
2.1E8
8.1E8
5623 5 4
1.9E8
9.5E8
5623 5 4
2.1E8
8.2E8
5623 5 4
2.1E8
9.1E8
5623 5 4
1.9E8
8.2E8
5623 5 4
2.2E8
9.1E8
5623 5 4
2.0E8
7.8E8
5623 5 4
2.2E8
9.0E8
5623 5 4
2.5E8
7.5E8
5623 5 4
3.5E8
1.07E9
5623 5 4
2.1E8
8.9E8
5623 5 4
2.4E8
8.3E8
5623 5 4
2.0E8
8.9E8
5623 5 4
2.2E8
1.09E9
5623 5 4
2.1E8
8.7E8
5623 5 4
2.3E8
1.14E9
5623 5 4
2.3E8
8.4E8
5623 5 4
2.5E8
1.06E9
10000 5 4
4.4E8
2.51E9
10000 5 4
4.3E8
2.58E9
10000 5 5
4.4E8
2.59E9
10000 5 5
4.3E8
2.37E9
10000 5 4
4.4E8
2.49E9
10000 5 5
5.1E8
2.55E9
10000 5 4
4.5E8
2.23E9
10000 5 4
4.6E8
2.56E9
10000 5 5
4.5E8
2.44E9
10000 5 4
4.2E8
2.5E9
10000 5 5
4.6E8
2.49E9
10000 5 4
4.0E8
2.62E9
10000 5 4
4.6E8
2.36E9
10000 5 5
4.8E8
3.22E9
10000 5 4
4.4E8
3.05E9
10000 5 4
4.9E8
2.63E9
10000 5 5
5.2E8
2.74E9
10000 5 4
4.5E8
3.09E9
10000 5 4
4.5E8
3.23E9
10000 5 5
4.8E8
3.41E9
10000 5 4
4.1E8
3.11E9
10000 5 5
4.9E8
2.85E9
10000 5 4
4.5E8
3.3E9
10000 5 4
4.7E8
3.11E9
10000 5 4
6.2E8
2.81E9
10000 5 5
4.6E8
3.48E9
10000 5 4
4.9E8
3.54E9
10000 5 4
5.5E8
3.33E9
10000 5 5
4.3E8
3.97E9
10000 5 4
5.2E8
4.07E9
10000 5 5
4.7E8
4.16E9
10000 5 5
4.5E8
4.18E9
17782 5 5
9.8E8
6.14E9
17782 5 5
9.4E8
6.1E9
17782 5 5
9.7E8
7.55E9
17782 5 5
9.6E8
7.49E9
17782 5 5
1.01E9
7.96E9
17782 5 5
9.2E8
8.47E9
17782 5 5
1.01E9
8.52E9
17782 5 5
9.6E8
9.17E9
17782 5 5
9.8E8
9.02E9
17782 5 5
1.34E9
8.41E9
17782 5 5
1.02E9
8.92E9
17782 5 5
9.8E8
9.39E9
17782 5 5
1.19E9
8.73E9
17782 5 5
1.05E9
9.6E9
17782 5 6
1.09E9
1.124E10
17782 5 5
1.03E9
1.074E10
17782 5 5
1.08E9
1.145E10
17782 5 5
1.04E9
1.133E10
17782 5 5
1.28E9
1.085E10
17782 5 5
1.09E9
1.198E10
17782 5 5
1.13E9
1.079E10
17782 5 5
1.06E9
1.229E10
17782 5 5
1.22E9
1.127E10
17782 5 5
1.07E9
1.298E10
17782 5 5
1.04E9
1.266E10
17782 5 5
1.03E9
1.25E10
17782 5 5
1.28E9
1.198E10
17782 5 5
1.03E9
1.381E10
17782 5 5
1.35E9
1.32E10
17782 5 5
1.31E9
1.358E10
17782 5 5
1.33E9
1.491E10
17782 5 5
1.07E9
1.712E10
31622 5 6
2.09E9
2.321E10
31622 5 5
2.11E9
2.628E10
31622 5 5
2.18E9
2.34E10
31622 5 5
2.08E9
2.764E10
31622 5 5
2.11E9
2.936E10
31622 5 6
2.15E9
2.809E10
31622 5 6
2.24E9
3.278E10
31622 5 5
2.29E9
3.352E10
31622 5 6
2.07E9
2.926E10
31622 5 6
2.18E9
2.992E10
31622 5 6
2.23E9
2.671E10
31622 5 5
2.15E9
3.07E10
31622 5 5
2.25E9
2.707E10
31622 5 5
2.18E9
3.386E10
31622 5 6
2.4E9
3.139E10
31622 5 5
2.26E9
2.999E10
31622 5 5
2.38E9
3.201E10
31622 5 6
2.08E9
3.438E10
31622 5 6
3.36E9
2.862E10
31622 5 5
2.15E9
3.152E10
31622 5 5
2.41E9
3.496E10
31622 5 6
2.21E9
3.501E10
31622 5 5
2.52E9
3.552E10
31622 5 5
2.97E9
3.332E10
31622 5 6
2.35E9
3.541E10
31622 5 6
2.61E9
3.681E10
31622 5 6
3.11E9
3.745E10
31622 5 5
2.84E9
3.954E10
31622 5 5
2.3E9
4.552E10
31622 5 6
2.89E9
3.564E10
31622 5 5
2.95E9
4.073E10
31622 5 6
3.06E9
4.445E10
56234 5 6
4.62E9
7.966E10
56234 5 6
4.75E9
9.626E10
56234 5 6
4.57E9
9.605E10
56234 5 6
4.66E9
1.007E11
56234 5 6
4.83E9
1.0409E11
56234 5 6
4.7E9
9.774E10
56234 5 6
4.92E9
1.0178E11
56234 5 6
4.98E9
1.0265E11
56234 5 6
4.85E9
1.1262E11
56234 5 6
4.72E9
1.0053E11
56234 5 6
4.6E9
1.0948E11
56234 5 6
4.56E9
1.0992E11
56234 5 6
4.98E9
1.0452E11
56234 5 7
4.61E9
1.0834E11
56234 5 6
4.66E9
1.1554E11
56234 5 6
4.68E9
1.226E11
56234 5 6
4.22E9
1.0568E11
56234 5 6
5.28E9
1.2103E11
56234 5 6
4.92E9
1.1675E11
56234 5 6
4.64E9
1.1808E11
56234 5 6
4.68E9
1.1686E11
56234 5 6
6.67E9
1.1632E11
56234 5 6
6.02E9
1.1936E11
56234 5 6
4.68E9
1.1959E11
56234 5 6
5.6E9
1.0762E11
56234 5 6
5.37E9
1.2525E11
56234 5 6
5.14E9
1.2671E11
56234 5 6
4.52E9
1.2226E11
56234 5 6
5.56E9
1.1945E11
56234 5 6
5.85E9
1.3321E11
56234 5 6
6.41E9
1.5658E11
56234 5 6
7.43E9
1.416E11
100000 5 7
1.017E10
3.1771E11
100000 5 7
9.33E9
3.107E11
100000 5 7
9.6E9
3.2548E11
100000 5 7
1.028E10
3.2121E11
100000 5 7
1.016E10
3.2845E11
100000 5 7
1.047E10
3.308E11
100000 5 7
1.003E10
3.361E11
100000 5 6
1.198E10
3.3415E11
100000 5 7
1.064E10
3.3917E11
100000 5 7
9.88E9
3.4661E11
100000 5 7
1.07E10
3.433E11
100000 5 7
1.01E10
3.5437E11
100000 5 7
1.003E10
3.5199E11
100000 5 7
1.023E10
3.3479E11
100000 5 7
1.029E10
3.649E11
100000 5 6
1.146E10
3.4301E11
100000 5 7
1.539E10
3.3046E11
100000 5 7
1.037E10
3.4812E11
100000 5 6
1.133E10
3.491E11
100000 5 7
1.348E10
3.4946E11
100000 5 7
1.057E10
3.5127E11
100000 5 7
1.074E10
3.6322E11
100000 5 7
1.243E10
3.5474E11
100000 5 7
1.131E10
3.6407E11
100000 5 7
9.68E9
3.5691E11
100000 5 7
1.016E10
3.6612E11
100000 5 7
1.213E10
3.5381E11
100000 5 7
1.145E10
3.3202E11
100000 5 7
1.202E10
3.7321E11
100000 5 7
9.88E9
3.8694E11
100000 5 7
1.082E10
3.8584E11
100000 5 7
1.103E10
3.6113E11
