100 4 3
351562.5
273437.5
100 4 3
371093.75
253906.25
100 4 3
371093.75
292968.75
100 4 3
371093.75
312500.0
100 4 2
390625.0
292968.75
100 4 3
371093.75
273437.5
100 4 3
390625.0
292968.75
100 4 3
371093.75
292968.75
100 4 3
351562.5
312500.0
100 4 3
351562.5
292968.75
100 4 2
371093.75
312500.0
100 4 3
371093.75
312500.0
100 4 2
351562.5
312500.0
100 4 2
371093.75
312500.0
100 4 3
351562.5
292968.75
100 4 3
351562.5
312500.0
100 4 3
371093.75
332031.25
100 4 3
371093.75
332031.25
100 4 2
371093.75
332031.25
100 4 3
371093.75
332031.25
100 4 3
390625.0
312500.0
100 4 2
390625.0
312500.0
100 4 2
371093.75
312500.0
100 4 3
371093.75
292968.75
100 4 2
371093.75
312500.0
100 4 2
371093.75
312500.0
100 4 2
390625.0
332031.25
100 4 3
371093.75
332031.25
100 4 2
371093.75
332031.25
100 4 2
351562.5
312500.0
100 4 3
390625.0
332031.25
100 4 3
390625.0
292968.75
177 4 3
937500.0
859375.0
177 4 3
859375.0
937500.0
177 4 4
937500.0
859375.0
177 4 3
937500.0
937500.0
177 4 3
937500.0
859375.0
177 4 3
1015625.0
859375.0
177 4 3
937500.0
859375.0
177 4 3
1093750.0
937500.0
177 4 3
1093750.0
859375.0
177 4 3
1093750.0
1015625.0
177 4 3
937500.0
742187.5
177 4 3
859375.0
781250.0
177 4 3
859375.0
820312.5
177 4 3
859375.0
820312.5
177 4 3
1093750.0
742187.5
177 4 3
937500.0
859375.0
177 4 3
859375.0
781250.0
177 4 3
937500.0
781250.0
177 4 3
937500.0
703125.0
177 4 3
898437.5
859375.0
177 4 3
859375.0
781250.0
177 4 3
937500.0
781250.0
177 4 3
859375.0
781250.0
177 4 3
937500.0
742187.5
177 4 3
937500.0
781250.0
177 4 3
976562.5
937500.0
177 4 3
937500.0
859375.0
177 4 4
937500.0
820312.5
177 4 3
937500.0
859375.0
177 4 3
937500.0
898437.5
177 4 3
1015625.0
742187.5
177 4 3
937500.0
937500.0
316 4 3
2031250.0
2031250.0
316 4 3
2187500.0
2187500.0
316 4 3
2031250.0
2031250.0
316 4 3
2031250.0
2031250.0
316 4 4
2031250.0
2187500.0
316 4 4
2187500.0
2187500.0
316 4 3
2187500.0
2500000.0
316 4 4
1875000.0
2500000.0
316 4 3
2187500.0
2343750.0
316 4 3
2031250.0
2500000.0
316 4 4
2187500.0
2187500.0
316 4 3
2187500.0
2343750.0
316 4 4
1875000.0
2187500.0
316 4 3
2031250.0
2187500.0
316 4 3
2187500.0
2187500.0
316 4 4
2187500.0
2031250.0
316 4 3
2031250.0
2500000.0
316 4 3
2031250.0
2343750.0
316 4 3
2031250.0
2031250.0
316 4 3
2031250.0
2343750.0
316 4 4
2031250.0
2656250.0
316 4 3
2187500.0
2187500.0
316 4 4
2500000.0
2187500.0
316 4 3
2343750.0
2500000.0
316 4 3
2500000.0
2343750.0
316 4 3
2656250.0
2187500.0
316 4 3
2656250.0
2031250.0
316 4 3
2187500.0
2656250.0
316 4 3
2500000.0
2187500.0
316 4 3
2187500.0
2343750.0
316 4 3
2031250.0
2187500.0
316 4 3
2187500.0
2656250.0
562 4 4
4687500.0
7500000.0
562 4 4
5312500.0
6875000.0
562 4 4
5312500.0
6875000.0
562 4 4
5625000.0
7500000.0
562 4 4
5937500.0
7500000.0
562 4 4
4687500.0
5625000.0
562 4 4
5000000.0
7187500.0
562 4 4
5000000.0
6562500.0
562 4 3
5000000.0
7500000.0
562 4 4
4687500.0
7500000.0
562 4 5
6562500.0
9375000.0
562 4 4
4375000.0
1.0E7
562 4 4
5937500.0
8750000.0
562 4 4
4687500.0
1.0E7
562 4 4
4375000.0
6875000.0
562 4 4
4375000.0
6562500.0
562 4 4
5000000.0
8125000.0
562 4 4
5000000.0
6562500.0
562 4 4
4687500.0
6250000.0
562 4 3
5000000.0
5937500.0
562 4 4
5937500.0
5937500.0
562 4 4
4375000.0
5625000.0
562 4 4
4687500.0
5625000.0
562 4 4
5312500.0
5625000.0
562 4 4
4375000.0
5937500.0
562 4 4
5312500.0
6250000.0
562 4 4
4687500.0
6250000.0
562 4 4
5000000.0
6250000.0
562 4 4
5312500.0
5625000.0
562 4 4
5000000.0
5937500.0
562 4 4
5312500.0
5937500.0
562 4 4
6250000.0
6250000.0
1000 4 5
1.125E7
1.75E7
1000 4 4
9375000.0
1.625E7
1000 4 4
1.125E7
1.625E7
1000 4 5
1.0625E7
1.75E7
1000 4 4
1.0E7
1.75E7
1000 4 6
1.0625E7
1.75E7
1000 4 4
1.0625E7
1.75E7
1000 4 5
1.125E7
2.25E7
1000 4 5
1.0625E7
3.0E7
1000 4 5
1.0625E7
1.625E7
1000 4 5
1.0E7
1.75E7
1000 4 4
1.3125E7
1.75E7
1000 4 4
1.25E7
1.75E7
1000 4 5
1.0E7
1.5E7
1000 4 4
1.3125E7
1.75E7
1000 4 4
1.0E7
2.375E7
1000 4 4
1.1875E7
1.875E7
1000 4 4
1.1875E7
1.875E7
1000 4 4
1.125E7
2.0E7
1000 4 5
1.25E7
1.625E7
1000 4 4
1.25E7
1.625E7
1000 4 4
1.125E7
1.625E7
1000 4 4
1.3125E7
1.625E7
1000 4 5
1.1875E7
2.125E7
1000 4 5
1.125E7
1.75E7
1000 4 4
1.125E7
1.5E7
1000 4 5
1.125E7
1.75E7
1000 4 5
1.375E7
1.625E7
1000 4 4
1.125E7
2.0E7
1778 4 5
2.75E7
5.5E7
1000 4 4
1.125E7
2.125E7
1000 4 5
1.4375E7
1.875E7
1000 4 4
1.125E7
2.0E7
1778 4 5
3.0E7
5.5E7
1778 4 5
2.25E7
6.0E7
1778 4 5
2.25E7
5.5E7
1778 4 5
2.25E7
4.5E7
1778 4 5
2.125E7
4.25E7
1778 4 5
2.625E7
5.5E7
1778 4 5
2.125E7
5.5E7
1778 4 5
2.375E7
5.0E7
1778 4 5
2.375E7
4.25E7
1778 4 5
2.5E7
5.0E7
1778 4 5
2.5E7
5.5E7
1778 4 5
2.25E7
4.0E7
1778 4 5
2.5E7
6.0E7
1778 4 5
2.75E7
4.5E7
1778 4 5
2.125E7
4.75E7
1778 4 6
2.625E7
5.25E7
3162 4 6
6.0E7
1.5E8
1778 4 6
2.625E7
4.75E7
3162 4 6
5.5E7
1.7E8
1778 4 5
2.75E7
4.0E7
1778 4 5
2.75E7
4.25E7
1778 4 5
2.625E7
4.5E7
1778 4 5
2.375E7
4.25E7
1778 4 7
2.5E7
4.0E7
1778 4 5
3.125E7
4.75E7
1778 4 5
3.125E7
5.5E7
1778 4 5
3.125E7
5.0E7
1778 4 5
2.75E7
5.25E7
1778 4 5
2.75E7
5.25E7
3162 4 6
5.5E7
1.8E8
1778 4 6
2.625E7
5.5E7
3162 4 6
5.5E7
1.7E8
3162 4 5
5.5E7
1.8E8
1778 4 5
3.125E7
6.25E7
1778 4 5
2.5E7
5.0E7
1778 4 5
2.5E7
6.0E7
3162 4 6
5.25E7
1.9E8
3162 4 6
5.75E7
1.7E8
3162 4 6
6.0E7
1.8E8
3162 4 6
6.0E7
1.6E8
3162 4 7
5.0E7
2.1E8
3162 4 6
4.75E7
1.6E8
3162 4 6
6.0E7
1.8E8
3162 4 6
5.0E7
1.6E8
3162 4 5
6.0E7
1.9E8
3162 4 5
5.25E7
1.4E8
3162 4 6
8.0E7
1.6E8
3162 4 6
6.25E7
1.7E8
3162 4 6
6.0E7
1.7E8
3162 4 6
5.5E7
1.6E8
3162 4 5
6.25E7
1.8E8
3162 4 6
5.5E7
1.8E8
3162 4 5
5.0E7
1.6E8
3162 4 6
5.5E7
1.5E8
3162 4 6
5.25E7
1.6E8
3162 4 6
5.0E7
1.5E8
3162 4 6
6.0E7
1.6E8
3162 4 6
5.5E7
1.7E8
3162 4 6
5.25E7
1.5E8
3162 4 6
4.75E7
1.5E8
3162 4 6
5.0E7
1.8E8
3162 4 6
5.0E7
2.0E8
3162 4 6
5.0E7
1.5E8
5623 4 6
1.3E8
4.5E8
5623 4 7
1.1E8
5.0E8
5623 4 6
1.2E8
5.0E8
5623 4 6
1.1E8
4.6E8
5623 4 6
1.2E8
5.2E8
5623 4 6
1.1E8
4.3E8
5623 4 6
1.1E8
5.3E8
5623 4 6
1.1E8
5.1E8
5623 4 6
1.1E8
5.5E8
5623 4 7
1.2E8
5.3E8
5623 4 6
1.1E8
5.6E8
5623 4 7
1.0E8
4.2E8
5623 4 6
1.2E8
5.4E8
5623 4 6
1.1E8
5.3E8
5623 4 6
1.1E8
5.6E8
5623 4 7
1.1E8
5.8E8
5623 4 7
1.3E8
4.5E8
5623 4 7
1.1E8
4.5E8
5623 4 6
1.1E8
5.6E8
5623 4 6
1.1E8
5.7E8
5623 4 7
1.2E8
5.7E8
5623 4 6
1.1E8
5.9E8
5623 4 6
1.2E8
4.6E8
5623 4 7
1.1E8
5.9E8
5623 4 7
1.3E8
5.9E8
5623 4 6
1.25E8
5.5E8
5623 4 6
1.15E8
4.4E8
5623 4 7
1.3E8
6.0E8
5623 4 6
1.1E8
4.5E8
5623 4 6
1.4E8
5.4E8
5623 4 6
1.3E8
5.5E8
5623 4 7
1.1E8
5.7E8
10000 4 7
2.6E8
1.47E9
10000 4 7
2.1E8
1.31E9
10000 4 7
2.5E8
1.65E9
10000 4 7
2.5E8
1.41E9
10000 4 7
2.4E8
1.49E9
10000 4 7
2.5E8
1.68E9
10000 4 7
2.3E8
1.37E9
10000 4 7
2.4E8
1.82E9
10000 4 7
2.3E8
1.69E9
10000 4 7
2.3E8
1.52E9
10000 4 7
3.0E8
1.75E9
10000 4 7
2.3E8
1.67E9
10000 4 7
2.4E8
1.65E9
10000 4 7
2.6E8
1.88E9
10000 4 7
2.7E8
1.65E9
10000 4 7
2.3E8
1.74E9
10000 4 7
2.6E8
1.75E9
10000 4 7
2.6E8
1.75E9
10000 4 7
2.5E8
1.6E9
10000 4 7
2.4E8
1.74E9
10000 4 7
2.7E8
1.72E9
10000 4 7
2.4E8
1.48E9
10000 4 7
2.9E8
1.61E9
10000 4 7
2.7E8
1.65E9
10000 4 7
2.7E8
1.67E9
10000 4 7
2.7E8
1.62E9
10000 4 7
2.5E8
1.47E9
10000 4 7
2.4E8
1.87E9
10000 4 7
2.3E8
1.84E9
10000 4 7
3.4E8
1.57E9
10000 4 7
3.1E8
1.68E9
10000 4 7
2.6E8
1.95E9
17782 4 7
4.6E8
4.21E9
17782 4 7
5.3E8
4.56E9
17782 4 7
5.0E8
4.78E9
17782 4 7
5.7E8
5.0E9
17782 4 7
4.9E8
5.12E9
17782 4 7
5.5E8
5.03E9
17782 4 7
5.0E8
5.24E9
17782 4 7
5.2E8
4.99E9
17782 4 7
5.0E8
5.23E9
17782 4 7
5.2E8
5.38E9
17782 4 7
5.8E8
5.01E9
17782 4 7
5.5E8
5.2E9
17782 4 7
5.1E8
5.21E9
17782 4 7
5.1E8
5.32E9
17782 4 7
5.2E8
5.44E9
17782 4 7
5.9E8
4.99E9
17782 4 7
5.0E8
5.48E9
17782 4 7
5.2E8
5.5E9
17782 4 7
5.3E8
5.63E9
17782 4 7
5.5E8
5.39E9
17782 4 7
5.2E8
5.45E9
17782 4 7
4.8E8
5.76E9
17782 4 7
5.8E8
5.84E9
17782 4 7
6.1E8
5.91E9
17782 4 7
6.0E8
6.0E9
17782 4 7
6.3E8
5.9E9
17782 4 7
6.7E8
5.59E9
17782 4 7
6.6E8
5.78E9
17782 4 7
6.6E8
6.04E9
17782 4 7
6.6E8
6.15E9
17782 4 7
7.1E8
6.43E9
17782 4 7
5.2E8
6.48E9
31622 4 7
1.22E9
1.568E10
31622 4 7
1.08E9
1.708E10
31622 4 7
1.16E9
1.665E10
31622 4 7
1.29E9
1.58E10
31622 4 7
1.32E9
1.595E10
31622 4 7
1.11E9
1.681E10
31622 4 7
1.18E9
1.849E10
31622 4 7
1.18E9
1.711E10
31622 4 7
1.02E9
1.803E10
31622 4 7
1.28E9
1.674E10
31622 4 7
1.01E9
1.875E10
31622 4 7
1.15E9
2.039E10
31622 4 7
1.09E9
1.908E10
31622 4 7
1.08E9
1.912E10
31622 4 7
1.3E9
1.816E10
31622 4 7
1.3E9
1.771E10
31622 4 7
1.1E9
2.042E10
31622 4 7
1.32E9
1.864E10
31622 4 7
1.1E9
2.031E10
31622 4 7
1.24E9
2.011E10
31622 4 7
1.11E9
2.1E10
31622 4 7
1.21E9
1.944E10
31622 4 7
1.21E9
2.014E10
31622 4 7
1.14E9
2.105E10
31622 4 7
1.14E9
2.123E10
31622 4 7
9.9E8
2.141E10
31622 4 7
1.24E9
2.12E10
31622 4 7
1.17E9
2.177E10
31622 4 7
1.07E9
2.199E10
31622 4 7
1.14E9
2.279E10
31622 4 7
1.33E9
2.198E10
31622 4 7
1.18E9
2.357E10
56234 4 7
2.47E9
6.357E10
56234 4 7
2.63E9
7.079E10
56234 4 7
2.27E9
7.389E10
56234 4 7
2.82E9
7.438E10
56234 4 7
2.5E9
7.735E10
56234 4 7
2.76E9
7.902E10
56234 4 7
2.19E9
7.369E10
56234 4 7
2.43E9
7.974E10
56234 4 7
2.72E9
7.767E10
56234 4 7
2.67E9
7.803E10
56234 4 7
2.69E9
7.679E10
56234 4 7
2.12E9
8.233E10
56234 4 7
2.6E9
7.978E10
56234 4 7
2.71E9
7.979E10
56234 4 7
2.63E9
8.058E10
56234 4 7
2.64E9
8.077E10
56234 4 7
2.49E9
8.568E10
56234 4 7
2.77E9
8.408E10
56234 4 7
2.49E9
7.935E10
56234 4 7
2.56E9
8.638E10
56234 4 7
2.32E9
8.758E10
56234 4 7
2.68E9
8.66E10
56234 4 7
2.84E9
8.812E10
56234 4 7
2.34E9
8.887E10
56234 4 7
2.9E9
8.773E10
56234 4 7
2.75E9
8.891E10
56234 4 7
2.8E9
9.354E10
56234 4 7
2.7E9
9.64E10
56234 4 7
2.84E9
9.398E10
56234 4 7
2.65E9
9.564E10
56234 4 7
2.95E9
9.514E10
56234 4 7
2.43E9
1.0243E11
100000 4 7
5.4E9
2.4873E11
100000 4 7
4.18E9
2.5666E11
100000 4 7
4.66E9
2.5717E11
100000 4 7
5.35E9
2.5723E11
100000 4 7
4.74E9
2.4731E11
100000 4 7
5.23E9
2.6438E11
100000 4 7
5.07E9
2.6674E11
100000 4 7
4.16E9
2.7716E11
100000 4 7
5.17E9
2.7848E11
100000 4 7
5.45E9
2.6165E11
100000 4 7
4.88E9
2.8128E11
100000 4 7
4.56E9
2.9651E11
100000 4 7
5.11E9
2.6697E11
100000 4 7
5.25E9
2.7841E11
100000 4 7
4.78E9
2.7775E11
100000 4 7
4.99E9
2.8885E11
100000 4 7
4.57E9
2.8977E11
100000 4 7
4.73E9
2.71E11
100000 4 7
5.6E9
2.727E11
100000 4 7
5.49E9
2.8141E11
100000 4 7
5.14E9
2.8472E11
100000 4 7
5.53E9
2.8636E11
100000 4 7
5.65E9
2.892E11
100000 4 7
5.28E9
2.9028E11
100000 4 7
5.23E9
2.9348E11
100000 4 7
4.45E9
2.9926E11
100000 4 7
5.11E9
3.0023E11
100000 4 7
5.13E9
2.8557E11
100000 4 7
6.01E9
2.8733E11
100000 4 7
5.8E9
2.9822E11
100000 4 7
6.05E9
3.04E11
100000 4 7
5.23E9
3.0235E11
