100 5 1
468750.0
429687.5
100 5 1
468750.0
429687.5
100 5 1
468750.0
468750.0
100 5 1
468750.0
429687.5
100 5 1
468750.0
429687.5
100 5 1
429687.5
429687.5
100 5 1
468750.0
429687.5
100 5 1
507812.5
429687.5
100 5 1
429687.5
429687.5
100 5 1
507812.5
468750.0
100 5 1
507812.5
429687.5
100 5 1
468750.0
429687.5
100 5 1
468750.0
429687.5
100 5 1
468750.0
429687.5
100 5 1
507812.5
429687.5
100 5 1
468750.0
429687.5
100 5 1
507812.5
429687.5
100 5 1
507812.5
429687.5
100 5 1
468750.0
390625.0
100 5 1
429687.5
371093.75
100 5 1
468750.0
351562.5
100 5 1
468750.0
390625.0
100 5 1
468750.0
390625.0
100 5 1
507812.5
390625.0
100 5 1
507812.5
390625.0
100 5 1
468750.0
410156.25
100 5 1
468750.0
410156.25
100 5 1
468750.0
390625.0
100 5 1
429687.5
390625.0
100 5 1
507812.5
390625.0
100 5 1
507812.5
371093.75
100 5 1
468750.0
371093.75
177 5 1
1171875.0
937500.0
177 5 1
1171875.0
1171875.0
177 5 1
1171875.0
1171875.0
177 5 1
1171875.0
1171875.0
177 5 1
1250000.0
1250000.0
177 5 1
1250000.0
1250000.0
177 5 1
1171875.0
1093750.0
177 5 1
1171875.0
1250000.0
177 5 1
1171875.0
1093750.0
177 5 1
1250000.0
1093750.0
177 5 1
1093750.0
1250000.0
177 5 1
1171875.0
1093750.0
177 5 1
1171875.0
1171875.0
177 5 1
1171875.0
1250000.0
177 5 1
1093750.0
1171875.0
177 5 1
1093750.0
1171875.0
177 5 1
1171875.0
1250000.0
177 5 1
1171875.0
1328125.0
177 5 1
1093750.0
1171875.0
177 5 1
1250000.0
1093750.0
177 5 1
1171875.0
1250000.0
177 5 1
1093750.0
1093750.0
177 5 1
1250000.0
1015625.0
177 5 1
1171875.0
1093750.0
177 5 1
1171875.0
1171875.0
177 5 1
1250000.0
1171875.0
177 5 1
1328125.0
1171875.0
177 5 1
1328125.0
1171875.0
177 5 1
1171875.0
1093750.0
177 5 1
1250000.0
1093750.0
177 5 1
1171875.0
1171875.0
177 5 1
1250000.0
1093750.0
316 5 1
2812500.0
3437500.0
316 5 1
2812500.0
3437500.0
316 5 1
2812500.0
3437500.0
316 5 1
2812500.0
3437500.0
316 5 1
2812500.0
3437500.0
316 5 1
2812500.0
3437500.0
316 5 1
2656250.0
3437500.0
316 5 1
2812500.0
3750000.0
316 5 1
2656250.0
4062500.0
316 5 1
2812500.0
3437500.0
316 5 1
2812500.0
3750000.0
316 5 1
2812500.0
4062500.0
316 5 1
2968750.0
3750000.0
316 5 1
2812500.0
3281250.0
316 5 1
2812500.0
3437500.0
316 5 1
2812500.0
3750000.0
316 5 1
2968750.0
3750000.0
316 5 1
2812500.0
3437500.0
316 5 1
2812500.0
3750000.0
316 5 1
2656250.0
3750000.0
316 5 1
2812500.0
3906250.0
316 5 1
2812500.0
3437500.0
316 5 1
2812500.0
3437500.0
316 5 1
2812500.0
3750000.0
316 5 1
2968750.0
3750000.0
316 5 1
2812500.0
3750000.0
316 5 1
2656250.0
3750000.0
316 5 1
3125000.0
3750000.0
316 5 1
2812500.0
3437500.0
316 5 1
2812500.0
3437500.0
316 5 1
3125000.0
3437500.0
562 5 1
7500000.0
9375000.0
316 5 1
2812500.0
3437500.0
562 5 1
6875000.0
1.3125E7
562 5 1
6875000.0
1.1875E7
562 5 1
7500000.0
2.75E7
562 5 1
7500000.0
2.75E7
562 5 1
7500000.0
1.875E7
562 5 1
6875000.0
1.0625E7
562 5 1
7500000.0
1.25E7
562 5 1
6875000.0
1.375E7
562 5 1
6875000.0
1.125E7
562 5 1
6875000.0
1.1875E7
562 5 1
6875000.0
1.75E7
562 5 1
6875000.0
1.125E7
562 5 1
7500000.0
1.375E7
562 5 1
6875000.0
1.1875E7
562 5 1
8750000.0
1.5E7
562 5 1
6875000.0
1.6875E7
562 5 1
6875000.0
1.1875E7
562 5 1
6875000.0
1.0625E7
562 5 1
6875000.0
1.0625E7
562 5 1
6875000.0
1.125E7
562 5 1
7500000.0
1.0625E7
562 5 1
6875000.0
1.1875E7
562 5 1
7500000.0
1.0625E7
562 5 1
7500000.0
1.0625E7
562 5 1
7500000.0
1.0625E7
562 5 1
7500000.0
1.0625E7
562 5 1
8750000.0
1.1875E7
562 5 1
7500000.0
1.0625E7
562 5 1
7500000.0
1.0E7
562 5 1
7500000.0
1.125E7
1000 5 1
2.0E7
3.25E7
1000 5 1
1.75E7
3.25E7
1000 5 1
1.5E7
3.5E7
1000 5 1
1.625E7
3.25E7
1000 5 1
1.5E7
4.25E7
1000 5 1
1.5E7
4.5E7
562 5 1
6875000.0
1.8125E7
1000 5 1
1.5E7
4.75E7
1000 5 1
1.75E7
6.5E7
1000 5 1
2.0E7
7.0E7
1000 5 1
1.625E7
4.5E7
1000 5 1
2.0E7
6.0E7
1000 5 1
1.75E7
5.75E7
1000 5 1
1.625E7
3.25E7
1000 5 1
1.75E7
3.25E7
1000 5 1
1.625E7
3.5E7
1000 5 1
1.875E7
6.0E7
1000 5 1
1.75E7
4.75E7
1000 5 1
1.5E7
3.25E7
1000 5 1
1.625E7
3.25E7
1000 5 1
1.625E7
3.5E7
1000 5 1
1.75E7
3.0E7
1000 5 1
1.75E7
2.75E7
1000 5 1
1.75E7
3.75E7
1000 5 1
1.75E7
3.5E7
1000 5 1
1.625E7
3.0E7
1000 5 1
1.75E7
3.5E7
1000 5 1
1.625E7
3.0E7
1000 5 1
1.75E7
3.0E7
1000 5 1
1.5E7
3.5E7
1000 5 1
1.625E7
3.0E7
1778 5 1
3.5E7
1.1E8
1778 5 1
3.5E7
1.1E8
1000 5 1
1.625E7
3.5E7
1000 5 1
2.125E7
4.5E7
1778 5 1
3.5E7
1.1E8
1778 5 1
4.0E7
1.1E8
1778 5 1
3.75E7
1.2E8
1778 5 1
3.75E7
1.7E8
1778 5 1
4.0E7
1.1E8
1778 5 1
3.5E7
1.7E8
1778 5 1
3.75E7
1.8E8
1778 5 1
3.75E7
1.1E8
1778 5 1
3.5E7
1.7E8
1778 5 1
3.25E7
1.1E8
1778 5 1
3.75E7
1.1E8
1778 5 1
3.75E7
1.1E8
1778 5 1
3.75E7
1.1E8
1778 5 1
3.5E7
1.0E8
1778 5 1
3.5E7
1.3E8
1778 5 1
3.5E7
1.3E8
1778 5 1
3.5E7
1.15E8
1778 5 1
3.5E7
1.45E8
1778 5 1
3.25E7
1.35E8
1778 5 1
3.5E7
1.1E8
1778 5 1
3.5E7
1.05E8
1778 5 1
3.5E7
1.05E8
1778 5 1
3.5E7
1.1E8
1778 5 1
3.75E7
1.0E8
1778 5 1
4.5E7
1.15E8
1778 5 1
3.75E7
1.2E8
1778 5 1
3.75E7
1.15E8
1778 5 1
4.25E7
1.2E8
1778 5 1
3.75E7
1.15E8
1778 5 1
3.75E7
1.25E8
3162 5 1
8.0E7
3.2E8
3162 5 1
8.5E7
3.6E8
3162 5 1
8.0E7
4.1E8
3162 5 1
8.0E7
4.1E8
3162 5 1
8.5E7
4.1E8
3162 5 1
9.0E7
3.9E8
3162 5 1
9.0E7
3.5E8
3162 5 1
8.0E7
4.0E8
3162 5 1
8.0E7
3.9E8
3162 5 1
8.0E7
4.7E8
3162 5 1
8.5E7
4.7E8
3162 5 1
9.0E7
4.8E8
3162 5 1
9.5E7
4.7E8
3162 5 1
8.5E7
4.0E8
3162 5 1
9.0E7
4.8E8
3162 5 1
9.0E7
4.1E8
3162 5 1
8.5E7
4.3E8
3162 5 1
9.0E7
5.4E8
3162 5 1
9.0E7
4.2E8
3162 5 1
9.0E7
3.9E8
3162 5 1
8.5E7
3.8E8
3162 5 1
1.0E8
4.9E8
3162 5 1
1.15E8
4.9E8
3162 5 1
9.0E7
3.8E8
3162 5 1
1.05E8
3.8E8
3162 5 1
9.5E7
3.8E8
3162 5 1
1.3E8
4.7E8
3162 5 1
8.5E7
4.3E8
3162 5 1
8.5E7
3.7E8
3162 5 1
9.5E7
3.3E8
3162 5 1
9.5E7
3.5E8
3162 5 1
9.0E7
3.8E8
5623 5 1
1.9E8
1.54E9
5623 5 1
1.8E8
1.44E9
5623 5 1
1.6E8
1.51E9
5623 5 1
1.8E8
1.54E9
5623 5 1
2.0E8
1.59E9
5623 5 1
1.8E8
1.43E9
5623 5 1
2.1E8
1.47E9
5623 5 1
1.9E8
1.43E9
5623 5 1
2.0E8
1.44E9
5623 5 1
1.8E8
1.7E9
5623 5 1
1.9E8
1.53E9
5623 5 1
2.1E8
1.41E9
5623 5 1
1.9E8
1.5E9
5623 5 1
1.8E8
1.64E9
5623 5 1
2.0E8
1.63E9
5623 5 1
2.3E8
1.74E9
5623 5 1
2.2E8
1.62E9
5623 5 1
2.3E8
1.87E9
5623 5 1
2.0E8
1.55E9
5623 5 1
2.1E8
1.4E9
5623 5 1
1.9E8
1.78E9
5623 5 1
2.0E8
1.79E9
5623 5 1
2.2E8
1.38E9
5623 5 1
2.3E8
1.81E9
5623 5 1
2.1E8
1.51E9
5623 5 1
2.7E8
1.61E9
5623 5 1
2.3E8
2.05E9
5623 5 1
2.7E8
1.71E9
5623 5 1
2.4E8
1.85E9
5623 5 1
2.3E8
1.81E9
5623 5 1
2.2E8
1.78E9
5623 5 1
2.6E8
1.93E9
10000 5 1
4.0E8
4.71E9
10000 5 1
3.9E8
4.75E9
10000 5 1
4.1E8
4.82E9
10000 5 1
3.8E8
5.07E9
10000 5 1
4.4E8
4.86E9
10000 5 1
4.3E8
4.97E9
10000 5 1
4.0E8
5.16E9
10000 5 1
4.4E8
4.95E9
10000 5 1
3.9E8
5.29E9
10000 5 1
4.4E8
5.02E9
10000 5 1
4.0E8
5.2E9
10000 5 1
4.2E8
5.26E9
10000 5 1
4.4E8
5.42E9
10000 5 1
4.1E8
5.36E9
10000 5 1
4.0E8
5.54E9
10000 5 1
4.1E8
5.53E9
10000 5 1
4.2E8
5.18E9
10000 5 1
5.0E8
5.49E9
10000 5 1
4.3E8
5.38E9
10000 5 1
4.1E8
5.49E9
10000 5 1
4.5E8
5.62E9
10000 5 1
4.1E8
5.95E9
10000 5 1
4.7E8
5.94E9
10000 5 1
4.5E8
5.58E9
10000 5 1
4.1E8
6.2E9
10000 5 1
5.0E8
5.78E9
10000 5 1
5.1E8
6.3E9
10000 5 1
4.6E8
7.13E9
10000 5 1
5.5E8
7.02E9
10000 5 1
6.1E8
7.05E9
10000 5 1
5.7E8
7.28E9
10000 5 1
7.0E8
6.73E9
17782 5 1
9.5E8
1.575E10
17782 5 1
8.6E8
1.599E10
17782 5 1
9.3E8
1.687E10
17782 5 1
9.5E8
1.716E10
17782 5 1
9.4E8
1.746E10
17782 5 1
8.5E8
1.828E10
17782 5 1
9.0E8
1.764E10
17782 5 1
8.9E8
1.852E10
17782 5 1
9.4E8
1.804E10
17782 5 1
8.9E8
1.852E10
17782 5 1
1.05E9
1.87E10
17782 5 1
1.0E9
1.9E10
17782 5 1
9.6E8
1.856E10
17782 5 1
9.6E8
1.886E10
17782 5 1
9.8E8
1.96E10
17782 5 1
9.3E8
1.853E10
17782 5 1
8.5E8
1.91E10
17782 5 1
9.0E8
1.945E10
17782 5 1
9.1E8
1.877E10
17782 5 1
8.8E8
2.057E10
17782 5 1
1.26E9
1.744E10
17782 5 1
9.6E8
1.826E10
17782 5 1
9.0E8
1.992E10
17782 5 1
1.11E9
1.917E10
17782 5 1
8.6E8
2.054E10
17782 5 1
9.9E8
1.814E10
17782 5 1
1.03E9
2.088E10
17782 5 1
1.02E9
2.102E10
17782 5 1
1.15E9
2.033E10
17782 5 1
1.04E9
1.848E10
17782 5 1
1.14E9
2.093E10
17782 5 1
1.16E9
2.123E10
31622 5 1
2.0E9
5.866E10
31622 5 1
1.96E9
6.068E10
31622 5 1
1.95E9
6.604E10
31622 5 1
2.05E9
6.552E10
31622 5 1
2.01E9
6.543E10
31622 5 1
2.12E9
6.636E10
31622 5 1
2.25E9
6.675E10
31622 5 1
1.98E9
6.766E10
31622 5 1
2.01E9
6.513E10
31622 5 1
2.07E9
6.861E10
31622 5 1
1.96E9
7.409E10
31622 5 1
2.25E9
7.019E10
31622 5 1
1.99E9
7.023E10
31622 5 1
2.1E9
7.206E10
31622 5 1
2.12E9
7.247E10
31622 5 1
2.06E9
7.078E10
31622 5 1
1.96E9
7.282E10
31622 5 1
1.92E9
7.426E10
31622 5 1
2.26E9
7.21E10
31622 5 1
1.94E9
7.621E10
31622 5 1
1.98E9
7.773E10
31622 5 1
1.99E9
7.318E10
31622 5 1
2.01E9
7.279E10
31622 5 1
3.02E9
7.099E10
31622 5 1
2.07E9
7.593E10
31622 5 1
1.92E9
8.223E10
31622 5 1
2.54E9
8.17E10
31622 5 1
1.93E9
9.385E10
31622 5 1
2.45E9
9.072E10
31622 5 1
2.03E9
9.487E10
31622 5 1
2.31E9
9.7E10
31622 5 1
2.04E9
1.0202E11
56234 5 1
4.49E9
2.2389E11
56234 5 1
4.75E9
2.7163E11
56234 5 1
4.58E9
2.8146E11
56234 5 1
4.79E9
2.7712E11
56234 5 1
4.16E9
2.8133E11
56234 5 1
4.27E9
2.916E11
56234 5 1
4.51E9
2.9124E11
56234 5 1
4.64E9
2.8102E11
56234 5 1
4.86E9
2.8272E11
56234 5 1
3.93E9
2.9506E11
56234 5 1
3.91E9
2.6731E11
56234 5 1
4.61E9
2.9415E11
56234 5 1
4.41E9
2.9912E11
56234 5 1
3.81E9
3.0296E11
56234 5 1
4.13E9
3.0486E11
56234 5 1
4.08E9
2.7635E11
56234 5 1
4.56E9
3.0411E11
56234 5 1
3.99E9
2.7731E11
56234 5 1
5.53E9
2.9684E11
56234 5 1
4.43E9
2.8538E11
56234 5 1
4.87E9
2.9934E11
56234 5 1
4.46E9
3.0711E11
56234 5 1
4.53E9
3.0968E11
56234 5 1
4.42E9
3.1525E11
56234 5 1
5.84E9
3.1338E11
56234 5 1
4.36E9
3.209E11
56234 5 1
4.79E9
3.1472E11
56234 5 1
4.65E9
3.2319E11
56234 5 1
4.19E9
3.3882E11
56234 5 1
4.17E9
3.3416E11
56234 5 1
5.04E9
3.968E11
56234 5 1
5.05E9
3.8456E11
100000 5 1
8.81E9
8.8699E11
100000 5 1
8.24E9
8.8366E11
100000 5 1
9.68E9
9.073E11
100000 5 1
8.79E9
9.1828E11
100000 5 1
8.04E9
9.8703E11
100000 5 1
8.66E9
9.6633E11
100000 5 1
9.78E9
9.9006E11
100000 5 1
8.12E9
9.9333E11
100000 5 1
9.87E9
9.7075E11
100000 5 1
1.003E10
9.9078E11
100000 5 1
8.05E9
1.01329E12
100000 5 1
9.33E9
1.02792E12
100000 5 1
9.44E9
1.01857E12
100000 5 1
8.74E9
1.00573E12
100000 5 1
9.42E9
1.01634E12
100000 5 1
9.17E9
1.00516E12
100000 5 1
8.78E9
1.01626E12
100000 5 1
9.05E9
1.01622E12
100000 5 1
9.07E9
1.0141E12
100000 5 1
9.25E9
1.02252E12
100000 5 1
9.95E9
1.05572E12
100000 5 1
9.15E9
1.03242E12
100000 5 1
9.7E9
1.05229E12
100000 5 1
9.48E9
9.5768E11
100000 5 1
9.87E9
1.05398E12
100000 5 1
1.023E10
1.06056E12
100000 5 1
1.09E10
1.03304E12
100000 5 1
9.6E9
1.0536E12
100000 5 1
1.111E10
1.08812E12
100000 5 1
9.05E9
1.07599E12
100000 5 1
9.2E9
9.9285E11
100000 5 1
9.19E9
1.09617E12
