100 7 2
585937.5
429687.5
100 7 1
546875.0
429687.5
100 7 1
507812.5
429687.5
100 7 1
585937.5
429687.5
100 7 1
585937.5
429687.5
100 7 1
585937.5
429687.5
100 7 1
585937.5
429687.5
100 7 2
546875.0
429687.5
100 7 2
585937.5
429687.5
100 7 2
585937.5
429687.5
100 7 1
546875.0
429687.5
100 7 1
585937.5
429687.5
100 7 1
585937.5
429687.5
100 7 1
585937.5
429687.5
100 7 1
625000.0
429687.5
100 7 1
585937.5
429687.5
100 7 1
585937.5
468750.0
100 7 1
546875.0
429687.5
100 7 1
585937.5
429687.5
100 7 1
625000.0
429687.5
100 7 1
546875.0
429687.5
100 7 1
585937.5
429687.5
100 7 1
507812.5
429687.5
100 7 1
625000.0
390625.0
100 7 1
546875.0
429687.5
100 7 2
625000.0
410156.25
100 7 1
625000.0
390625.0
100 7 1
585937.5
410156.25
100 7 1
585937.5
390625.0
100 7 1
546875.0
390625.0
100 7 1
625000.0
410156.25
100 7 1
585937.5
429687.5
177 7 1
1718750.0
1093750.0
177 7 1
1718750.0
1015625.0
177 7 1
1718750.0
1015625.0
177 7 2
1718750.0
1015625.0
177 7 2
1718750.0
1171875.0
177 7 1
1718750.0
1015625.0
177 7 1
1718750.0
1171875.0
177 7 1
1484375.0
1171875.0
177 7 1
1406250.0
1015625.0
177 7 1
1484375.0
1171875.0
177 7 2
1484375.0
1171875.0
177 7 1
1562500.0
1171875.0
177 7 2
1484375.0
1093750.0
177 7 1
1484375.0
1171875.0
177 7 1
1562500.0
1093750.0
177 7 1
1562500.0
1015625.0
177 7 1
1484375.0
1093750.0
177 7 1
1562500.0
1093750.0
177 7 2
1484375.0
1015625.0
177 7 1
1484375.0
1015625.0
177 7 1
1562500.0
1093750.0
177 7 1
1562500.0
1171875.0
177 7 1
1562500.0
937500.0
177 7 2
1484375.0
1093750.0
177 7 1
1562500.0
1015625.0
177 7 1
1328125.0
1093750.0
177 7 1
1328125.0
1015625.0
177 7 1
1484375.0
1015625.0
177 7 1
1484375.0
1015625.0
177 7 1
1484375.0
1015625.0
177 7 1
1484375.0
1015625.0
316 7 1
4062500.0
3437500.0
177 7 1
1562500.0
1015625.0
316 7 2
4062500.0
2812500.0
316 7 1
3750000.0
2968750.0
316 7 2
4062500.0
3437500.0
316 7 1
4062500.0
2968750.0
316 7 1
4062500.0
3750000.0
316 7 2
3750000.0
3437500.0
316 7 2
4062500.0
3437500.0
316 7 2
3750000.0
3125000.0
316 7 2
4062500.0
3750000.0
316 7 1
4062500.0
3125000.0
316 7 2
3750000.0
3437500.0
316 7 2
3750000.0
3125000.0
316 7 2
3750000.0
3437500.0
316 7 1
4062500.0
3437500.0
316 7 2
3750000.0
3750000.0
316 7 2
3750000.0
3437500.0
316 7 2
3437500.0
3125000.0
316 7 2
4062500.0
3125000.0
316 7 1
4375000.0
3437500.0
316 7 2
3750000.0
4062500.0
316 7 1
4375000.0
3750000.0
316 7 2
4062500.0
4062500.0
316 7 1
3750000.0
3281250.0
316 7 1
3750000.0
3125000.0
316 7 1
3750000.0
3125000.0
316 7 2
3750000.0
2656250.0
316 7 2
4062500.0
2968750.0
316 7 2
3750000.0
2968750.0
316 7 2
4375000.0
2968750.0
316 7 2
4375000.0
3437500.0
316 7 2
3750000.0
3125000.0
562 7 2
1.0625E7
9375000.0
562 7 2
1.0E7
8750000.0
562 7 2
8750000.0
1.0E7
562 7 2
1.0E7
1.0625E7
562 7 2
9375000.0
9375000.0
562 7 2
1.0E7
1.0625E7
562 7 2
9375000.0
1.0625E7
562 7 2
8750000.0
1.125E7
562 7 2
1.0E7
1.0625E7
562 7 2
1.0E7
1.0625E7
562 7 2
1.0E7
1.25E7
562 7 2
1.0E7
1.25E7
562 7 2
9375000.0
1.0E7
562 7 2
1.0E7
1.125E7
562 7 2
8750000.0
9375000.0
562 7 2
8750000.0
1.0625E7
562 7 2
9375000.0
1.1875E7
562 7 2
8125000.0
1.125E7
562 7 2
9375000.0
1.0E7
562 7 2
8125000.0
1.0E7
562 7 2
9375000.0
8750000.0
562 7 2
7500000.0
1.0625E7
562 7 2
9375000.0
1.25E7
562 7 2
9375000.0
1.1875E7
562 7 2
9375000.0
1.25E7
562 7 2
9375000.0
1.0E7
562 7 2
9375000.0
1.125E7
562 7 2
8750000.0
8750000.0
562 7 2
9375000.0
9375000.0
562 7 2
9375000.0
9375000.0
562 7 2
9375000.0
8125000.0
562 7 2
8750000.0
8750000.0
1000 7 2
2.375E7
2.75E7
1000 7 2
2.375E7
2.75E7
1000 7 2
2.625E7
2.875E7
1000 7 2
2.5E7
3.0E7
1000 7 2
2.375E7
4.0E7
1000 7 2
2.375E7
3.5E7
1000 7 2
2.5E7
6.0E7
1000 7 2
2.375E7
3.0E7
1000 7 2
2.375E7
3.75E7
1000 7 2
2.375E7
3.375E7
1000 7 2
2.75E7
4.25E7
1000 7 2
2.375E7
6.0E7
1000 7 2
2.375E7
5.5E7
1000 7 2
2.25E7
3.75E7
1000 7 2
2.375E7
3.0E7
1000 7 2
2.375E7
3.5E7
1000 7 2
2.375E7
3.25E7
1000 7 2
2.5E7
3.25E7
1000 7 2
2.5E7
3.75E7
1000 7 2
2.5E7
3.0E7
1000 7 2
2.5E7
3.5E7
1000 7 2
2.375E7
3.25E7
1000 7 2
2.75E7
2.75E7
1000 7 2
2.75E7
2.75E7
1000 7 2
2.5E7
3.0E7
1000 7 2
2.875E7
3.0E7
1000 7 2
2.75E7
2.75E7
1000 7 2
2.375E7
3.25E7
1000 7 2
2.75E7
2.75E7
1778 7 2
6.5E7
7.5E7
1778 7 2
6.0E7
1.3E8
1778 7 2
7.0E7
1.1E8
1000 7 2
2.625E7
3.5E7
1778 7 2
6.0E7
1.4E8
1000 7 2
2.625E7
3.625E7
1000 7 2
2.625E7
3.875E7
1778 7 2
6.5E7
1.2E8
1778 7 2
6.5E7
1.5E8
1778 7 2
6.5E7
1.4E8
1778 7 2
6.5E7
1.8E8
1778 7 2
6.0E7
1.25E8
1778 7 2
6.0E7
1.15E8
1778 7 2
6.5E7
1.8E8
1778 7 2
6.5E7
1.25E8
1778 7 2
6.0E7
9.5E7
1778 7 2
7.0E7
1.7E8
1778 7 2
5.5E7
9.5E7
1778 7 2
6.0E7
1.15E8
1778 7 2
6.0E7
9.5E7
1778 7 2
6.0E7
8.5E7
1778 7 2
6.0E7
9.0E7
1778 7 2
6.0E7
2.0E8
1778 7 2
5.5E7
8.0E7
1778 7 2
8.0E7
3.2E8
1778 7 2
7.5E7
2.2E8
1778 7 2
6.5E7
2.5E8
1778 7 2
6.5E7
8.5E7
1778 7 2
7.0E7
2.0E8
1778 7 2
1.25E8
1.2E8
1778 7 2
6.0E7
1.9E8
1778 7 2
5.5E7
1.85E8
1778 7 2
6.5E7
8.0E7
3162 7 2
1.5E8
2.8E8
1778 7 2
6.0E7
1.45E8
1778 7 2
6.0E7
1.45E8
3162 7 2
1.4E8
3.2E8
3162 7 2
1.4E8
3.1E8
3162 7 2
1.5E8
3.4E8
3162 7 2
1.4E8
3.3E8
3162 7 2
1.5E8
3.8E8
3162 7 2
1.5E8
4.2E8
3162 7 2
1.4E8
3.8E8
3162 7 2
1.5E8
3.4E8
3162 7 2
1.5E8
3.4E8
3162 7 2
1.4E8
3.4E8
3162 7 2
1.5E8
3.9E8
3162 7 2
1.4E8
4.0E8
3162 7 2
1.5E8
3.8E8
3162 7 2
1.5E8
3.7E8
3162 7 2
1.5E8
4.1E8
3162 7 2
1.6E8
3.2E8
3162 7 2
1.4E8
3.6E8
3162 7 2
1.5E8
3.4E8
3162 7 2
1.5E8
4.1E8
3162 7 2
1.4E8
3.8E8
3162 7 2
1.5E8
3.8E8
3162 7 2
1.5E8
3.8E8
3162 7 2
1.4E8
4.0E8
3162 7 2
1.5E8
3.2E8
3162 7 2
1.7E8
2.8E8
3162 7 2
1.4E8
4.9E8
3162 7 2
1.6E8
4.0E8
3162 7 2
1.7E8
4.1E8
3162 7 2
1.5E8
5.0E8
3162 7 2
1.5E8
2.4E8
3162 7 2
1.5E8
2.4E8
5623 7 2
3.3E8
1.06E9
5623 7 2
3.3E8
1.09E9
5623 7 2
3.2E8
1.09E9
5623 7 2
3.3E8
1.07E9
5623 7 2
3.4E8
1.05E9
5623 7 2
3.4E8
1.13E9
5623 7 2
3.3E8
1.14E9
5623 7 2
3.4E8
1.05E9
5623 7 2
3.3E8
1.04E9
5623 7 2
3.3E8
1.1E9
5623 7 2
3.5E8
1.19E9
5623 7 2
3.4E8
1.08E9
5623 7 2
3.4E8
1.32E9
5623 7 2
3.3E8
1.23E9
5623 7 2
3.8E8
1.0E9
5623 7 2
3.4E8
1.46E9
5623 7 2
3.4E8
1.27E9
5623 7 2
3.4E8
1.41E9
5623 7 2
4.2E8
9.6E8
5623 7 2
3.4E8
1.3E9
5623 7 2
3.4E8
1.37E9
5623 7 2
4.1E8
1.0E9
5623 7 2
3.4E8
1.38E9
5623 7 2
4.1E8
1.19E9
5623 7 2
3.4E8
1.45E9
5623 7 2
3.4E8
1.47E9
5623 7 2
3.9E8
1.73E9
5623 7 2
3.6E8
1.5E9
5623 7 2
3.5E8
1.49E9
5623 7 2
3.4E8
1.48E9
5623 7 2
4.9E8
1.36E9
5623 7 2
3.7E8
1.45E9
10000 7 2
8.0E8
3.18E9
10000 7 2
7.7E8
3.5E9
10000 7 2
7.8E8
3.51E9
10000 7 2
7.9E8
3.56E9
10000 7 3
7.9E8
3.49E9
10000 7 2
7.9E8
3.63E9
10000 7 2
7.9E8
3.6E9
10000 7 2
8.3E8
3.84E9
10000 7 3
8.4E8
3.71E9
10000 7 2
7.9E8
3.84E9
10000 7 2
7.9E8
3.67E9
10000 7 2
8.1E8
3.54E9
10000 7 2
7.9E8
3.72E9
10000 7 2
8.1E8
3.88E9
10000 7 2
7.9E8
3.94E9
10000 7 3
8.2E8
3.71E9
10000 7 2
8.5E8
4.1E9
10000 7 2
7.9E8
3.84E9
10000 7 3
7.9E8
3.89E9
10000 7 2
7.8E8
4.0E9
10000 7 2
7.8E8
4.15E9
10000 7 2
8.0E8
4.17E9
10000 7 3
7.9E8
4.21E9
10000 7 2
8.6E8
4.25E9
10000 7 2
8.0E8
4.53E9
10000 7 2
8.5E8
4.6E9
10000 7 3
8.0E8
4.51E9
10000 7 2
8.5E8
4.47E9
10000 7 3
8.3E8
4.65E9
10000 7 2
9.5E8
4.67E9
10000 7 2
1.05E9
4.42E9
10000 7 2
1.05E9
4.65E9
17782 7 3
1.89E9
1.243E10
17782 7 3
1.92E9
1.363E10
17782 7 3
1.87E9
1.43E10
17782 7 2
1.94E9
1.458E10
17782 7 2
2.12E9
1.391E10
17782 7 3
1.9E9
1.441E10
17782 7 2
1.86E9
1.477E10
17782 7 3
1.92E9
1.507E10
17782 7 3
2.19E9
1.464E10
17782 7 2
1.91E9
1.487E10
17782 7 3
2.17E9
1.453E10
17782 7 2
2.15E9
1.461E10
17782 7 2
1.93E9
1.563E10
17782 7 3
1.88E9
1.545E10
17782 7 3
1.88E9
1.596E10
17782 7 3
1.93E9
1.518E10
17782 7 2
1.85E9
1.586E10
17782 7 2
1.95E9
1.639E10
17782 7 2
1.92E9
1.593E10
17782 7 3
2.09E9
1.59E10
17782 7 2
1.97E9
1.583E10
17782 7 3
1.94E9
1.702E10
17782 7 2
2.23E9
1.595E10
17782 7 2
2.22E9
1.581E10
17782 7 2
2.04E9
1.632E10
17782 7 3
2.24E9
1.648E10
17782 7 3
2.03E9
1.715E10
17782 7 3
2.07E9
1.699E10
17782 7 3
2.5E9
1.634E10
17782 7 3
2.29E9
1.682E10
17782 7 3
2.27E9
1.706E10
17782 7 3
2.6E9
1.678E10
31622 7 3
4.53E9
4.873E10
31622 7 3
4.58E9
4.907E10
31622 7 3
4.81E9
4.559E10
31622 7 3
4.39E9
5.168E10
31622 7 3
4.61E9
5.244E10
31622 7 3
4.56E9
5.451E10
31622 7 3
4.84E9
5.085E10
31622 7 3
4.75E9
5.106E10
31622 7 3
4.42E9
5.253E10
31622 7 3
4.56E9
4.986E10
31622 7 3
4.31E9
5.506E10
31622 7 3
4.26E9
5.357E10
31622 7 3
4.93E9
5.092E10
31622 7 3
4.24E9
5.445E10
31622 7 3
4.51E9
5.517E10
31622 7 3
4.4E9
5.393E10
31622 7 3
4.27E9
5.569E10
31622 7 3
4.32E9
5.588E10
31622 7 3
4.52E9
5.776E10
31622 7 3
4.27E9
5.656E10
31622 7 3
4.25E9
5.579E10
31622 7 3
5.2E9
5.301E10
31622 7 3
4.98E9
5.377E10
31622 7 3
4.19E9
5.679E10
31622 7 3
4.52E9
5.552E10
31622 7 3
4.71E9
5.445E10
31622 7 3
4.42E9
5.687E10
31622 7 3
4.2E9
5.88E10
31622 7 3
4.55E9
5.796E10
31622 7 3
5.12E9
5.697E10
31622 7 3
4.57E9
6.033E10
31622 7 3
4.36E9
6.118E10
56234 7 3
1.107E10
1.6589E11
56234 7 3
1.095E10
1.8216E11
56234 7 3
1.045E10
1.8478E11
56234 7 3
1.026E10
1.8139E11
56234 7 3
1.039E10
1.8853E11
56234 7 3
1.06E10
1.8428E11
56234 7 3
1.116E10
1.8615E11
56234 7 3
1.111E10
1.905E11
56234 7 3
1.065E10
1.9602E11
56234 7 3
9.91E9
1.9584E11
56234 7 3
1.035E10
1.924E11
56234 7 3
1.073E10
2.0E11
56234 7 3
1.056E10
1.9925E11
56234 7 3
1.07E10
1.999E11
56234 7 3
1.09E10
1.9562E11
56234 7 3
1.127E10
1.9578E11
56234 7 3
1.034E10
2.0195E11
56234 7 3
1.14E10
1.9677E11
56234 7 3
1.092E10
2.0309E11
56234 7 3
1.151E10
2.0331E11
56234 7 3
1.059E10
2.075E11
56234 7 3
1.115E10
2.0505E11
56234 7 3
1.123E10
2.0731E11
56234 7 3
1.101E10
2.1014E11
56234 7 3
1.179E10
2.0731E11
56234 7 3
1.028E10
2.1606E11
56234 7 3
1.064E10
2.1169E11
56234 7 3
1.106E10
2.1531E11
56234 7 3
1.04E10
2.1893E11
56234 7 3
1.113E10
2.1492E11
56234 7 3
1.094E10
2.2001E11
56234 7 3
1.074E10
2.2575E11
100000 7 3
2.432E10
4.7383E11
100000 7 3
2.402E10
4.7673E11
100000 7 4
2.416E10
5.3004E11
100000 7 3
2.44E10
5.5774E11
100000 7 3
2.444E10
5.8636E11
100000 7 3
2.553E10
5.7795E11
100000 7 3
2.529E10
5.9862E11
100000 7 3
2.406E10
6.127E11
100000 7 3
2.459E10
5.9362E11
100000 7 3
2.737E10
6.4234E11
100000 7 3
2.429E10
6.6097E11
100000 7 3
2.421E10
6.4304E11
100000 7 3
2.401E10
6.4434E11
100000 7 3
2.409E10
6.184E11
100000 7 3
2.371E10
6.4567E11
100000 7 3
2.347E10
6.5207E11
100000 7 3
2.375E10
6.4357E11
100000 7 3
2.45E10
6.5325E11
100000 7 3
2.476E10
6.6301E11
100000 7 3
2.593E10
6.6117E11
100000 7 3
2.426E10
6.7237E11
100000 7 3
2.472E10
6.5508E11
100000 7 3
2.44E10
6.4943E11
100000 7 3
2.424E10
6.4872E11
100000 7 3
2.396E10
6.4553E11
100000 7 3
2.575E10
6.5156E11
100000 7 3
2.475E10
6.5158E11
100000 7 3
2.413E10
6.8835E11
100000 7 3
2.424E10
6.6701E11
100000 7 3
2.774E10
6.4498E11
100000 7 3
2.383E10
6.5907E11
100000 7 3
2.417E10
6.7614E11
