100 6 1
507812.5
429687.5
100 6 2
507812.5
429687.5
100 6 1
546875.0
429687.5
100 6 2
546875.0
429687.5
100 6 1
546875.0
429687.5
100 6 2
507812.5
429687.5
100 6 1
546875.0
507812.5
100 6 1
546875.0
429687.5
100 6 1
546875.0
429687.5
100 6 2
546875.0
468750.0
100 6 1
546875.0
429687.5
100 6 2
507812.5
468750.0
100 6 2
507812.5
429687.5
100 6 2
546875.0
429687.5
100 6 1
507812.5
390625.0
100 6 1
468750.0
429687.5
100 6 2
507812.5
390625.0
100 6 2
546875.0
390625.0
100 6 2
507812.5
371093.75
100 6 2
507812.5
410156.25
100 6 2
585937.5
390625.0
100 6 1
546875.0
410156.25
100 6 2
546875.0
371093.75
100 6 2
546875.0
371093.75
100 6 2
546875.0
390625.0
100 6 2
546875.0
390625.0
100 6 2
507812.5
371093.75
100 6 2
546875.0
410156.25
100 6 1
546875.0
410156.25
100 6 2
546875.0
390625.0
100 6 2
585937.5
410156.25
100 6 2
585937.5
371093.75
177 6 2
1328125.0
937500.0
177 6 2
1250000.0
1093750.0
177 6 2
1406250.0
1093750.0
177 6 2
1406250.0
1171875.0
177 6 2
1406250.0
1093750.0
177 6 2
1328125.0
1093750.0
177 6 2
1406250.0
1093750.0
177 6 2
1406250.0
1015625.0
177 6 2
1406250.0
1015625.0
177 6 2
1406250.0
1171875.0
177 6 2
1406250.0
1171875.0
177 6 1
1406250.0
1171875.0
177 6 2
1406250.0
1171875.0
177 6 2
1406250.0
1171875.0
177 6 2
1484375.0
1015625.0
177 6 2
1406250.0
1093750.0
177 6 2
1328125.0
1015625.0
177 6 2
1328125.0
1015625.0
177 6 2
1328125.0
937500.0
177 6 2
1406250.0
1093750.0
177 6 2
1328125.0
1093750.0
177 6 2
1484375.0
1093750.0
177 6 2
1406250.0
1093750.0
177 6 2
1406250.0
1093750.0
177 6 1
1406250.0
1015625.0
177 6 2
1484375.0
1015625.0
177 6 2
1406250.0
1093750.0
177 6 2
1406250.0
1015625.0
177 6 2
1406250.0
1015625.0
177 6 2
1484375.0
1093750.0
177 6 2
1484375.0
1093750.0
177 6 2
1484375.0
1015625.0
316 6 2
3437500.0
3437500.0
316 6 2
3437500.0
3437500.0
316 6 2
3437500.0
3750000.0
316 6 2
3437500.0
3750000.0
316 6 2
3750000.0
3437500.0
316 6 2
3437500.0
3437500.0
316 6 2
3437500.0
3750000.0
316 6 2
3750000.0
3437500.0
316 6 2
3750000.0
4062500.0
316 6 2
3593750.0
4062500.0
316 6 2
3750000.0
3437500.0
316 6 2
3437500.0
3437500.0
316 6 2
3750000.0
3437500.0
316 6 2
3750000.0
3437500.0
316 6 2
3437500.0
3750000.0
316 6 2
3437500.0
3437500.0
316 6 2
3437500.0
3437500.0
316 6 2
3437500.0
3750000.0
316 6 2
3750000.0
4062500.0
316 6 2
3437500.0
3437500.0
316 6 2
3437500.0
3437500.0
316 6 2
3437500.0
3437500.0
316 6 2
3437500.0
3281250.0
316 6 2
3750000.0
3750000.0
316 6 2
3437500.0
2968750.0
316 6 2
3437500.0
2968750.0
316 6 2
3750000.0
2968750.0
316 6 2
3750000.0
2812500.0
316 6 2
3437500.0
2812500.0
316 6 2
4062500.0
3125000.0
316 6 2
3750000.0
3125000.0
316 6 2
4218750.0
3437500.0
562 6 2
8125000.0
9375000.0
562 6 2
8125000.0
9375000.0
562 6 2
8125000.0
1.0625E7
562 6 2
8125000.0
9375000.0
562 6 2
8125000.0
1.0E7
562 6 2
8750000.0
8750000.0
562 6 2
8750000.0
9375000.0
562 6 2
8125000.0
9375000.0
562 6 2
8125000.0
1.0E7
562 6 2
8125000.0
1.125E7
562 6 2
8125000.0
9375000.0
562 6 2
8750000.0
1.0E7
562 6 2
8750000.0
9375000.0
562 6 2
8125000.0
9375000.0
562 6 2
8125000.0
1.0625E7
562 6 2
8125000.0
1.0E7
562 6 2
8125000.0
1.0E7
562 6 2
8750000.0
9375000.0
562 6 2
8750000.0
9375000.0
562 6 2
8750000.0
8750000.0
562 6 2
8750000.0
1.0E7
562 6 2
8750000.0
8750000.0
562 6 2
8750000.0
8750000.0
562 6 2
9375000.0
9375000.0
562 6 2
9375000.0
8750000.0
562 6 2
8125000.0
8750000.0
562 6 2
8750000.0
8125000.0
562 6 2
8750000.0
8750000.0
562 6 2
8750000.0
8125000.0
562 6 2
8750000.0
8125000.0
562 6 2
8125000.0
8750000.0
562 6 2
7500000.0
8750000.0
1000 6 2
2.0E7
2.75E7
1000 6 2
2.0E7
2.75E7
1000 6 2
2.125E7
2.75E7
1000 6 2
2.0E7
2.75E7
1000 6 2
2.125E7
3.0E7
1000 6 2
2.125E7
3.0E7
1000 6 2
2.125E7
3.0E7
1000 6 2
2.125E7
2.75E7
1000 6 2
2.125E7
2.75E7
1000 6 2
2.0E7
3.25E7
1000 6 2
2.125E7
2.75E7
1000 6 2
2.125E7
3.5E7
1000 6 2
2.0E7
3.0E7
1000 6 2
1.875E7
3.0E7
1000 6 2
2.0E7
3.0E7
1000 6 2
2.125E7
2.5E7
1000 6 2
2.125E7
3.0E7
1000 6 2
2.0E7
3.5E7
1000 6 2
2.25E7
2.75E7
1000 6 2
2.0E7
2.625E7
1000 6 2
2.125E7
2.75E7
1000 6 2
2.25E7
2.75E7
1000 6 2
2.0E7
2.375E7
1000 6 2
2.0E7
2.875E7
1000 6 2
2.25E7
2.375E7
1000 6 2
2.25E7
2.25E7
1778 6 3
6.0E7
7.0E7
1000 6 2
2.25E7
2.625E7
1000 6 2
2.25E7
2.625E7
1000 6 3
2.25E7
2.5E7
1778 6 2
5.5E7
1.1E8
1000 6 2
2.0E7
2.625E7
1778 6 2
4.75E7
1.1E8
1778 6 2
4.75E7
8.0E7
1000 6 2
2.25E7
3.0E7
1778 6 2
4.75E7
1.1E8
1000 6 2
2.0E7
2.625E7
1778 6 2
4.75E7
9.0E7
1778 6 2
4.75E7
7.5E7
1778 6 2
5.0E7
7.0E7
1778 6 3
5.0E7
9.5E7
1778 6 2
5.0E7
1.0E8
1778 6 2
5.0E7
8.0E7
1778 6 2
4.75E7
7.5E7
1778 6 2
4.75E7
8.0E7
1778 6 3
5.25E7
9.5E7
1778 6 2
5.0E7
8.0E7
1778 6 2
5.25E7
7.5E7
1778 6 2
5.0E7
7.5E7
1778 6 2
5.0E7
7.0E7
1778 6 2
4.75E7
7.0E7
1778 6 2
5.0E7
8.0E7
1778 6 3
5.25E7
8.0E7
1778 6 2
5.5E7
7.5E7
1778 6 2
5.5E7
7.0E7
1778 6 3
5.0E7
7.5E7
1778 6 3
5.0E7
8.5E7
1778 6 2
5.5E7
7.5E7
1778 6 2
4.75E7
8.0E7
1778 6 2
4.75E7
8.0E7
1778 6 2
5.0E7
7.5E7
3162 6 3
1.2E8
2.7E8
3162 6 3
1.2E8
2.8E8
3162 6 3
1.1E8
2.6E8
3162 6 2
1.3E8
2.9E8
3162 6 3
1.2E8
3.0E8
1778 6 2
5.0E7
8.0E7
3162 6 3
1.2E8
2.8E8
3162 6 2
1.2E8
2.3E8
3162 6 3
1.3E8
2.8E8
3162 6 3
1.2E8
2.7E8
3162 6 3
1.2E8
3.1E8
3162 6 3
1.3E8
2.7E8
3162 6 3
1.1E8
2.8E8
3162 6 3
1.5E8
2.7E8
3162 6 3
1.2E8
2.8E8
3162 6 3
1.1E8
3.2E8
1778 6 2
5.25E7
9.0E7
1778 6 3
7.0E7
7.5E7
3162 6 3
1.4E8
2.7E8
3162 6 3
1.2E8
2.7E8
3162 6 3
1.4E8
3.0E8
3162 6 3
1.3E8
2.5E8
3162 6 3
1.1E8
2.4E8
3162 6 3
1.1E8
2.4E8
3162 6 3
1.2E8
2.6E8
3162 6 3
1.3E8
2.8E8
3162 6 2
1.4E8
2.6E8
3162 6 3
1.2E8
2.3E8
3162 6 3
1.3E8
2.3E8
3162 6 3
1.3E8
2.4E8
3162 6 3
1.2E8
2.2E8
3162 6 3
1.2E8
2.4E8
3162 6 3
1.2E8
2.1E8
3162 6 3
1.3E8
2.3E8
3162 6 3
1.25E8
2.5E8
5623 6 3
2.6E8
8.8E8
5623 6 3
2.7E8
9.2E8
5623 6 3
2.6E8
8.9E8
5623 6 3
2.7E8
9.0E8
5623 6 3
2.7E8
9.7E8
5623 6 3
2.6E8
8.9E8
5623 6 3
2.6E8
9.1E8
5623 6 3
2.8E8
9.0E8
5623 6 3
2.7E8
9.5E8
5623 6 3
2.8E8
9.1E8
5623 6 3
3.0E8
8.5E8
5623 6 3
2.7E8
1.12E9
5623 6 3
3.3E8
9.7E8
5623 6 3
2.6E8
1.07E9
5623 6 3
2.8E8
1.07E9
5623 6 3
2.7E8
1.11E9
5623 6 3
2.6E8
1.11E9
5623 6 3
2.9E8
9.1E8
5623 6 3
2.7E8
9.3E8
5623 6 3
2.8E8
9.3E8
5623 6 3
2.6E8
1.0E9
5623 6 3
3.1E8
1.13E9
5623 6 3
2.7E8
1.29E9
5623 6 3
2.6E8
1.16E9
5623 6 3
2.7E8
1.09E9
5623 6 3
2.9E8
1.17E9
5623 6 3
2.9E8
1.14E9
5623 6 3
3.2E8
1.16E9
5623 6 3
3.2E8
1.06E9
5623 6 3
3.2E8
1.12E9
5623 6 3
3.3E8
1.0E9
5623 6 3
3.1E8
1.16E9
10000 6 3
6.1E8
2.83E9
10000 6 3
5.9E8
2.84E9
10000 6 3
6.4E8
3.09E9
10000 6 3
6.1E8
3.46E9
10000 6 3
6.0E8
3.09E9
10000 6 3
6.2E8
3.09E9
10000 6 3
6.9E8
3.05E9
10000 6 3
5.9E8
3.09E9
10000 6 4
6.1E8
2.9E9
10000 6 3
7.0E8
3.45E9
10000 6 4
6.4E8
3.0E9
10000 6 3
6.9E8
3.35E9
10000 6 3
6.6E8
3.03E9
10000 6 3
5.9E8
3.18E9
10000 6 3
6.1E8
3.24E9
10000 6 3
6.4E8
3.15E9
10000 6 3
6.2E8
3.27E9
10000 6 3
6.8E8
3.09E9
10000 6 3
6.1E8
3.37E9
10000 6 3
6.7E8
3.16E9
10000 6 3
6.6E8
3.12E9
10000 6 3
6.3E8
3.29E9
10000 6 3
6.0E8
2.98E9
10000 6 3
6.1E8
3.29E9
10000 6 3
6.2E8
3.28E9
10000 6 3
6.7E8
3.27E9
10000 6 3
6.2E8
3.46E9
10000 6 3
6.1E8
3.12E9
10000 6 3
6.3E8
3.19E9
10000 6 3
6.1E8
3.35E9
10000 6 3
6.2E8
3.33E9
10000 6 3
6.1E8
3.12E9
17782 6 4
1.38E9
8.69E9
17782 6 3
1.38E9
9.67E9
17782 6 3
1.32E9
1.045E10
17782 6 4
1.37E9
1.049E10
17782 6 3
1.37E9
1.129E10
17782 6 3
1.37E9
1.056E10
17782 6 3
1.31E9
1.064E10
17782 6 3
1.34E9
1.1E10
17782 6 3
1.36E9
1.067E10
17782 6 4
1.38E9
1.089E10
17782 6 3
1.36E9
1.089E10
17782 6 4
1.45E9
1.114E10
17782 6 4
1.36E9
1.164E10
17782 6 3
1.34E9
1.22E10
17782 6 3
1.35E9
1.224E10
17782 6 3
1.41E9
1.216E10
17782 6 3
1.36E9
1.224E10
17782 6 3
1.42E9
1.246E10
17782 6 3
1.48E9
1.244E10
17782 6 3
1.38E9
1.289E10
17782 6 3
1.35E9
1.335E10
17782 6 3
1.39E9
1.32E10
17782 6 3
1.51E9
1.232E10
17782 6 4
1.59E9
1.332E10
17782 6 3
1.33E9
1.43E10
17782 6 3
1.34E9
1.415E10
17782 6 3
1.41E9
1.315E10
17782 6 3
1.51E9
1.365E10
17782 6 3
1.47E9
1.332E10
17782 6 3
1.43E9
1.306E10
17782 6 3
1.57E9
1.395E10
17782 6 3
1.41E9
1.394E10
31622 6 4
3.26E9
3.216E10
31622 6 4
3.14E9
3.362E10
31622 6 4
3.21E9
3.836E10
31622 6 4
3.19E9
3.651E10
31622 6 4
3.29E9
3.577E10
31622 6 4
3.16E9
3.844E10
31622 6 4
3.35E9
3.908E10
31622 6 4
3.15E9
4.073E10
31622 6 4
3.25E9
4.211E10
31622 6 4
3.2E9
4.067E10
31622 6 4
3.32E9
3.814E10
31622 6 4
3.12E9
3.755E10
31622 6 3
3.42E9
4.008E10
31622 6 4
3.39E9
3.804E10
31622 6 4
3.91E9
4.112E10
31622 6 4
3.32E9
4.091E10
31622 6 4
3.26E9
4.498E10
31622 6 3
3.33E9
4.114E10
31622 6 4
3.22E9
4.39E10
31622 6 4
3.3E9
4.259E10
31622 6 4
3.33E9
4.423E10
31622 6 4
3.37E9
4.589E10
31622 6 4
3.43E9
4.408E10
31622 6 4
3.49E9
4.607E10
31622 6 4
3.72E9
4.407E10
31622 6 4
3.27E9
4.482E10
31622 6 4
3.25E9
4.811E10
31622 6 4
3.38E9
5.047E10
31622 6 4
3.42E9
4.735E10
31622 6 4
3.26E9
4.79E10
31622 6 4
3.33E9
4.868E10
31622 6 4
3.36E9
4.831E10
56234 6 4
7.57E9
1.2923E11
56234 6 4
8.65E9
1.2996E11
56234 6 4
7.05E9
1.4416E11
56234 6 4
7.8E9
1.3892E11
56234 6 4
7.96E9
1.4254E11
56234 6 4
7.42E9
1.5209E11
56234 6 4
8.23E9
1.472E11
56234 6 4
7.73E9
1.4642E11
56234 6 4
7.4E9
1.7417E11
56234 6 4
7.48E9
1.7396E11
56234 6 4
7.46E9
1.7741E11
56234 6 4
9.16E9
1.6745E11
56234 6 4
7.76E9
1.8659E11
56234 6 4
7.7E9
1.8489E11
56234 6 4
7.42E9
1.8678E11
56234 6 4
7.57E9
1.7308E11
56234 6 4
7.72E9
1.7987E11
56234 6 4
7.98E9
1.798E11
56234 6 4
7.37E9
1.8536E11
56234 6 4
7.16E9
1.8578E11
56234 6 4
7.78E9
1.9978E11
56234 6 4
7.66E9
1.8962E11
56234 6 4
7.35E9
2.0269E11
56234 6 4
7.57E9
2.0324E11
56234 6 4
7.72E9
1.9713E11
56234 6 4
7.47E9
2.1013E11
56234 6 4
7.52E9
2.0278E11
56234 6 4
7.38E9
2.0671E11
56234 6 4
7.42E9
2.183E11
56234 6 4
7.46E9
2.1063E11
56234 6 4
7.18E9
2.2027E11
56234 6 4
7.46E9
2.1152E11
100000 6 4
1.744E10
4.1129E11
100000 6 5
1.708E10
5.0936E11
100000 6 5
1.921E10
4.3303E11
100000 6 4
1.941E10
4.9764E11
100000 6 5
1.655E10
5.2288E11
100000 6 5
1.815E10
4.9796E11
100000 6 4
1.772E10
5.2575E11
100000 6 4
1.803E10
5.0444E11
100000 6 4
1.774E10
4.6952E11
100000 6 4
1.881E10
5.1002E11
100000 6 5
1.813E10
5.3973E11
100000 6 5
1.815E10
5.1099E11
100000 6 4
1.749E10
5.3844E11
100000 6 4
1.636E10
5.0359E11
100000 6 4
1.788E10
5.1458E11
100000 6 4
1.86E10
5.5739E11
100000 6 4
1.686E10
5.0446E11
100000 6 4
1.759E10
4.9782E11
100000 6 4
1.846E10
5.6095E11
100000 6 5
1.779E10
5.3121E11
100000 6 4
1.734E10
5.5287E11
100000 6 4
1.812E10
5.2603E11
100000 6 5
1.701E10
4.9869E11
100000 6 5
1.814E10
5.4917E11
100000 6 5
1.882E10
5.0297E11
100000 6 5
1.805E10
5.3528E11
100000 6 4
1.88E10
5.4091E11
100000 6 4
1.75E10
5.7339E11
100000 6 5
1.82E10
5.1266E11
100000 6 4
1.815E10
5.3561E11
100000 6 4
1.737E10
5.3731E11
100000 6 5
1.765E10
5.4529E11
