100 8 1
585937.5
429687.5
100 8 1
585937.5
429687.5
100 8 1
546875.0
429687.5
100 8 1
546875.0
429687.5
100 8 1
546875.0
429687.5
100 8 1
585937.5
429687.5
100 8 1
546875.0
429687.5
100 8 1
585937.5
429687.5
100 8 1
507812.5
429687.5
100 8 1
585937.5
429687.5
100 8 1
546875.0
429687.5
100 8 1
546875.0
429687.5
100 8 1
507812.5
429687.5
100 8 1
546875.0
429687.5
100 8 1
546875.0
371093.75
100 8 1
546875.0
371093.75
100 8 1
546875.0
351562.5
100 8 1
546875.0
390625.0
100 8 1
546875.0
371093.75
100 8 1
546875.0
410156.25
100 8 1
625000.0
390625.0
100 8 1
585937.5
390625.0
100 8 1
625000.0
371093.75
100 8 1
546875.0
390625.0
100 8 1
585937.5
390625.0
100 8 1
546875.0
371093.75
100 8 1
585937.5
390625.0
100 8 1
625000.0
390625.0
100 8 1
585937.5
390625.0
100 8 1
546875.0
410156.25
100 8 1
546875.0
390625.0
100 8 1
507812.5
390625.0
177 8 1
1484375.0
1093750.0
177 8 1
1484375.0
1093750.0
177 8 1
1484375.0
1015625.0
177 8 1
1484375.0
1015625.0
177 8 1
1562500.0
1015625.0
177 8 1
1562500.0
1093750.0
177 8 1
1562500.0
1093750.0
177 8 1
1484375.0
1093750.0
177 8 1
1484375.0
1015625.0
177 8 1
1484375.0
1093750.0
177 8 1
1406250.0
1015625.0
177 8 1
1484375.0
1015625.0
177 8 1
1406250.0
1015625.0
177 8 1
1562500.0
1093750.0
177 8 1
1406250.0
937500.0
177 8 1
1484375.0
1015625.0
177 8 1
1562500.0
1015625.0
177 8 1
1484375.0
1093750.0
177 8 1
1562500.0
1015625.0
177 8 1
1484375.0
1093750.0
177 8 1
1484375.0
1093750.0
177 8 1
1406250.0
1093750.0
177 8 1
1484375.0
1015625.0
177 8 1
1562500.0
1093750.0
177 8 1
1562500.0
1015625.0
177 8 1
1562500.0
1015625.0
177 8 1
1406250.0
1093750.0
177 8 1
1640625.0
1015625.0
177 8 1
1406250.0
1015625.0
177 8 1
1484375.0
1015625.0
177 8 1
1562500.0
1093750.0
177 8 1
1328125.0
1171875.0
316 8 1
3750000.0
3437500.0
316 8 1
3750000.0
3750000.0
316 8 1
4062500.0
3281250.0
316 8 1
3750000.0
3281250.0
316 8 1
4062500.0
3125000.0
316 8 1
3750000.0
3125000.0
316 8 1
4062500.0
3593750.0
316 8 1
3750000.0
3125000.0
316 8 1
3750000.0
3281250.0
316 8 1
4062500.0
3125000.0
316 8 1
4062500.0
3437500.0
316 8 1
4062500.0
3125000.0
316 8 1
3750000.0
3750000.0
316 8 1
4062500.0
3593750.0
316 8 2
3750000.0
3750000.0
316 8 1
4062500.0
3437500.0
316 8 1
4062500.0
3437500.0
316 8 1
4062500.0
2968750.0
316 8 1
3750000.0
3281250.0
316 8 1
4375000.0
2812500.0
316 8 2
3750000.0
2968750.0
316 8 1
3750000.0
2812500.0
316 8 1
3750000.0
2812500.0
316 8 1
3437500.0
2968750.0
316 8 1
4062500.0
2968750.0
316 8 1
4062500.0
2968750.0
316 8 1
3750000.0
2968750.0
316 8 1
4062500.0
2968750.0
316 8 1
4062500.0
2812500.0
316 8 1
3750000.0
2968750.0
316 8 1
3750000.0
2812500.0
316 8 1
3750000.0
2812500.0
562 8 1
1.0E7
8750000.0
562 8 1
9375000.0
8125000.0
562 8 2
9375000.0
8750000.0
562 8 1
1.0E7
8750000.0
562 8 1
1.0E7
8125000.0
562 8 2
1.0625E7
7500000.0
562 8 2
1.0E7
8750000.0
562 8 1
9375000.0
8750000.0
562 8 2
9375000.0
1.0625E7
562 8 1
1.0E7
8750000.0
562 8 1
9375000.0
9375000.0
562 8 2
9375000.0
8125000.0
562 8 1
9375000.0
8750000.0
562 8 1
1.0E7
1.0E7
562 8 1
1.0E7
9375000.0
562 8 1
1.0E7
8125000.0
562 8 1
9375000.0
1.0E7
562 8 1
1.0E7
8750000.0
562 8 1
1.125E7
8125000.0
562 8 2
1.0E7
8125000.0
562 8 1
1.0625E7
8125000.0
562 8 2
1.0625E7
8750000.0
562 8 2
1.0625E7
8750000.0
562 8 1
1.125E7
8125000.0
562 8 1
1.0E7
8125000.0
562 8 1
1.0625E7
8125000.0
562 8 1
9375000.0
8125000.0
562 8 1
1.125E7
8125000.0
562 8 2
1.3125E7
8125000.0
562 8 1
1.0E7
8125000.0
562 8 2
1.1875E7
8125000.0
562 8 1
1.1875E7
8125000.0
1000 8 1
2.75E7
2.375E7
1000 8 1
2.75E7
2.625E7
1000 8 2
2.75E7
2.5E7
1000 8 2
2.5E7
3.0E7
1000 8 2
2.75E7
3.0E7
1000 8 1
2.75E7
2.5E7
1000 8 2
2.625E7
2.75E7
1000 8 1
2.75E7
2.625E7
1000 8 2
2.5E7
2.75E7
1000 8 1
2.75E7
2.75E7
1000 8 1
2.5E7
2.75E7
1000 8 2
2.625E7
2.75E7
1000 8 1
2.5E7
2.75E7
1000 8 2
2.625E7
3.25E7
1000 8 1
2.5E7
3.0E7
1000 8 2
2.5E7
2.75E7
1000 8 2
2.625E7
2.5E7
1000 8 1
2.5E7
2.75E7
1000 8 1
2.625E7
2.625E7
1000 8 1
2.5E7
2.875E7
1000 8 2
2.625E7
3.0E7
1000 8 2
2.5E7
2.5E7
1000 8 2
2.625E7
2.75E7
1000 8 2
2.375E7
3.0E7
1000 8 1
2.5E7
2.875E7
1778 8 2
7.0E7
1.1E8
1000 8 2
2.5E7
2.5E7
1778 8 2
7.0E7
1.1E8
1000 8 1
2.625E7
2.75E7
1778 8 2
6.5E7
8.0E7
1000 8 1
2.375E7
2.5E7
1778 8 1
7.0E7
8.0E7
1000 8 2
2.625E7
2.5E7
1000 8 1
2.375E7
2.5E7
1000 8 2
2.625E7
2.375E7
1000 8 1
2.625E7
2.375E7
1778 8 2
6.5E7
7.5E7
1778 8 2
6.5E7
7.5E7
1778 8 1
6.5E7
8.0E7
1778 8 2
6.5E7
8.0E7
1778 8 1
6.5E7
8.0E7
1778 8 1
6.0E7
8.0E7
1778 8 2
6.5E7
1.1E8
1778 8 2
6.5E7
7.5E7
1778 8 2
6.0E7
1.0E8
1778 8 2
6.5E7
1.2E8
1778 8 2
6.5E7
9.0E7
1778 8 2
6.5E7
1.0E8
1778 8 1
6.0E7
9.0E7
1778 8 2
6.0E7
1.0E8
1778 8 2
7.0E7
8.5E7
1778 8 2
5.5E7
8.5E7
1778 8 1
6.0E7
8.5E7
1778 8 2
6.0E7
9.0E7
1778 8 2
6.5E7
9.0E7
1778 8 1
6.5E7
8.0E7
1778 8 2
7.0E7
8.5E7
1778 8 2
6.0E7
1.0E8
1778 8 2
6.5E7
7.5E7
1778 8 2
6.5E7
7.5E7
1778 8 1
6.5E7
9.5E7
1778 8 2
6.5E7
8.0E7
1778 8 2
6.5E7
7.0E7
3162 8 2
1.7E8
2.3E8
3162 8 2
1.7E8
2.2E8
3162 8 2
1.6E8
2.1E8
3162 8 2
1.8E8
2.3E8
1778 8 2
6.5E7
7.5E7
3162 8 2
1.8E8
2.4E8
3162 8 2
1.6E8
2.3E8
3162 8 2
1.7E8
2.3E8
3162 8 2
2.0E8
2.6E8
3162 8 2
1.6E8
2.5E8
3162 8 2
1.6E8
2.3E8
3162 8 2
1.6E8
3.1E8
3162 8 2
1.5E8
3.0E8
3162 8 2
1.6E8
2.6E8
3162 8 2
1.6E8
2.4E8
3162 8 2
1.6E8
2.6E8
3162 8 2
1.5E8
3.2E8
3162 8 2
1.6E8
2.4E8
3162 8 2
1.5E8
3.2E8
3162 8 2
1.6E8
2.6E8
3162 8 2
1.6E8
2.6E8
3162 8 2
1.6E8
2.5E8
3162 8 2
1.6E8
2.4E8
3162 8 2
1.6E8
2.9E8
3162 8 2
1.6E8
3.1E8
3162 8 2
1.6E8
3.1E8
3162 8 2
1.6E8
2.3E8
3162 8 2
1.7E8
2.3E8
3162 8 2
1.6E8
2.7E8
3162 8 2
1.7E8
2.4E8
3162 8 2
1.6E8
2.2E8
3162 8 2
1.6E8
2.4E8
3162 8 2
1.7E8
2.1E8
5623 8 2
3.7E8
9.0E8
5623 8 2
4.0E8
1.03E9
5623 8 2
4.0E8
1.12E9
5623 8 2
3.8E8
9.8E8
5623 8 2
3.7E8
1.08E9
5623 8 2
3.6E8
1.08E9
5623 8 2
3.6E8
1.15E9
5623 8 2
4.0E8
1.06E9
5623 8 2
4.1E8
1.07E9
5623 8 2
3.9E8
1.08E9
5623 8 2
3.8E8
1.22E9
5623 8 2
3.9E8
1.23E9
5623 8 2
3.8E8
1.08E9
5623 8 2
3.8E8
1.02E9
5623 8 2
4.0E8
1.25E9
5623 8 2
3.8E8
1.06E9
5623 8 2
3.7E8
1.11E9
5623 8 2
3.8E8
1.15E9
5623 8 2
3.4E8
1.2E9
5623 8 2
3.9E8
1.09E9
5623 8 2
3.9E8
1.12E9
5623 8 2
3.6E8
1.12E9
5623 8 2
4.0E8
9.9E8
5623 8 2
3.8E8
1.15E9
5623 8 2
4.0E8
1.01E9
5623 8 2
3.8E8
1.03E9
5623 8 2
3.8E8
9.9E8
5623 8 2
4.2E8
9.4E8
5623 8 2
4.2E8
9.3E8
5623 8 2
3.9E8
1.1E9
5623 8 2
4.3E8
1.08E9
5623 8 2
4.1E8
9.6E8
10000 8 2
9.0E8
3.92E9
10000 8 2
9.2E8
3.14E9
10000 8 2
9.4E8
3.15E9
10000 8 2
8.8E8
3.85E9
10000 8 2
8.6E8
3.96E9
10000 8 2
9.2E8
4.04E9
10000 8 2
8.9E8
3.88E9
10000 8 2
9.8E8
3.4E9
10000 8 2
9.2E8
4.07E9
10000 8 2
9.2E8
3.56E9
10000 8 2
8.8E8
4.14E9
10000 8 2
8.9E8
3.94E9
10000 8 2
9.3E8
4.05E9
10000 8 2
9.2E8
4.41E9
10000 8 2
9.2E8
4.06E9
10000 8 2
9.1E8
3.93E9
10000 8 2
9.8E8
3.43E9
10000 8 2
9.3E8
4.07E9
10000 8 2
9.3E8
3.71E9
10000 8 2
9.3E8
3.37E9
10000 8 2
9.1E8
3.86E9
10000 8 2
9.2E8
4.38E9
10000 8 2
9.7E8
3.83E9
10000 8 2
9.2E8
4.55E9
10000 8 2
9.3E8
4.32E9
10000 8 2
9.0E8
4.17E9
10000 8 2
9.9E8
4.21E9
10000 8 2
9.4E8
4.03E9
10000 8 2
9.2E8
4.29E9
10000 8 2
9.2E8
4.97E9
10000 8 2
9.3E8
4.78E9
10000 8 2
9.2E8
5.11E9
17782 8 2
1.91E9
1.183E10
17782 8 2
2.23E9
1.134E10
17782 8 2
1.87E9
1.249E10
17782 8 2
2.64E9
1.053E10
17782 8 2
2.61E9
1.179E10
17782 8 2
2.22E9
1.25E10
17782 8 2
2.2E9
1.38E10
17782 8 2
2.21E9
1.452E10
17782 8 2
2.21E9
1.426E10
17782 8 2
2.41E9
1.307E10
17782 8 2
2.2E9
1.483E10
17782 8 2
2.25E9
1.442E10
17782 8 2
1.92E9
1.467E10
17782 8 2
2.22E9
1.417E10
17782 8 2
2.37E9
1.261E10
17782 8 2
2.18E9
1.525E10
17782 8 2
2.3E9
1.389E10
17782 8 2
2.33E9
1.461E10
17782 8 2
2.23E9
1.462E10
17782 8 2
2.26E9
1.371E10
17782 8 2
2.32E9
1.464E10
17782 8 2
2.21E9
1.509E10
17782 8 2
2.21E9
1.523E10
17782 8 2
2.66E9
1.355E10
17782 8 2
2.42E9
1.37E10
17782 8 2
2.48E9
1.34E10
17782 8 2
2.22E9
1.578E10
17782 8 2
1.89E9
1.541E10
17782 8 2
2.3E9
1.375E10
17782 8 2
2.34E9
1.459E10
17782 8 2
2.42E9
1.545E10
17782 8 2
2.33E9
1.674E10
31622 8 2
5.39E9
4.302E10
31622 8 2
5.53E9
4.065E10
31622 8 2
5.29E9
4.684E10
31622 8 2
5.46E9
4.213E10
31622 8 2
5.82E9
4.487E10
31622 8 2
5.38E9
4.608E10
31622 8 2
5.6E9
4.516E10
31622 8 2
5.89E9
4.282E10
31622 8 2
5.57E9
4.219E10
31622 8 2
5.93E9
4.378E10
31622 8 2
5.5E9
4.799E10
31622 8 2
5.24E9
4.615E10
31622 8 2
5.48E9
4.588E10
31622 8 2
5.29E9
5.008E10
31622 8 2
5.54E9
4.561E10
31622 8 2
5.26E9
4.549E10
31622 8 2
5.65E9
4.753E10
31622 8 2
5.25E9
4.698E10
31622 8 2
5.74E9
4.6E10
31622 8 2
5.32E9
4.65E10
31622 8 2
5.23E9
4.78E10
31622 8 2
5.27E9
4.945E10
31622 8 2
6.25E9
4.71E10
31622 8 2
5.79E9
4.761E10
31622 8 2
5.91E9
4.893E10
31622 8 2
5.36E9
4.832E10
31622 8 2
5.66E9
4.802E10
31622 8 2
5.46E9
4.961E10
31622 8 2
5.83E9
4.782E10
31622 8 2
5.62E9
5.037E10
31622 8 2
5.42E9
4.735E10
31622 8 2
5.28E9
4.853E10
56234 8 2
1.24E10
1.409E11
56234 8 2
1.255E10
1.4924E11
56234 8 2
1.391E10
1.6005E11
56234 8 2
1.261E10
1.669E11
56234 8 2
1.279E10
1.7386E11
56234 8 2
1.295E10
1.7348E11
56234 8 2
1.301E10
1.8544E11
56234 8 2
1.279E10
1.7842E11
56234 8 2
1.253E10
1.8621E11
56234 8 2
1.237E10
1.8641E11
56234 8 2
1.264E10
1.8746E11
56234 8 2
1.303E10
1.8083E11
56234 8 2
1.283E10
1.8384E11
56234 8 2
1.357E10
1.9117E11
56234 8 2
1.258E10
1.9341E11
56234 8 2
1.368E10
1.9494E11
56234 8 2
1.272E10
1.9935E11
56234 8 2
1.298E10
1.9642E11
56234 8 2
1.228E10
1.9341E11
56234 8 2
1.45E10
1.9434E11
56234 8 2
1.401E10
1.937E11
56234 8 2
1.301E10
1.9617E11
56234 8 2
1.306E10
1.9981E11
56234 8 2
1.332E10
2.0577E11
56234 8 2
1.404E10
2.0164E11
56234 8 2
1.341E10
2.0756E11
56234 8 2
1.258E10
2.0715E11
56234 8 2
1.344E10
2.106E11
56234 8 2
1.199E10
2.1284E11
56234 8 2
1.372E10
2.0906E11
56234 8 2
1.372E10
2.2035E11
56234 8 2
1.242E10
2.2719E11
100000 8 2
2.911E10
5.17E11
100000 8 2
2.93E10
5.1122E11
100000 8 3
2.968E10
5.2371E11
100000 8 2
2.978E10
5.1744E11
100000 8 2
3.36E10
5.2603E11
100000 8 2
2.987E10
5.3338E11
100000 8 2
2.987E10
5.3117E11
100000 8 2
2.971E10
5.3409E11
100000 8 2
2.967E10
5.4389E11
100000 8 2
2.892E10
5.9716E11
100000 8 2
2.958E10
5.5759E11
100000 8 2
2.951E10
5.8732E11
100000 8 3
2.904E10
6.0373E11
100000 8 2
2.963E10
5.9341E11
100000 8 2
2.996E10
6.7957E11
100000 8 2
3.018E10
7.0193E11
100000 8 2
2.953E10
7.058E11
100000 8 2
3.126E10
7.1192E11
100000 8 2
3.254E10
7.1765E11
100000 8 2
3.102E10
7.026E11
100000 8 2
3.081E10
7.0346E11
100000 8 2
3.054E10
6.9954E11
100000 8 2
3.109E10
6.9656E11
100000 8 2
3.14E10
7.0836E11
100000 8 2
3.069E10
6.9781E11
100000 8 2
3.047E10
7.2524E11
100000 8 2
3.165E10
7.3862E11
100000 8 3
3.023E10
7.2704E11
100000 8 2
3.0E10
7.3316E11
100000 8 2
2.943E10
7.4922E11
100000 8 2
3.147E10
7.2441E11
100000 8 2
3.038E10
7.4744E11
