100 3 4
253906.25
234375.0
100 3 5
312500.0
214843.75
100 3 5
292968.75
214843.75
100 3 4
292968.75
214843.75
100 3 4
312500.0
214843.75
100 3 4
234375.0
214843.75
100 3 5
253906.25
214843.75
100 3 4
253906.25
214843.75
100 3 4
234375.0
234375.0
100 3 4
332031.25
214843.75
100 3 4
292968.75
234375.0
100 3 4
273437.5
234375.0
100 3 4
253906.25
234375.0
100 3 4
332031.25
214843.75
100 3 4
332031.25
214843.75
100 3 4
253906.25
214843.75
100 3 4
253906.25
234375.0
100 3 4
273437.5
253906.25
100 3 4
292968.75
234375.0
100 3 4
253906.25
214843.75
100 3 5
273437.5
234375.0
100 3 4
312500.0
214843.75
100 3 4
292968.75
214843.75
100 3 5
253906.25
214843.75
100 3 4
312500.0
234375.0
100 3 4
332031.25
214843.75
100 3 4
312500.0
253906.25
100 3 4
253906.25
195312.5
100 3 5
292968.75
214843.75
100 3 5
332031.25
195312.5
100 3 5
292968.75
214843.75
100 3 5
292968.75
195312.5
177 3 7
468750.0
507812.5
177 3 5
468750.0
546875.0
177 3 5
507812.5
507812.5
177 3 5
546875.0
546875.0
177 3 5
546875.0
507812.5
177 3 5
507812.5
585937.5
177 3 5
507812.5
546875.0
177 3 5
507812.5
546875.0
177 3 5
546875.0
585937.5
177 3 5
507812.5
546875.0
177 3 5
507812.5
546875.0
177 3 6
664062.5
546875.0
177 3 5
546875.0
585937.5
177 3 5
507812.5
585937.5
177 3 5
429687.5
625000.0
177 3 6
664062.5
625000.0
177 3 6
546875.0
585937.5
177 3 5
742187.5
625000.0
177 3 5
781250.0
546875.0
177 3 6
820312.5
468750.0
177 3 5
781250.0
585937.5
177 3 5
507812.5
546875.0
177 3 4
781250.0
585937.5
177 3 5
507812.5
546875.0
177 3 5
781250.0
664062.5
177 3 5
703125.0
546875.0
177 3 5
664062.5
585937.5
177 3 5
429687.5
546875.0
177 3 6
781250.0
585937.5
177 3 5
468750.0
546875.0
177 3 5
507812.5
625000.0
177 3 4
546875.0
546875.0
316 3 7
1875000.0
1718750.0
316 3 7
1875000.0
1718750.0
316 3 6
2031250.0
1875000.0
316 3 5
2343750.0
1718750.0
316 3 6
2031250.0
2031250.0
316 3 6
1015625.0
1328125.0
316 3 5
1640625.0
2031250.0
316 3 7
1406250.0
1718750.0
316 3 7
1328125.0
1718750.0
316 3 7
1015625.0
1718750.0
316 3 6
1328125.0
1718750.0
316 3 7
1718750.0
1484375.0
316 3 6
1171875.0
1484375.0
316 3 6
1328125.0
1562500.0
316 3 6
1171875.0
1406250.0
316 3 7
1250000.0
1484375.0
316 3 6
1093750.0
1484375.0
316 3 6
1093750.0
1406250.0
316 3 6
1093750.0
1562500.0
316 3 6
1093750.0
1406250.0
316 3 6
1015625.0
1640625.0
316 3 6
1171875.0
1718750.0
316 3 7
1015625.0
1484375.0
316 3 6
1015625.0
1406250.0
316 3 6
1406250.0
1484375.0
316 3 7
1015625.0
1484375.0
316 3 6
1015625.0
1562500.0
316 3 6
1328125.0
1406250.0
316 3 6
1328125.0
1484375.0
316 3 5
1328125.0
1875000.0
316 3 6
1562500.0
1718750.0
316 3 6
1015625.0
1406250.0
562 3 7
2187500.0
4375000.0
562 3 7
2187500.0
3750000.0
562 3 7
2187500.0
4375000.0
562 3 7
2500000.0
4375000.0
562 3 7
2187500.0
4062500.0
562 3 7
2500000.0
4062500.0
562 3 7
2343750.0
5312500.0
562 3 7
2187500.0
4687500.0
562 3 8
2812500.0
4375000.0
562 3 8
2343750.0
4687500.0
562 3 8
3750000.0
3437500.0
562 3 7
2187500.0
4687500.0
562 3 8
3750000.0
3750000.0
562 3 8
2343750.0
4375000.0
562 3 7
2343750.0
3437500.0
562 3 8
2343750.0
4687500.0
562 3 7
2187500.0
3437500.0
562 3 7
2187500.0
3437500.0
562 3 8
2656250.0
3437500.0
562 3 7
3437500.0
4062500.0
562 3 7
2187500.0
4062500.0
562 3 7
2656250.0
3437500.0
562 3 7
2343750.0
4062500.0
562 3 7
2343750.0
4062500.0
562 3 7
2812500.0
4687500.0
562 3 7
2187500.0
4375000.0
562 3 7
2656250.0
3750000.0
562 3 8
2343750.0
3906250.0
562 3 8
3750000.0
4687500.0
562 3 8
2500000.0
4375000.0
562 3 7
2187500.0
4062500.0
562 3 7
3281250.0
4375000.0
1000 3 9
6875000.0
1.0625E7
1000 3 9
4375000.0
1.5E7
1000 3 9
4687500.0
1.125E7
1000 3 9
4375000.0
1.375E7
1000 3 9
6875000.0
1.1875E7
1000 3 9
4375000.0
9375000.0
1000 3 9
5000000.0
1.0625E7
1000 3 9
4687500.0
1.375E7
1000 3 8
5000000.0
1.25E7
1000 3 9
4687500.0
1.75E7
1000 3 9
5312500.0
1.5E7
1000 3 8
4375000.0
1.125E7
1000 3 10
3750000.0
1.4375E7
1000 3 8
4687500.0
1.3125E7
1000 3 9
4062500.0
1.0625E7
1000 3 9
4062500.0
1.0625E7
1000 3 10
4375000.0
1.125E7
1000 3 9
6875000.0
1.375E7
1000 3 9
4062500.0
1.25E7
1000 3 9
3750000.0
1.5625E7
1000 3 10
5625000.0
2.0E7
1000 3 9
4375000.0
1.0625E7
1000 3 9
5312500.0
1.0625E7
1000 3 9
4687500.0
1.125E7
1000 3 8
4687500.0
1.5625E7
1000 3 9
5000000.0
1.125E7
1778 3 11
1.5E7
3.5E7
1000 3 10
5000000.0
1.0625E7
1000 3 8
5937500.0
1.4375E7
1000 3 9
5312500.0
1.1875E7
1778 3 11
9375000.0
4.0E7
1778 3 10
8125000.0
3.75E7
1000 3 9
5000000.0
1.3125E7
1778 3 11
1.5E7
3.25E7
1778 3 10
1.375E7
2.75E7
1778 3 10
1.0625E7
3.0E7
1778 3 11
1.125E7
2.75E7
1778 3 10
1.375E7
3.75E7
1778 3 11
9375000.0
4.25E7
1778 3 11
1.25E7
4.75E7
1778 3 11
1.25E7
6.5E7
1778 3 11
1.5625E7
5.0E7
1778 3 11
1.125E7
3.75E7
1778 3 11
1.0625E7
3.0E7
1778 3 10
1.0625E7
3.0E7
1778 3 10
1.0E7
3.25E7
1778 3 10
1.4375E7
5.25E7
1000 3 9
8125000.0
1.6875E7
1778 3 11
1.125E7
3.5E7
1000 3 9
7812500.0
1.8125E7
1778 3 11
9375000.0
2.75E7
1778 3 10
1.0E7
2.75E7
1778 3 12
1.5E7
5.5E7
1778 3 11
9375000.0
2.75E7
1778 3 11
1.0E7
2.75E7
1778 3 11
1.375E7
2.75E7
1778 3 12
1.125E7
2.5E7
1778 3 12
1.0E7
3.0E7
3162 3 12
3.25E7
1.1E8
3162 3 12
1.75E7
1.1E8
1778 3 12
1.3125E7
3.0E7
1778 3 12
8125000.0
3.25E7
1778 3 11
1.125E7
2.875E7
1778 3 11
9375000.0
3.5E7
1778 3 10
8750000.0
2.625E7
3162 3 12
2.375E7
1.3E8
3162 3 12
1.875E7
1.4E8
3162 3 13
2.75E7
7.0E7
1778 3 10
1.25E7
3.5E7
3162 3 13
2.125E7
1.1E8
3162 3 13
1.75E7
1.1E8
3162 3 12
2.75E7
8.5E7
3162 3 13
2.75E7
1.05E8
3162 3 12
2.0E7
8.5E7
3162 3 12
3.0E7
1.15E8
3162 3 13
2.75E7
1.1E8
3162 3 12
2.375E7
1.7E8
3162 3 12
2.375E7
1.2E8
3162 3 13
2.25E7
1.9E8
3162 3 13
2.75E7
1.6E8
3162 3 13
1.875E7
1.1E8
3162 3 12
2.125E7
1.1E8
3162 3 12
3.0E7
1.1E8
3162 3 13
2.625E7
1.5E8
3162 3 12
3.0E7
1.4E8
3162 3 13
2.75E7
1.8E8
3162 3 13
3.0E7
1.6E8
3162 3 13
3.0E7
1.8E8
3162 3 12
2.0E7
1.1E8
3162 3 13
3.125E7
1.8E8
3162 3 13
3.75E7
1.5E8
3162 3 12
3.375E7
1.6E8
3162 3 13
2.125E7
1.4E8
3162 3 12
2.0E7
1.2E8
3162 3 13
2.0E7
8.5E7
3162 3 12
1.875E7
1.0E8
5623 3 14
6.0E7
3.5E8
5623 3 16
3.75E7
3.3E8
5623 3 15
3.75E7
3.0E8
5623 3 16
3.75E7
3.4E8
5623 3 15
3.5E7
2.9E8
5623 3 15
3.75E7
3.4E8
5623 3 16
5.5E7
3.3E8
5623 3 15
3.75E7
3.5E8
5623 3 15
5.5E7
4.0E8
5623 3 15
4.25E7
2.8E8
5623 3 15
4.75E7
3.0E8
5623 3 15
4.0E7
2.9E8
5623 3 15
4.5E7
3.9E8
5623 3 15
4.5E7
2.9E8
5623 3 15
4.75E7
3.1E8
5623 3 14
4.0E7
3.0E8
5623 3 15
3.75E7
3.8E8
5623 3 14
3.25E7
4.4E8
5623 3 15
3.75E7
4.1E8
5623 3 15
4.0E7
3.1E8
5623 3 15
4.75E7
4.2E8
5623 3 15
4.75E7
3.7E8
5623 3 15
3.75E7
3.2E8
5623 3 15
3.5E7
2.9E8
5623 3 15
3.75E7
3.4E8
5623 3 15
5.5E7
3.9E8
5623 3 15
5.5E7
4.1E8
5623 3 15
5.0E7
3.8E8
5623 3 15
6.0E7
4.0E8
5623 3 15
5.75E7
4.5E8
5623 3 16
6.0E7
3.9E8
5623 3 15
5.5E7
4.6E8
10000 3 18
7.0E7
9.4E8
10000 3 18
7.5E7
9.4E8
10000 3 18
8.0E7
8.2E8
10000 3 18
8.5E7
9.5E8
10000 3 18
7.0E7
8.4E8
10000 3 18
1.4E8
9.2E8
10000 3 17
1.1E8
9.9E8
10000 3 17
7.5E7
1.07E9
10000 3 18
7.5E7
9.5E8
10000 3 18
1.2E8
1.14E9
10000 3 17
8.0E7
8.8E8
10000 3 18
1.1E8
9.1E8
10000 3 18
1.1E8
1.0E9
10000 3 18
7.5E7
8.4E8
10000 3 18
1.3E8
1.1E9
10000 3 17
7.5E7
9.6E8
10000 3 18
1.1E8
8.8E8
10000 3 18
1.5E8
1.23E9
10000 3 18
8.0E7
8.5E8
10000 3 18
6.5E7
9.1E8
10000 3 17
8.0E7
9.2E8
10000 3 18
1.05E8
8.8E8
10000 3 17
1.3E8
9.4E8
10000 3 18
1.3E8
1.05E9
10000 3 17
1.1E8
1.08E9
10000 3 18
1.3E8
1.06E9
10000 3 18
1.4E8
1.06E9
10000 3 17
1.3E8
1.16E9
10000 3 17
1.1E8
1.17E9
10000 3 18
1.3E8
1.14E9
10000 3 17
1.9E8
1.25E9
10000 3 18
1.4E8
1.26E9
17782 3 19
1.5E8
2.52E9
17782 3 19
1.5E8
2.87E9
17782 3 19
1.5E8
2.86E9
17782 3 19
2.3E8
2.9E9
17782 3 19
1.6E8
2.72E9
17782 3 19
2.1E8
2.72E9
17782 3 19
1.7E8
2.93E9
17782 3 19
1.9E8
2.76E9
17782 3 19
1.5E8
2.88E9
17782 3 19
1.9E8
3.01E9
17782 3 19
2.1E8
3.11E9
17782 3 19
1.9E8
2.85E9
17782 3 19
1.8E8
3.03E9
17782 3 19
1.6E8
3.31E9
17782 3 19
2.1E8
3.33E9
17782 3 19
1.5E8
3.15E9
17782 3 19
2.0E8
3.03E9
17782 3 19
1.8E8
2.92E9
17782 3 19
1.9E8
3.45E9
17782 3 19
2.2E8
3.04E9
17782 3 19
1.9E8
3.07E9
17782 3 19
2.6E8
3.18E9
17782 3 19
2.0E8
3.06E9
17782 3 19
2.3E8
3.14E9
17782 3 19
2.1E8
3.38E9
17782 3 19
3.0E8
3.61E9
17782 3 19
1.5E8
3.35E9
17782 3 19
1.5E8
3.36E9
17782 3 19
1.7E8
3.44E9
17782 3 19
2.2E8
3.57E9
17782 3 19
2.9E8
4.07E9
17782 3 19
2.5E8
3.97E9
31622 3 19
3.6E8
8.6E9
31622 3 19
3.6E8
1.044E10
31622 3 19
4.6E8
8.85E9
31622 3 19
3.4E8
1.014E10
31622 3 19
3.3E8
1.075E10
31622 3 19
3.2E8
1.053E10
31622 3 19
4.5E8
9.91E9
31622 3 19
3.8E8
1.079E10
31622 3 19
3.3E8
1.064E10
31622 3 19
3.8E8
1.089E10
31622 3 19
4.2E8
1.023E10
31622 3 19
3.9E8
1.046E10
31622 3 19
4.4E8
1.131E10
31622 3 19
4.1E8
1.1E10
31622 3 19
3.7E8
1.162E10
31622 3 19
4.9E8
1.036E10
31622 3 19
4.4E8
1.086E10
31622 3 19
3.5E8
1.242E10
31622 3 19
3.9E8
1.193E10
31622 3 19
4.2E8
1.151E10
31622 3 19
4.3E8
1.171E10
31622 3 19
4.8E8
1.095E10
31622 3 19
4.2E8
1.215E10
31622 3 19
4.5E8
1.191E10
31622 3 19
3.9E8
1.252E10
31622 3 19
4.2E8
1.324E10
31622 3 19
4.2E8
1.367E10
31622 3 19
4.1E8
1.464E10
31622 3 19
4.6E8
1.458E10
31622 3 19
4.0E8
1.532E10
31622 3 19
4.5E8
1.499E10
31622 3 19
4.0E8
1.579E10
56234 3 19
7.3E8
3.924E10
56234 3 19
7.5E8
4.14E10
56234 3 19
8.4E8
4.037E10
56234 3 19
7.4E8
3.98E10
56234 3 19
7.3E8
4.194E10
56234 3 19
7.9E8
4.122E10
56234 3 19
1.01E9
4.017E10
56234 3 19
8.5E8
4.681E10
56234 3 19
8.6E8
4.394E10
56234 3 19
1.14E9
4.39E10
56234 3 19
8.0E8
4.706E10
56234 3 19
1.21E9
4.518E10
56234 3 19
1.04E9
4.935E10
56234 3 19
1.11E9
4.501E10
56234 3 19
7.3E8
5.068E10
56234 3 19
7.3E8
5.024E10
56234 3 19
7.4E8
5.299E10
56234 3 19
8.4E8
5.363E10
56234 3 19
8.3E8
4.995E10
56234 3 19
7.6E8
5.447E10
56234 3 19
1.13E9
5.466E10
56234 3 19
9.6E8
5.447E10
56234 3 19
1.04E9
5.606E10
56234 3 19
7.0E8
5.69E10
56234 3 19
8.3E8
6.031E10
56234 3 19
9.6E8
5.368E10
56234 3 19
8.0E8
5.838E10
56234 3 19
7.8E8
5.887E10
56234 3 19
8.6E8
6.099E10
56234 3 19
8.3E8
6.303E10
56234 3 19
8.0E8
6.485E10
56234 3 19
1.0E9
6.781E10
100000 3 19
1.71E9
1.4403E11
100000 3 19
1.65E9
1.4735E11
100000 3 19
1.79E9
1.5404E11
100000 3 19
1.61E9
1.4996E11
100000 3 19
1.79E9
1.5444E11
100000 3 19
1.5E9
1.6347E11
100000 3 19
1.7E9
1.6644E11
100000 3 19
1.26E9
1.754E11
100000 3 19
1.72E9
1.704E11
100000 3 19
1.61E9
1.7E11
100000 3 19
1.22E9
1.8096E11
100000 3 19
2.07E9
1.7798E11
100000 3 19
1.21E9
1.7898E11
100000 3 19
1.68E9
1.8609E11
100000 3 19
1.8E9
1.811E11
100000 3 19
1.52E9
1.7812E11
100000 3 19
1.49E9
1.6886E11
100000 3 19
1.39E9
1.7797E11
100000 3 19
1.36E9
1.689E11
100000 3 19
1.58E9
1.874E11
100000 3 19
1.58E9
1.8176E11
100000 3 19
1.53E9
1.8577E11
100000 3 19
1.42E9
1.8605E11
100000 3 19
1.65E9
1.8429E11
100000 3 19
1.61E9
1.7964E11
100000 3 19
1.48E9
1.7946E11
100000 3 19
1.38E9
1.7964E11
100000 3 19
1.66E9
1.9002E11
100000 3 19
1.64E9
1.9135E11
100000 3 19
1.63E9
1.8787E11
100000 3 19
1.44E9
1.9512E11
100000 3 19
1.59E9
1.9205E11
