100 5 2
468750.0
429687.5
100 5 2
468750.0
468750.0
100 5 2
507812.5
429687.5
100 5 2
507812.5
429687.5
100 5 2
507812.5
429687.5
100 5 2
468750.0
429687.5
100 5 2
507812.5
429687.5
100 5 2
507812.5
429687.5
100 5 2
468750.0
351562.5
100 5 2
468750.0
371093.75
100 5 2
468750.0
351562.5
100 5 2
468750.0
351562.5
100 5 2
468750.0
390625.0
100 5 2
468750.0
390625.0
100 5 2
468750.0
371093.75
100 5 2
507812.5
390625.0
100 5 2
468750.0
351562.5
100 5 2
468750.0
351562.5
100 5 2
468750.0
390625.0
100 5 2
507812.5
351562.5
100 5 2
468750.0
371093.75
100 5 2
468750.0
332031.25
100 5 2
468750.0
371093.75
100 5 2
507812.5
371093.75
100 5 2
507812.5
390625.0
100 5 2
507812.5
371093.75
100 5 2
507812.5
371093.75
100 5 2
507812.5
351562.5
100 5 2
507812.5
351562.5
100 5 2
468750.0
371093.75
100 5 2
468750.0
371093.75
100 5 2
546875.0
371093.75
177 5 2
1171875.0
937500.0
177 5 2
1171875.0
937500.0
177 5 2
1171875.0
1093750.0
177 5 2
1171875.0
1015625.0
177 5 2
1250000.0
937500.0
177 5 2
1171875.0
937500.0
177 5 2
1171875.0
1171875.0
177 5 2
1171875.0
1093750.0
177 5 2
1171875.0
1015625.0
177 5 2
1171875.0
1015625.0
177 5 3
1171875.0
1015625.0
177 5 2
1171875.0
1015625.0
177 5 2
1171875.0
1015625.0
177 5 2
1250000.0
937500.0
177 5 2
1250000.0
1015625.0
177 5 2
1171875.0
1093750.0
177 5 3
1250000.0
859375.0
177 5 2
1171875.0
1015625.0
177 5 2
1171875.0
937500.0
177 5 2
1250000.0
1015625.0
177 5 2
1171875.0
1015625.0
177 5 2
1250000.0
1015625.0
177 5 2
1171875.0
937500.0
177 5 2
1171875.0
1093750.0
177 5 2
1171875.0
1093750.0
177 5 2
1250000.0
1015625.0
177 5 2
1250000.0
937500.0
177 5 2
1171875.0
1015625.0
177 5 2
1171875.0
1015625.0
177 5 2
1171875.0
1015625.0
177 5 2
1171875.0
937500.0
177 5 2
1406250.0
937500.0
316 5 3
2812500.0
2343750.0
316 5 2
2812500.0
2812500.0
316 5 3
2968750.0
2812500.0
316 5 2
2812500.0
2968750.0
316 5 2
2812500.0
3437500.0
316 5 2
2812500.0
2968750.0
316 5 2
2812500.0
3281250.0
316 5 3
2812500.0
3125000.0
316 5 2
2812500.0
3281250.0
316 5 2
2812500.0
4687500.0
316 5 3
2968750.0
4687500.0
316 5 3
2812500.0
4375000.0
316 5 2
2812500.0
3437500.0
316 5 3
2656250.0
2812500.0
316 5 3
2812500.0
2812500.0
316 5 2
2812500.0
3125000.0
316 5 2
2812500.0
2656250.0
316 5 3
2812500.0
2968750.0
316 5 2
2812500.0
2812500.0
316 5 2
2968750.0
2968750.0
316 5 2
2812500.0
2812500.0
316 5 2
2968750.0
2656250.0
316 5 2
2812500.0
3125000.0
316 5 2
2812500.0
2812500.0
316 5 2
2968750.0
2812500.0
316 5 2
2968750.0
2656250.0
316 5 3
2968750.0
2812500.0
316 5 2
2812500.0
2656250.0
316 5 3
2968750.0
2812500.0
316 5 2
3125000.0
2656250.0
316 5 3
2968750.0
2968750.0
562 5 3
7500000.0
6875000.0
316 5 2
3906250.0
2656250.0
562 5 2
6875000.0
6875000.0
562 5 3
6875000.0
7500000.0
562 5 2
6875000.0
6875000.0
562 5 3
6875000.0
8125000.0
562 5 2
7500000.0
6875000.0
562 5 3
6875000.0
8125000.0
562 5 3
6875000.0
7500000.0
562 5 3
6875000.0
7500000.0
562 5 2
6875000.0
6875000.0
562 5 3
6875000.0
7500000.0
562 5 3
6875000.0
7500000.0
562 5 3
6875000.0
6875000.0
562 5 3
6875000.0
8125000.0
562 5 3
6875000.0
8750000.0
562 5 3
6875000.0
7500000.0
562 5 2
6875000.0
7500000.0
562 5 3
6875000.0
7500000.0
562 5 3
6875000.0
8750000.0
562 5 3
6875000.0
9375000.0
562 5 2
6875000.0
7500000.0
562 5 3
7187500.0
1.0625E7
562 5 3
7500000.0
1.0E7
562 5 3
6875000.0
6875000.0
562 5 3
6875000.0
9375000.0
562 5 3
6875000.0
8125000.0
562 5 2
7187500.0
6875000.0
562 5 3
6562500.0
8750000.0
562 5 3
7187500.0
6875000.0
562 5 3
6875000.0
6875000.0
1000 5 3
1.5E7
1.875E7
562 5 3
7500000.0
8750000.0
562 5 3
6250000.0
7500000.0
1000 5 3
1.75E7
2.25E7
1000 5 3
1.625E7
3.0E7
1000 5 3
1.625E7
3.0E7
1000 5 3
1.875E7
2.375E7
1000 5 3
1.75E7
2.25E7
1000 5 3
1.75E7
2.375E7
1000 5 3
1.75E7
2.25E7
1000 5 3
1.875E7
2.875E7
1000 5 3
1.5E7
3.0E7
1000 5 4
1.625E7
2.5E7
1000 5 3
1.625E7
2.75E7
1000 5 3
1.75E7
2.75E7
1000 5 3
1.625E7
3.0E7
1000 5 3
1.625E7
3.5E7
1000 5 3
1.5E7
2.375E7
1000 5 3
1.875E7
2.25E7
1000 5 3
1.5E7
2.125E7
1000 5 3
1.875E7
4.0E7
1000 5 3
1.875E7
2.625E7
1000 5 3
1.75E7
3.5E7
1000 5 3
1.875E7
4.5E7
1000 5 3
2.0E7
4.25E7
1000 5 3
1.625E7
2.5E7
1000 5 3
1.75E7
2.0E7
1000 5 3
1.625E7
2.375E7
1778 5 3
5.5E7
1.1E8
1000 5 3
1.625E7
1.875E7
1000 5 3
1.875E7
2.125E7
1000 5 3
1.625E7
2.0E7
1000 5 3
2.0E7
2.375E7
1778 5 3
4.25E7
7.0E7
1778 5 3
4.25E7
6.5E7
1778 5 3
3.75E7
7.0E7
1778 5 3
6.0E7
7.0E7
1000 5 3
1.75E7
2.375E7
1778 5 3
3.5E7
6.0E7
1778 5 3
4.0E7
6.0E7
1778 5 3
3.75E7
6.0E7
1000 5 3
1.75E7
2.5E7
1778 5 3
4.0E7
6.0E7
1778 5 3
3.5E7
5.5E7
1778 5 3
3.5E7
5.5E7
1778 5 3
3.5E7
6.5E7
1778 5 3
4.0E7
6.5E7
1778 5 3
3.75E7
6.0E7
1778 5 3
4.25E7
1.2E8
1778 5 3
4.75E7
1.1E8
1778 5 3
3.75E7
8.5E7
1778 5 3
3.75E7
6.5E7
1778 5 3
4.0E7
6.5E7
1778 5 3
4.0E7
6.0E7
1778 5 3
3.75E7
5.5E7
1778 5 3
4.0E7
6.5E7
1778 5 3
4.0E7
6.0E7
1778 5 3
5.0E7
6.0E7
1778 5 3
3.75E7
8.0E7
1778 5 3
4.0E7
6.0E7
1778 5 3
4.75E7
1.1E8
1778 5 3
5.0E7
1.2E8
1778 5 3
4.5E7
9.5E7
1778 5 3
4.0E7
6.5E7
1778 5 4
4.0E7
6.5E7
1778 5 4
3.75E7
6.5E7
3162 5 4
1.2E8
2.9E8
3162 5 3
8.5E7
1.9E8
3162 5 3
9.0E7
2.0E8
3162 5 4
9.5E7
2.2E8
3162 5 4
8.5E7
2.4E8
3162 5 4
9.0E7
2.3E8
3162 5 3
8.5E7
2.3E8
3162 5 4
9.0E7
2.3E8
3162 5 4
9.0E7
1.9E8
3162 5 3
8.0E7
2.4E8
3162 5 3
1.2E8
2.9E8
3162 5 3
8.0E7
2.3E8
3162 5 4
9.5E7
2.2E8
3162 5 4
9.0E7
2.3E8
3162 5 4
1.2E8
2.6E8
3162 5 4
9.0E7
2.2E8
3162 5 4
9.5E7
2.4E8
3162 5 4
8.5E7
2.3E8
3162 5 4
1.2E8
2.5E8
3162 5 4
9.0E7
2.5E8
3162 5 4
1.25E8
2.0E8
3162 5 4
9.0E7
2.5E8
3162 5 4
8.5E7
2.7E8
3162 5 4
1.0E8
2.4E8
3162 5 4
9.0E7
2.2E8
3162 5 4
9.0E7
2.1E8
3162 5 4
9.0E7
2.4E8
3162 5 3
9.5E7
2.1E8
3162 5 3
8.5E7
2.5E8
3162 5 3
1.0E8
2.5E8
3162 5 4
9.0E7
2.3E8
3162 5 4
9.0E7
2.5E8
5623 5 4
2.1E8
7.1E8
5623 5 4
2.0E8
7.8E8
5623 5 4
2.0E8
6.8E8
5623 5 4
2.1E8
7.5E8
5623 5 4
2.0E8
7.3E8
5623 5 4
2.0E8
7.7E8
5623 5 4
2.1E8
8.1E8
5623 5 4
2.0E8
7.1E8
5623 5 4
1.9E8
7.7E8
5623 5 4
2.0E8
8.0E8
5623 5 4
2.1E8
7.2E8
5623 5 4
2.0E8
7.7E8
5623 5 4
2.0E8
9.5E8
5623 5 4
2.1E8
7.8E8
5623 5 5
2.2E8
8.4E8
5623 5 4
2.1E8
7.2E8
5623 5 4
2.1E8
7.3E8
5623 5 4
2.1E8
7.0E8
5623 5 4
2.3E8
8.2E8
5623 5 4
2.4E8
1.08E9
5623 5 4
2.0E8
7.0E8
5623 5 4
2.0E8
9.2E8
5623 5 4
2.4E8
9.9E8
5623 5 4
3.1E8
7.6E8
5623 5 4
2.1E8
8.0E8
5623 5 4
2.1E8
7.7E8
5623 5 4
2.2E8
8.0E8
5623 5 4
2.1E8
8.2E8
5623 5 4
2.3E8
1.12E9
5623 5 4
2.3E8
1.12E9
5623 5 4
2.3E8
1.06E9
5623 5 4
2.8E8
9.7E8
10000 5 4
4.5E8
2.16E9
10000 5 4
4.2E8
2.34E9
10000 5 4
4.3E8
2.38E9
10000 5 4
4.2E8
2.31E9
10000 5 4
4.4E8
2.26E9
10000 5 4
4.2E8
2.65E9
10000 5 4
4.8E8
2.24E9
10000 5 4
4.6E8
2.43E9
10000 5 4
4.3E8
2.35E9
10000 5 4
4.7E8
2.48E9
10000 5 5
4.5E8
2.34E9
10000 5 5
4.3E8
2.43E9
10000 5 5
4.4E8
2.5E9
10000 5 5
4.7E8
2.7E9
10000 5 4
4.6E8
2.48E9
10000 5 4
4.4E8
2.75E9
10000 5 4
4.7E8
2.49E9
10000 5 5
4.3E8
2.86E9
10000 5 5
4.6E8
2.54E9
10000 5 4
5.6E8
2.38E9
10000 5 5
5.1E8
2.93E9
10000 5 4
4.5E8
2.61E9
10000 5 4
5.6E8
2.46E9
10000 5 5
4.4E8
3.13E9
10000 5 4
5.3E8
2.44E9
10000 5 5
4.4E8
3.0E9
10000 5 4
5.2E8
2.47E9
10000 5 4
4.6E8
3.38E9
10000 5 4
4.6E8
2.87E9
10000 5 4
5.0E8
2.7E9
10000 5 4
5.9E8
2.98E9
10000 5 4
4.2E8
2.9E9
17782 5 5
9.5E8
7.07E9
17782 5 5
9.6E8
8.0E9
17782 5 6
9.4E8
7.93E9
17782 5 5
9.0E8
8.3E9
17782 5 5
9.1E8
8.44E9
17782 5 5
9.6E8
7.92E9
17782 5 5
9.6E8
8.16E9
17782 5 5
9.0E8
8.23E9
17782 5 5
9.4E8
8.17E9
17782 5 5
9.6E8
8.38E9
17782 5 5
9.2E8
8.54E9
17782 5 5
1.08E9
8.51E9
17782 5 5
9.5E8
8.6E9
17782 5 5
1.02E9
8.19E9
17782 5 5
9.8E8
8.79E9
17782 5 5
1.05E9
8.7E9
17782 5 5
9.6E8
9.02E9
17782 5 5
1.02E9
9.12E9
17782 5 5
9.7E8
9.39E9
17782 5 5
1.01E9
8.98E9
17782 5 5
1.0E9
9.36E9
17782 5 5
1.07E9
9.13E9
17782 5 5
9.3E8
9.85E9
17782 5 5
1.12E9
9.54E9
17782 5 5
9.9E8
1.069E10
17782 5 5
1.1E9
1.104E10
17782 5 5
1.02E9
1.09E10
17782 5 5
1.01E9
1.131E10
17782 5 5
1.01E9
1.206E10
17782 5 5
1.09E9
1.165E10
17782 5 5
1.11E9
1.313E10
17782 5 5
1.37E9
1.298E10
31622 5 6
2.04E9
2.628E10
31622 5 5
2.19E9
2.62E10
31622 5 6
2.09E9
2.656E10
31622 5 5
2.31E9
2.734E10
31622 5 5
2.06E9
2.896E10
31622 5 6
2.06E9
2.627E10
31622 5 6
2.31E9
3.19E10
31622 5 5
2.31E9
2.965E10
31622 5 5
2.18E9
2.73E10
31622 5 6
2.35E9
3.169E10
31622 5 6
2.18E9
3.091E10
31622 5 5
2.17E9
3.14E10
31622 5 5
2.23E9
3.099E10
31622 5 6
2.28E9
3.176E10
31622 5 6
2.23E9
3.195E10
31622 5 5
2.31E9
3.012E10
31622 5 5
2.28E9
3.118E10
31622 5 5
3.08E9
2.909E10
31622 5 5
2.24E9
3.134E10
31622 5 5
2.24E9
3.377E10
31622 5 5
2.38E9
3.221E10
31622 5 6
2.55E9
3.043E10
31622 5 5
2.15E9
3.365E10
31622 5 5
2.08E9
3.515E10
31622 5 5
2.23E9
3.387E10
31622 5 5
2.72E9
3.178E10
31622 5 5
2.25E9
3.337E10
31622 5 6
2.43E9
3.686E10
31622 5 5
2.49E9
3.672E10
31622 5 6
2.64E9
3.239E10
31622 5 5
2.57E9
4.101E10
31622 5 5
2.62E9
4.112E10
56234 5 6
4.71E9
1.0281E11
56234 5 6
5.18E9
9.871E10
56234 5 6
4.81E9
1.012E11
56234 5 6
5.19E9
9.912E10
56234 5 6
6.0E9
9.501E10
56234 5 6
6.53E9
9.622E10
56234 5 6
5.27E9
1.0304E11
56234 5 6
4.93E9
1.0316E11
56234 5 6
4.9E9
1.0622E11
56234 5 6
4.65E9
1.0612E11
56234 5 6
5.56E9
1.0302E11
56234 5 6
4.71E9
1.0575E11
56234 5 6
4.9E9
1.0786E11
56234 5 6
4.87E9
1.1228E11
56234 5 6
4.78E9
1.0816E11
56234 5 6
4.74E9
1.0854E11
56234 5 6
5.0E9
1.0641E11
56234 5 6
4.77E9
1.0783E11
56234 5 6
4.43E9
1.1093E11
56234 5 6
4.47E9
1.061E11
56234 5 6
6.25E9
1.0158E11
56234 5 6
5.79E9
9.834E10
56234 5 6
4.69E9
1.1521E11
56234 5 6
5.12E9
1.1481E11
56234 5 6
4.81E9
1.1844E11
56234 5 6
4.88E9
1.1458E11
56234 5 7
4.66E9
1.2529E11
56234 5 6
4.59E9
1.3062E11
56234 5 7
6.16E9
1.1656E11
56234 5 6
5.93E9
1.2514E11
56234 5 6
5.38E9
1.3157E11
56234 5 6
5.12E9
1.4253E11
100000 5 7
1.048E10
3.3481E11
100000 5 7
1.079E10
3.3066E11
100000 5 6
1.093E10
3.416E11
100000 5 7
1.004E10
3.2905E11
100000 5 6
1.076E10
3.3225E11
100000 5 7
9.65E9
3.4586E11
100000 5 7
9.98E9
3.5082E11
100000 5 7
1.088E10
3.6247E11
100000 5 6
1.12E10
3.6164E11
100000 5 7
9.83E9
3.6921E11
100000 5 7
1.116E10
3.4878E11
100000 5 7
1.128E10
3.6174E11
100000 5 6
1.214E10
3.7205E11
100000 5 7
1.101E10
3.7825E11
100000 5 6
1.005E10
3.7104E11
100000 5 7
9.15E9
3.5527E11
100000 5 7
9.86E9
3.6338E11
100000 5 7
1.093E10
3.8299E11
100000 5 7
1.078E10
3.804E11
100000 5 7
1.118E10
3.8868E11
100000 5 7
1.14E10
3.9367E11
100000 5 7
1.03E10
3.9346E11
100000 5 7
1.11E10
3.7645E11
100000 5 7
1.175E10
3.9424E11
100000 5 7
1.145E10
3.98E11
100000 5 6
1.101E10
3.5475E11
100000 5 7
1.107E10
3.9559E11
100000 5 7
1.279E10
3.9051E11
100000 5 7
1.06E10
4.0592E11
100000 5 7
1.062E10
3.8962E11
100000 5 7
1.369E10
3.9728E11
100000 5 7
1.439E10
3.9492E11
