100 3 4
273437.5
214843.75
100 3 5
214843.75
214843.75
100 3 5
234375.0
214843.75
100 3 4
273437.5
214843.75
100 3 4
234375.0
214843.75
100 3 4
253906.25
253906.25
100 3 5
214843.75
234375.0
100 3 4
234375.0
253906.25
100 3 4
234375.0
234375.0
100 3 4
253906.25
273437.5
100 3 5
253906.25
214843.75
100 3 4
214843.75
234375.0
100 3 5
253906.25
253906.25
100 3 4
234375.0
214843.75
100 3 4
234375.0
253906.25
100 3 4
234375.0
214843.75
100 3 4
273437.5
214843.75
100 3 4
234375.0
234375.0
100 3 4
214843.75
253906.25
100 3 5
234375.0
214843.75
100 3 4
234375.0
234375.0
100 3 4
234375.0
214843.75
100 3 4
253906.25
234375.0
100 3 4
273437.5
214843.75
100 3 5
253906.25
214843.75
100 3 4
234375.0
214843.75
100 3 5
234375.0
195312.5
100 3 4
214843.75
263671.875
100 3 4
234375.0
263671.875
100 3 4
292968.75
263671.875
100 3 4
234375.0
273437.5
100 3 4
292968.75
263671.875
177 3 5
546875.0
507812.5
177 3 5
507812.5
507812.5
177 3 6
546875.0
546875.0
177 3 5
664062.5
585937.5
177 3 5
585937.5
507812.5
177 3 5
664062.5
585937.5
177 3 5
703125.0
585937.5
177 3 5
703125.0
546875.0
177 3 5
820312.5
585937.5
177 3 5
625000.0
585937.5
177 3 5
507812.5
585937.5
177 3 5
703125.0
625000.0
177 3 5
546875.0
585937.5
177 3 4
546875.0
546875.0
177 3 5
546875.0
546875.0
177 3 4
507812.5
507812.5
177 3 6
585937.5
468750.0
177 3 6
625000.0
507812.5
177 3 5
585937.5
546875.0
177 3 5
546875.0
585937.5
177 3 5
585937.5
546875.0
177 3 4
507812.5
664062.5
177 3 4
625000.0
585937.5
177 3 5
664062.5
585937.5
177 3 5
429687.5
546875.0
177 3 4
468750.0
625000.0
177 3 5
507812.5
546875.0
177 3 5
546875.0
585937.5
177 3 5
546875.0
546875.0
177 3 6
429687.5
546875.0
177 3 5
507812.5
585937.5
177 3 5
507812.5
625000.0
316 3 6
1328125.0
2031250.0
316 3 6
1171875.0
1875000.0
316 3 6
1406250.0
1875000.0
316 3 5
1093750.0
1718750.0
316 3 6
1015625.0
1718750.0
316 3 6
1015625.0
1562500.0
316 3 6
1015625.0
1484375.0
316 3 6
1328125.0
1484375.0
316 3 6
1093750.0
1484375.0
316 3 6
1093750.0
1640625.0
316 3 6
1093750.0
1328125.0
316 3 6
1250000.0
1562500.0
316 3 5
1093750.0
1640625.0
316 3 5
1171875.0
1562500.0
316 3 6
1328125.0
1562500.0
316 3 6
1171875.0
1796875.0
316 3 6
1250000.0
1328125.0
316 3 6
1015625.0
1484375.0
316 3 5
1250000.0
1718750.0
316 3 6
1015625.0
1484375.0
316 3 6
937500.0
1484375.0
316 3 6
1484375.0
1328125.0
316 3 6
1015625.0
1406250.0
316 3 6
1406250.0
1484375.0
316 3 5
1484375.0
1484375.0
316 3 6
1015625.0
1484375.0
316 3 6
1171875.0
1562500.0
316 3 6
1171875.0
2343750.0
562 3 7
1875000.0
4687500.0
316 3 6
1171875.0
1718750.0
562 3 6
2187500.0
4375000.0
316 3 6
1093750.0
1640625.0
316 3 6
1171875.0
1640625.0
562 3 7
2031250.0
5312500.0
316 3 6
1015625.0
1875000.0
562 3 7
2187500.0
3750000.0
562 3 6
2187500.0
4375000.0
562 3 7
2343750.0
4687500.0
562 3 7
2343750.0
3750000.0
562 3 7
2812500.0
3437500.0
562 3 7
2812500.0
3750000.0
562 3 7
2656250.0
3750000.0
562 3 7
3750000.0
3750000.0
562 3 7
2500000.0
4687500.0
562 3 7
2812500.0
3750000.0
562 3 7
2656250.0
4375000.0
562 3 6
3437500.0
4375000.0
562 3 7
2500000.0
4687500.0
562 3 7
2500000.0
3750000.0
562 3 7
4062500.0
4062500.0
562 3 6
3750000.0
4375000.0
562 3 6
2187500.0
3750000.0
562 3 6
2968750.0
4062500.0
562 3 7
2187500.0
4375000.0
562 3 7
2812500.0
3437500.0
562 3 7
2031250.0
4687500.0
562 3 7
2343750.0
4687500.0
562 3 6
2656250.0
5937500.0
562 3 7
2343750.0
4687500.0
562 3 7
2500000.0
5312500.0
562 3 7
2031250.0
4687500.0
562 3 7
2812500.0
4062500.0
1000 3 7
6875000.0
1.1875E7
1000 3 7
6875000.0
1.3125E7
562 3 7
2187500.0
4687500.0
562 3 7
2343750.0
4375000.0
1000 3 7
8750000.0
1.5E7
1000 3 7
6250000.0
1.375E7
1000 3 7
7500000.0
1.625E7
1000 3 7
6875000.0
1.5E7
1000 3 7
8125000.0
1.5E7
1000 3 7
5000000.0
1.125E7
1000 3 7
7500000.0
1.25E7
1000 3 7
5312500.0
1.25E7
1000 3 7
7500000.0
1.25E7
1000 3 7
6250000.0
1.1875E7
1000 3 7
5937500.0
1.25E7
1000 3 7
6562500.0
1.625E7
1000 3 7
5312500.0
1.125E7
1000 3 7
5000000.0
1.25E7
1000 3 7
6250000.0
1.3125E7
1000 3 7
6562500.0
1.5E7
1000 3 7
5937500.0
1.125E7
1000 3 7
5312500.0
1.375E7
1000 3 7
5000000.0
1.375E7
1000 3 7
4687500.0
1.125E7
1000 3 7
5312500.0
1.375E7
1000 3 7
6250000.0
1.1875E7
1000 3 7
5000000.0
1.25E7
1000 3 7
6250000.0
1.375E7
1000 3 7
5000000.0
1.375E7
1000 3 7
4687500.0
1.0E7
1000 3 7
5000000.0
1.0625E7
1000 3 7
4375000.0
1.0625E7
1000 3 7
5000000.0
1.25E7
1778 3 7
1.375E7
4.75E7
1000 3 7
4375000.0
1.4375E7
1778 3 7
1.125E7
4.0E7
1778 3 7
1.0625E7
3.25E7
1778 3 7
1.0625E7
3.25E7
1778 3 7
1.5E7
4.75E7
1778 3 7
1.5E7
5.0E7
1778 3 7
1.1875E7
3.5E7
1778 3 7
1.375E7
5.0E7
1778 3 7
1.375E7
4.25E7
1778 3 7
8750000.0
3.0E7
1778 3 7
1.1875E7
3.75E7
1778 3 7
1.0E7
3.25E7
1778 3 7
1.125E7
3.5E7
1778 3 7
9375000.0
3.75E7
1778 3 7
1.1875E7
3.75E7
1778 3 7
9375000.0
3.75E7
1778 3 7
1.3125E7
3.0E7
1778 3 7
8750000.0
3.75E7
1778 3 7
1.1875E7
3.25E7
1778 3 7
1.4375E7
3.75E7
1778 3 7
9375000.0
3.75E7
1778 3 7
8750000.0
3.75E7
1778 3 7
9375000.0
4.0E7
1778 3 7
1.0E7
3.0E7
1778 3 7
1.0E7
3.75E7
1778 3 7
1.0625E7
3.25E7
1778 3 7
1.0E7
4.0E7
3162 3 7
2.0E7
1.2E8
1778 3 7
1.0E7
4.25E7
1778 3 7
1.0E7
4.0E7
1778 3 7
1.25E7
4.25E7
3162 3 7
2.0E7
1.3E8
3162 3 7
2.0E7
1.3E8
3162 3 7
2.25E7
1.7E8
3162 3 7
2.75E7
1.8E8
3162 3 7
2.375E7
1.8E8
3162 3 7
2.375E7
1.6E8
1778 3 7
1.125E7
3.75E7
3162 3 7
2.625E7
1.7E8
3162 3 7
1.75E7
1.3E8
3162 3 7
2.75E7
1.7E8
1778 3 7
1.1875E7
4.25E7
3162 3 7
2.25E7
1.3E8
3162 3 7
2.5E7
1.5E8
3162 3 7
2.0E7
1.7E8
3162 3 7
1.875E7
1.3E8
3162 3 7
2.125E7
1.5E8
3162 3 7
1.875E7
1.5E8
3162 3 7
2.0E7
1.5E8
3162 3 7
1.875E7
1.3E8
3162 3 7
1.75E7
1.5E8
3162 3 7
3.0E7
1.3E8
3162 3 7
2.25E7
1.3E8
3162 3 7
2.0E7
1.5E8
3162 3 7
2.25E7
1.4E8
3162 3 7
2.75E7
1.4E8
3162 3 7
2.625E7
1.3E8
3162 3 7
2.0E7
1.5E8
3162 3 7
1.875E7
1.3E8
3162 3 7
2.5E7
1.4E8
3162 3 7
2.375E7
1.4E8
3162 3 7
2.375E7
1.5E8
3162 3 7
2.125E7
1.6E8
3162 3 7
2.25E7
1.5E8
5623 3 7
4.0E7
4.1E8
5623 3 7
5.5E7
5.1E8
5623 3 7
5.5E7
5.4E8
5623 3 7
3.5E7
4.2E8
5623 3 7
3.5E7
4.7E8
5623 3 7
4.25E7
5.0E8
5623 3 7
3.75E7
4.3E8
5623 3 7
4.0E7
4.8E8
5623 3 7
4.0E7
5.4E8
5623 3 7
4.0E7
4.3E8
5623 3 7
4.25E7
4.8E8
5623 3 7
4.25E7
5.2E8
5623 3 7
3.75E7
4.2E8
5623 3 7
5.5E7
5.6E8
5623 3 7
4.75E7
5.4E8
5623 3 7
4.75E7
4.7E8
5623 3 7
5.0E7
4.6E8
5623 3 7
4.75E7
5.2E8
5623 3 7
5.5E7
5.7E8
5623 3 7
4.5E7
4.1E8
5623 3 7
5.25E7
4.9E8
5623 3 7
5.0E7
5.2E8
5623 3 7
5.0E7
5.5E8
5623 3 7
4.5E7
4.3E8
5623 3 7
5.0E7
5.7E8
5623 3 7
4.25E7
4.7E8
5623 3 7
5.5E7
5.4E8
5623 3 7
5.0E7
4.4E8
5623 3 7
4.25E7
4.1E8
5623 3 7
4.25E7
5.0E8
5623 3 7
5.25E7
4.8E8
5623 3 7
5.25E7
4.7E8
10000 3 7
7.0E7
1.29E9
10000 3 7
8.5E7
1.36E9
10000 3 7
1.05E8
1.54E9
10000 3 7
1.2E8
1.68E9
10000 3 7
7.0E7
1.4E9
10000 3 7
7.5E7
1.28E9
10000 3 7
8.0E7
1.3E9
10000 3 7
1.1E8
1.72E9
10000 3 7
8.0E7
1.63E9
10000 3 7
8.0E7
1.43E9
10000 3 7
7.5E7
1.64E9
10000 3 7
8.0E7
1.29E9
10000 3 7
8.0E7
1.74E9
10000 3 7
8.0E7
1.64E9
10000 3 7
8.5E7
1.88E9
10000 3 7
7.5E7
1.32E9
10000 3 7
1.1E8
1.77E9
10000 3 7
1.0E8
1.59E9
10000 3 7
1.2E8
1.66E9
10000 3 7
1.0E8
1.52E9
10000 3 7
1.1E8
1.75E9
10000 3 7
9.5E7
1.61E9
10000 3 7
9.0E7
1.69E9
10000 3 7
1.05E8
1.66E9
10000 3 7
1.1E8
1.77E9
10000 3 7
9.5E7
1.51E9
10000 3 7
8.5E7
1.76E9
10000 3 7
1.1E8
1.74E9
10000 3 7
9.5E7
1.64E9
10000 3 7
9.0E7
1.66E9
10000 3 7
1.0E8
1.87E9
10000 3 7
1.05E8
1.83E9
17782 3 7
2.1E8
4.32E9
17782 3 7
1.6E8
4.02E9
17782 3 7
1.5E8
4.41E9
17782 3 7
1.6E8
4.84E9
17782 3 7
1.5E8
4.8E9
17782 3 7
1.7E8
4.94E9
17782 3 7
1.6E8
5.0E9
17782 3 7
1.7E8
5.11E9
17782 3 7
1.5E8
5.41E9
17782 3 7
1.9E8
5.34E9
17782 3 7
1.7E8
5.35E9
17782 3 7
1.6E8
5.44E9
17782 3 7
2.0E8
5.29E9
17782 3 7
2.1E8
5.31E9
17782 3 7
1.6E8
5.22E9
17782 3 7
1.8E8
5.49E9
17782 3 7
1.8E8
5.4E9
17782 3 7
1.6E8
5.42E9
17782 3 7
2.0E8
5.91E9
17782 3 7
1.7E8
5.54E9
17782 3 7
2.0E8
5.09E9
17782 3 7
1.6E8
5.53E9
17782 3 7
2.1E8
5.45E9
17782 3 7
2.1E8
5.19E9
17782 3 7
2.1E8
5.7E9
17782 3 7
1.8E8
5.69E9
17782 3 7
1.8E8
5.62E9
17782 3 7
1.5E8
6.29E9
17782 3 7
2.3E8
5.96E9
17782 3 7
2.0E8
5.98E9
17782 3 7
1.9E8
6.18E9
17782 3 7
2.2E8
5.88E9
31622 3 7
2.9E8
1.512E10
31622 3 7
3.0E8
1.588E10
31622 3 7
2.8E8
1.626E10
31622 3 7
3.0E8
1.59E10
31622 3 7
4.3E8
1.733E10
31622 3 7
3.0E8
1.901E10
31622 3 7
3.0E8
1.778E10
31622 3 7
3.7E8
1.889E10
31622 3 7
3.8E8
1.887E10
31622 3 7
3.0E8
1.993E10
31622 3 7
3.8E8
1.83E10
31622 3 7
3.6E8
1.995E10
31622 3 7
3.5E8
1.901E10
31622 3 7
3.3E8
1.928E10
31622 3 7
4.0E8
1.994E10
31622 3 7
3.2E8
2.023E10
31622 3 7
4.3E8
2.023E10
31622 3 7
3.8E8
2.101E10
31622 3 7
3.8E8
2.008E10
31622 3 7
3.8E8
2.032E10
31622 3 7
4.0E8
2.036E10
31622 3 7
3.7E8
2.177E10
31622 3 7
3.9E8
2.191E10
31622 3 7
3.9E8
2.195E10
31622 3 7
3.6E8
2.07E10
31622 3 7
3.7E8
2.121E10
31622 3 7
3.5E8
2.199E10
31622 3 7
4.6E8
2.18E10
31622 3 7
4.2E8
2.143E10
31622 3 7
3.6E8
2.29E10
31622 3 7
4.3E8
2.216E10
31622 3 7
3.8E8
2.271E10
56234 3 7
7.8E8
7.859E10
56234 3 7
8.6E8
8.105E10
56234 3 7
9.7E8
8.265E10
56234 3 7
6.8E8
8.649E10
56234 3 7
7.7E8
8.47E10
56234 3 7
6.9E8
8.661E10
56234 3 7
8.1E8
8.818E10
56234 3 7
7.9E8
8.752E10
56234 3 7
7.9E8
8.657E10
56234 3 7
8.7E8
8.724E10
56234 3 7
7.8E8
9.397E10
56234 3 7
8.2E8
9.484E10
56234 3 7
7.0E8
9.161E10
56234 3 7
6.8E8
9.23E10
56234 3 7
6.8E8
9.29E10
56234 3 7
9.6E8
8.895E10
56234 3 7
9.5E8
8.978E10
56234 3 7
7.3E8
9.546E10
56234 3 7
7.2E8
9.887E10
56234 3 7
8.2E8
9.346E10
56234 3 7
7.5E8
9.743E10
56234 3 7
9.0E8
9.471E10
56234 3 7
8.4E8
9.654E10
56234 3 7
8.5E8
9.844E10
56234 3 7
8.4E8
9.908E10
56234 3 7
1.07E9
1.0219E11
56234 3 7
7.4E8
1.0403E11
56234 3 7
8.4E8
1.0154E11
56234 3 7
8.9E8
1.041E11
56234 3 7
1.05E9
1.0606E11
56234 3 7
7.6E8
1.1738E11
56234 3 7
9.0E8
1.1657E11
100000 3 7
1.51E9
2.4866E11
100000 3 7
1.25E9
2.9061E11
100000 3 7
1.1E9
2.7001E11
100000 3 7
1.19E9
3.1241E11
100000 3 7
1.21E9
3.1435E11
100000 3 7
1.91E9
2.9142E11
100000 3 7
2.26E9
3.1286E11
100000 3 7
1.21E9
3.2219E11
100000 3 7
1.97E9
3.0776E11
100000 3 7
1.8E9
3.1379E11
100000 3 7
1.84E9
3.1995E11
100000 3 7
1.32E9
3.2083E11
100000 3 7
1.19E9
3.1743E11
100000 3 7
1.52E9
3.2578E11
100000 3 7
1.41E9
3.2808E11
100000 3 7
2.23E9
3.3948E11
100000 3 7
1.59E9
3.4246E11
100000 3 7
1.63E9
3.5188E11
100000 3 7
1.18E9
3.3907E11
100000 3 7
1.66E9
3.5649E11
100000 3 7
1.54E9
3.4769E11
100000 3 7
1.27E9
3.5014E11
100000 3 7
1.2E9
3.4946E11
100000 3 7
1.23E9
3.4187E11
100000 3 7
1.58E9
3.5444E11
100000 3 7
3.19E9
3.6424E11
100000 3 7
2.16E9
3.4155E11
100000 3 7
1.72E9
3.6509E11
100000 3 7
1.46E9
3.605E11
100000 3 7
1.73E9
3.709E11
100000 3 7
1.16E9
3.6209E11
100000 3 7
1.76E9
3.8298E11
