100 5 2
468750.0
429687.5
100 5 2
468750.0
429687.5
100 5 2
468750.0
429687.5
100 5 2
507812.5
429687.5
100 5 2
507812.5
429687.5
100 5 2
507812.5
429687.5
100 5 2
468750.0
429687.5
100 5 2
468750.0
371093.75
100 5 2
507812.5
371093.75
100 5 2
546875.0
390625.0
100 5 2
507812.5
390625.0
100 5 2
507812.5
371093.75
100 5 2
507812.5
449218.75
100 5 2
468750.0
449218.75
100 5 2
468750.0
351562.5
100 5 2
468750.0
449218.75
100 5 2
507812.5
468750.0
100 5 2
468750.0
410156.25
100 5 2
468750.0
468750.0
100 5 3
507812.5
449218.75
100 5 2
468750.0
488281.25
100 5 2
507812.5
488281.25
100 5 2
507812.5
468750.0
100 5 2
468750.0
527343.75
100 5 2
507812.5
488281.25
100 5 2
468750.0
488281.25
100 5 2
507812.5
488281.25
100 5 2
507812.5
488281.25
100 5 2
468750.0
449218.75
100 5 2
546875.0
566406.25
100 5 2
507812.5
585937.5
100 5 2
468750.0
625000.0
177 5 2
1718750.0
1093750.0
177 5 2
1171875.0
1093750.0
177 5 3
1250000.0
1015625.0
177 5 2
1328125.0
1406250.0
177 5 3
1250000.0
1171875.0
177 5 2
1250000.0
1015625.0
177 5 2
1250000.0
1484375.0
177 5 2
1250000.0
1015625.0
177 5 2
1171875.0
1093750.0
177 5 2
1250000.0
1015625.0
177 5 2
1328125.0
1015625.0
177 5 2
1250000.0
937500.0
177 5 2
1250000.0
937500.0
177 5 2
1328125.0
859375.0
177 5 2
1250000.0
937500.0
177 5 2
1250000.0
937500.0
177 5 2
1328125.0
937500.0
177 5 2
1328125.0
1015625.0
177 5 2
1328125.0
1015625.0
177 5 2
1250000.0
1015625.0
177 5 2
1328125.0
937500.0
177 5 2
1406250.0
1015625.0
177 5 2
1328125.0
1015625.0
177 5 3
1406250.0
1015625.0
177 5 2
1406250.0
937500.0
177 5 2
1640625.0
937500.0
177 5 2
1328125.0
937500.0
177 5 2
1718750.0
859375.0
177 5 2
1562500.0
937500.0
177 5 2
1640625.0
1015625.0
177 5 2
1484375.0
1171875.0
177 5 3
1640625.0
859375.0
316 5 2
2968750.0
2656250.0
316 5 2
2968750.0
3281250.0
316 5 2
2812500.0
3906250.0
316 5 2
2812500.0
2656250.0
316 5 2
2968750.0
2968750.0
316 5 2
2968750.0
5937500.0
316 5 2
2968750.0
2968750.0
316 5 3
3437500.0
1.625E7
316 5 3
3281250.0
5625000.0
316 5 2
2968750.0
5000000.0
316 5 2
2968750.0
2812500.0
316 5 2
3125000.0
6250000.0
316 5 2
3125000.0
5625000.0
316 5 2
3281250.0
4375000.0
316 5 3
3125000.0
5312500.0
316 5 3
3437500.0
3.375E7
316 5 3
3281250.0
5312500.0
316 5 2
3437500.0
4375000.0
316 5 2
3437500.0
4062500.0
316 5 2
3437500.0
4375000.0
316 5 2
3281250.0
3.375E7
316 5 3
3281250.0
2.125E7
316 5 2
2968750.0
2812500.0
316 5 2
3281250.0
4062500.0
316 5 2
2968750.0
2500000.0
316 5 2
2968750.0
2812500.0
562 5 2
6875000.0
6875000.0
316 5 2
3593750.0
2500000.0
316 5 2
3906250.0
2656250.0
562 5 2
8750000.0
8125000.0
562 5 3
7500000.0
6875000.0
562 5 3
6875000.0
7500000.0
316 5 2
4531250.0
2656250.0
562 5 2
7500000.0
1.375E7
562 5 3
7500000.0
6875000.0
562 5 3
6875000.0
7500000.0
562 5 3
6875000.0
7500000.0
316 5 2
4531250.0
4687500.0
562 5 3
6875000.0
1.375E7
562 5 2
6875000.0
6875000.0
562 5 3
7500000.0
1.125E7
562 5 3
6875000.0
1.0625E7
562 5 3
6875000.0
1.0625E7
562 5 3
6875000.0
2.75E7
562 5 3
6875000.0
1.5E7
562 5 3
6875000.0
2.625E7
562 5 3
7500000.0
1.1875E7
562 5 2
8125000.0
1.4375E7
562 5 2
7500000.0
1.375E7
562 5 2
7500000.0
3.0E7
562 5 3
6875000.0
3.25E7
562 5 3
7500000.0
1.25E7
562 5 3
6875000.0
1.3125E7
562 5 3
7500000.0
7500000.0
316 5 3
7500000.0
7187500.0
562 5 3
7187500.0
6875000.0
562 5 3
8750000.0
1.5E7
562 5 3
7500000.0
7500000.0
562 5 3
8750000.0
1.0E7
562 5 3
7500000.0
7500000.0
562 5 2
8750000.0
1.125E7
1000 5 3
5.5E7
1.9E8
562 5 3
7500000.0
3.6875E7
562 5 3
8750000.0
1.25E7
1000 5 3
6.0E7
1.7E8
316 5 3
7500000.0
1.03125E7
1000 5 3
2.0E7
2.75E7
1000 5 3
2.0E7
3.0E7
1000 5 3
1.75E7
2.0E7
1000 5 3
1.75E7
2.0E7
1000 5 3
1.625E7
2.0E7
1000 5 3
1.75E7
2.125E7
1000 5 3
2.125E7
2.0E7
1000 5 3
2.125E7
3.25E7
1000 5 3
1.625E7
3.0E7
1000 5 3
2.125E7
2.5E7
1000 5 3
2.375E7
2.625E7
1000 5 3
2.375E7
2.625E7
1000 5 3
2.375E7
2.875E7
1000 5 3
2.0E7
2.125E7
1000 5 3
2.0E7
2.25E7
1000 5 3
2.25E7
3.0E7
1000 5 3
1.625E7
2.625E7
1000 5 3
2.0E7
2.875E7
1000 5 3
1.625E7
2.125E7
1000 5 3
1.75E7
7.0E7
1000 5 3
6.5E7
3.875E7
1000 5 3
1.625E7
2.875E7
1000 5 3
1.75E7
3.5E7
1000 5 3
1.75E7
3.5E7
1000 5 3
1.875E7
3.25E7
1000 5 3
6.0E7
4.375E7
1000 5 3
3.125E7
1.6E8
1000 5 3
7.0E7
4.375E7
1778 5 3
6.0E7
1.5E8
1778 5 3
3.75E7
1.2E8
1778 5 3
4.5E7
2.3E8
1000 5 3
7.0E7
5.625E7
1778 5 4
6.75E7
1.6E8
1000 5 3
2.0E7
3.0E7
1778 5 3
5.5E7
1.2E8
1778 5 3
4.75E7
1.8E8
1778 5 4
8.0E7
1.2E8
1778 5 3
3.75E7
8.5E7
1778 5 3
5.5E7
1.2E8
1778 5 3
4.0E7
7.0E7
1778 5 3
3.75E7
9.5E7
1778 5 3
5.5E7
6.0E7
1778 5 3
8.0E7
9.0E7
1778 5 3
3.75E7
6.5E7
1778 5 3
4.25E7
7.0E7
1778 5 3
3.75E7
5.5E7
1778 5 3
4.0E7
5.5E7
1778 5 3
5.0E7
6.5E7
1778 5 3
5.0E7
7.0E7
1778 5 3
3.75E7
6.0E7
1778 5 3
3.5E7
6.0E7
1778 5 4
3.5E7
6.0E7
1778 5 3
4.0E7
8.5E7
1778 5 3
3.75E7
1.0E8
1778 5 3
3.5E7
9.5E7
1778 5 4
3.75E7
1.0E8
1778 5 3
4.25E7
1.05E8
3162 5 4
8.5E7
2.2E8
1778 5 3
4.75E7
8.25E7
3162 5 3
8.5E7
2.3E8
3162 5 4
8.5E7
2.3E8
3162 5 4
8.5E7
2.3E8
1778 5 3
4.0E7
2.15E8
3162 5 4
9.0E7
3.7E8
1778 5 3
4.25E7
3.3E8
3162 5 4
1.2E8
6.4E8
3162 5 4
9.5E7
4.7E8
3162 5 4
9.0E7
2.2E8
1778 5 3
4.75E7
3.05E8
3162 5 4
1.0E8
4.7E8
3162 5 3
9.0E7
2.2E8
1778 5 3
4.25E7
3.0E8
3162 5 4
1.1E8
4.7E8
3162 5 4
1.3E8
4.1E8
3162 5 4
1.2E8
7.5E8
3162 5 4
1.2E8
4.5E8
3162 5 4
1.1E8
4.4E8
3162 5 4
8.5E7
6.1E8
3162 5 3
1.3E8
4.2E8
3162 5 4
9.0E7
2.2E8
3162 5 4
8.5E7
5.5E8
3162 5 4
9.0E7
2.2E8
3162 5 4
1.3E8
2.9E8
3162 5 4
1.3E8
3.5E8
3162 5 4
1.3E8
3.0E8
3162 5 4
1.3E8
2.7E8
3162 5 4
1.3E8
3.1E8
3162 5 4
8.5E7
1.8E8
3162 5 3
1.4E8
3.3E8
3162 5 4
9.0E7
1.8E8
3162 5 4
8.5E7
1.9E8
3162 5 4
2.75E8
2.5E8
3162 5 4
4.2E8
2.8E8
3162 5 4
9.0E7
3.8E8
5623 5 4
1.9E8
6.9E8
5623 5 4
1.9E8
7.6E8
5623 5 4
2.1E8
9.0E8
5623 5 4
2.0E8
7.5E8
5623 5 4
1.8E8
9.2E8
5623 5 4
1.8E8
8.4E8
5623 5 4
1.9E8
7.5E8
5623 5 4
1.9E8
9.6E8
5623 5 4
2.0E8
7.6E8
5623 5 4
1.8E8
1.05E9
5623 5 4
1.9E8
7.3E8
5623 5 4
2.0E8
9.4E8
5623 5 4
1.8E8
1.3E9
5623 5 4
2.2E8
1.15E9
5623 5 4
1.7E8
1.3E9
5623 5 4
2.2E8
1.17E9
5623 5 4
2.3E8
1.26E9
5623 5 4
1.9E8
1.36E9
5623 5 4
2.4E8
1.19E9
5623 5 4
2.5E8
1.18E9
5623 5 5
1.9E8
1.3E9
5623 5 5
2.1E8
1.34E9
5623 5 4
1.9E8
1.32E9
5623 5 4
6.7E8
9.6E8
5623 5 4
2.3E8
1.66E9
5623 5 4
2.0E8
1.62E9
5623 5 4
2.7E8
1.73E9
5623 5 4
2.0E8
1.68E9
5623 5 4
3.1E8
1.44E9
5623 5 4
5.1E8
1.53E9
5623 5 4
5.3E8
1.67E9
5623 5 4
6.7E8
2.15E9
10000 5 4
4.2E8
2.05E9
10000 5 5
4.3E8
2.31E9
10000 5 4
4.4E8
2.13E9
10000 5 4
4.4E8
2.37E9
10000 5 4
4.8E8
2.41E9
10000 5 5
4.8E8
2.74E9
10000 5 5
5.3E8
2.52E9
10000 5 5
5.4E8
3.1E9
10000 5 4
4.9E8
2.71E9
10000 5 5
4.2E8
3.36E9
10000 5 5
4.5E8
3.25E9
10000 5 5
4.7E8
3.1E9
10000 5 5
4.9E8
2.96E9
10000 5 5
5.1E8
2.93E9
10000 5 4
4.5E8
3.68E9
10000 5 5
5.3E8
3.11E9
10000 5 5
4.4E8
3.6E9
10000 5 4
5.0E8
2.66E9
10000 5 4
5.1E8
3.54E9
10000 5 4
5.0E8
3.64E9
10000 5 4
5.7E8
3.37E9
10000 5 4
5.8E8
3.49E9
10000 5 4
8.2E8
2.67E9
10000 5 5
5.5E8
3.48E9
10000 5 5
5.9E8
3.59E9
10000 5 5
6.4E8
3.45E9
10000 5 5
5.6E8
3.81E9
10000 5 4
5.3E8
4.37E9
10000 5 4
5.6E8
4.21E9
10000 5 4
9.8E8
4.16E9
10000 5 5
8.2E8
4.77E9
10000 5 4
1.01E9
4.77E9
17782 5 5
1.02E9
8.07E9
17782 5 5
9.6E8
7.48E9
17782 5 5
1.04E9
8.28E9
17782 5 5
9.6E8
7.49E9
17782 5 5
9.6E8
7.79E9
17782 5 5
1.01E9
7.92E9
17782 5 5
1.08E9
8.88E9
17782 5 5
1.07E9
8.64E9
17782 5 5
1.06E9
1.036E10
17782 5 5
9.8E8
9.94E9
17782 5 5
1.09E9
9.34E9
17782 5 5
9.5E8
1.039E10
17782 5 5
1.02E9
1.006E10
17782 5 5
1.21E9
1.019E10
17782 5 5
1.13E9
1.12E10
17782 5 5
1.12E9
1.013E10
17782 5 5
1.14E9
1.085E10
17782 5 5
1.17E9
1.122E10
17782 5 5
1.39E9
1.091E10
17782 5 5
1.45E9
1.133E10
17782 5 5
1.79E9
1.01E10
17782 5 5
1.21E9
1.203E10
17782 5 5
1.26E9
1.227E10
17782 5 5
1.91E9
1.324E10
17782 5 5
1.2E9
1.506E10
17782 5 5
1.9E9
1.381E10
17782 5 5
1.13E9
1.29E10
17782 5 5
1.66E9
1.344E10
17782 5 5
1.9E9
1.433E10
17782 5 5
1.91E9
1.356E10
17782 5 5
1.15E9
1.637E10
17782 5 5
1.68E9
1.521E10
31622 5 5
2.11E9
2.563E10
31622 5 5
2.14E9
2.685E10
31622 5 5
2.02E9
2.822E10
31622 5 6
2.29E9
2.839E10
31622 5 5
2.11E9
2.821E10
31622 5 6
2.3E9
2.808E10
31622 5 5
2.36E9
2.927E10
31622 5 6
2.15E9
2.634E10
31622 5 6
2.16E9
3.065E10
31622 5 5
2.06E9
3.245E10
31622 5 6
2.08E9
2.862E10
31622 5 5
2.16E9
2.864E10
31622 5 6
2.24E9
2.744E10
31622 5 6
2.24E9
2.559E10
31622 5 6
2.19E9
2.61E10
31622 5 5
2.26E9
2.828E10
31622 5 6
2.5E9
2.977E10
31622 5 5
2.39E9
3.188E10
31622 5 6
2.28E9
2.883E10
31622 5 6
2.48E9
3.167E10
31622 5 5
2.1E9
2.952E10
31622 5 6
2.39E9
3.194E10
31622 5 6
2.44E9
3.06E10
31622 5 6
2.33E9
2.696E10
31622 5 6
2.63E9
2.945E10
31622 5 5
2.67E9
3.144E10
31622 5 6
2.94E9
3.172E10
31622 5 6
2.78E9
3.079E10
31622 5 5
2.74E9
3.193E10
31622 5 5
2.89E9
3.033E10
31622 5 7
2.9E9
3.293E10
31622 5 5
3.65E9
3.441E10
56234 5 6
5.23E9
8.931E10
56234 5 6
4.66E9
9.409E10
56234 5 6
5.17E9
9.639E10
56234 5 6
4.99E9
9.837E10
56234 5 6
5.1E9
9.993E10
56234 5 7
5.02E9
1.0064E11
56234 5 6
4.87E9
1.04E11
56234 5 6
5.15E9
1.0921E11
56234 5 6
5.19E9
1.0438E11
56234 5 6
4.87E9
1.0745E11
56234 5 6
5.12E9
9.727E10
56234 5 6
4.88E9
1.0936E11
56234 5 6
4.84E9
1.1021E11
56234 5 6
4.83E9
1.1198E11
56234 5 6
4.8E9
1.1603E11
56234 5 6
5.09E9
1.1861E11
56234 5 6
4.92E9
1.3238E11
56234 5 6
5.05E9
1.3485E11
56234 5 6
4.79E9
1.3913E11
56234 5 6
4.95E9
1.4108E11
56234 5 6
4.81E9
1.459E11
56234 5 6
4.88E9
1.4203E11
56234 5 6
5.11E9
1.3752E11
56234 5 6
5.21E9
1.5013E11
56234 5 6
5.55E9
1.5064E11
56234 5 6
5.19E9
1.6314E11
56234 5 6
5.27E9
1.6702E11
56234 5 6
4.88E9
1.6663E11
56234 5 6
5.66E9
1.7583E11
56234 5 6
5.05E9
1.7671E11
56234 5 6
5.51E9
1.8432E11
56234 5 6
7.12E9
1.8322E11
100000 5 7
1.014E10
3.2767E11
100000 5 7
9.75E9
3.5345E11
100000 5 7
1.034E10
3.7146E11
100000 5 6
1.014E10
3.5665E11
100000 5 7
9.83E9
3.6744E11
100000 5 7
1.074E10
3.2606E11
100000 5 7
9.9E9
3.5633E11
100000 5 7
1.062E10
3.6989E11
100000 5 7
1.013E10
3.71E11
100000 5 7
9.2E9
3.7611E11
100000 5 7
1.13E10
3.4012E11
100000 5 7
1.067E10
3.3851E11
100000 5 6
1.038E10
3.6945E11
100000 5 7
1.116E10
3.6069E11
100000 5 7
1.054E10
3.5341E11
100000 5 7
9.85E9
3.5641E11
100000 5 7
1.106E10
3.7219E11
100000 5 7
9.78E9
3.8116E11
100000 5 7
9.89E9
3.951E11
100000 5 7
1.235E10
3.667E11
100000 5 7
9.26E9
3.4408E11
100000 5 7
9.9E9
4.0428E11
100000 5 7
1.033E10
4.1965E11
100000 5 7
1.091E10
3.5873E11
100000 5 6
1.106E10
3.5932E11
100000 5 7
1.06E10
3.3459E11
100000 5 7
1.255E10
3.3588E11
100000 5 7
1.207E10
3.7069E11
100000 5 7
1.084E10
3.5402E11
100000 5 7
1.14E10
3.5074E11
100000 5 7
1.097E10
3.9289E11
100000 5 7
1.178E10
3.6287E11
