100 4 2
429687.5
312500.0
100 4 3
410156.25
292968.75
100 4 3
371093.75
292968.75
100 4 3
351562.5
312500.0
100 4 3
371093.75
253906.25
100 4 3
390625.0
312500.0
100 4 3
351562.5
312500.0
100 4 3
371093.75
312500.0
100 4 3
351562.5
312500.0
100 4 3
410156.25
273437.5
100 4 3
371093.75
273437.5
100 4 2
371093.75
292968.75
100 4 3
390625.0
273437.5
100 4 2
390625.0
312500.0
100 4 2
371093.75
312500.0
100 4 3
449218.75
273437.5
100 4 3
390625.0
312500.0
100 4 3
371093.75
273437.5
100 4 3
410156.25
292968.75
100 4 3
390625.0
292968.75
100 4 3
429687.5
312500.0
100 4 2
429687.5
292968.75
100 4 2
410156.25
273437.5
100 4 2
410156.25
292968.75
100 4 3
410156.25
292968.75
100 4 2
371093.75
332031.25
100 4 3
410156.25
312500.0
100 4 3
429687.5
292968.75
100 4 2
429687.5
273437.5
100 4 2
390625.0
312500.0
100 4 2
351562.5
371093.75
100 4 3
390625.0
312500.0
177 4 4
937500.0
859375.0
177 4 3
859375.0
859375.0
177 4 3
859375.0
1015625.0
177 4 3
937500.0
859375.0
177 4 3
859375.0
1171875.0
177 4 3
859375.0
859375.0
177 4 3
937500.0
1015625.0
177 4 3
859375.0
859375.0
177 4 3
859375.0
859375.0
177 4 3
859375.0
859375.0
177 4 3
859375.0
859375.0
177 4 3
859375.0
937500.0
177 4 3
937500.0
859375.0
177 4 3
937500.0
937500.0
177 4 3
859375.0
820312.5
177 4 3
859375.0
703125.0
177 4 3
859375.0
781250.0
177 4 3
859375.0
742187.5
177 4 3
859375.0
820312.5
177 4 3
859375.0
781250.0
177 4 3
937500.0
781250.0
177 4 4
859375.0
703125.0
177 4 4
859375.0
742187.5
177 4 3
859375.0
781250.0
177 4 3
859375.0
742187.5
177 4 3
937500.0
820312.5
177 4 4
937500.0
781250.0
177 4 3
859375.0
781250.0
177 4 3
859375.0
742187.5
177 4 4
937500.0
781250.0
177 4 2
1015625.0
742187.5
177 4 3
937500.0
781250.0
316 4 4
2187500.0
2500000.0
316 4 3
1875000.0
2031250.0
316 4 3
2031250.0
2187500.0
316 4 3
2031250.0
2187500.0
316 4 3
2187500.0
3437500.0
316 4 3
2187500.0
2343750.0
316 4 3
2031250.0
2968750.0
316 4 3
1875000.0
2656250.0
316 4 4
2031250.0
2343750.0
316 4 4
2031250.0
2812500.0
316 4 3
2187500.0
2812500.0
316 4 3
2187500.0
3125000.0
316 4 4
2031250.0
2343750.0
316 4 4
2187500.0
2031250.0
316 4 3
2187500.0
1875000.0
316 4 4
2031250.0
2187500.0
316 4 4
2031250.0
2343750.0
316 4 4
2500000.0
2500000.0
316 4 3
2187500.0
2031250.0
316 4 3
2187500.0
2343750.0
316 4 4
2187500.0
2500000.0
316 4 4
2187500.0
2187500.0
316 4 3
2031250.0
2187500.0
316 4 3
2031250.0
2187500.0
316 4 3
2031250.0
2343750.0
316 4 3
2187500.0
2500000.0
316 4 4
2187500.0
2031250.0
316 4 3
2187500.0
2031250.0
316 4 3
2187500.0
2187500.0
316 4 3
2500000.0
2187500.0
316 4 3
2343750.0
2187500.0
316 4 3
2187500.0
2031250.0
562 4 4
5312500.0
7500000.0
562 4 4
4687500.0
5937500.0
562 4 4
5000000.0
8125000.0
562 4 4
4687500.0
5937500.0
562 4 4
4687500.0
5937500.0
562 4 4
4375000.0
6562500.0
562 4 4
5000000.0
6250000.0
562 4 4
5000000.0
6250000.0
562 4 4
5000000.0
6562500.0
562 4 4
4375000.0
5625000.0
562 4 4
4687500.0
6875000.0
562 4 4
4687500.0
5625000.0
562 4 3
5625000.0
7500000.0
562 4 4
5937500.0
7500000.0
562 4 4
5000000.0
5625000.0
562 4 4
4687500.0
5937500.0
562 4 4
4687500.0
6250000.0
562 4 4
4375000.0
5937500.0
562 4 5
4375000.0
5937500.0
562 4 4
4687500.0
6562500.0
562 4 4
4687500.0
6562500.0
562 4 4
5000000.0
5625000.0
562 4 4
4375000.0
5937500.0
562 4 4
5625000.0
6562500.0
562 4 4
5000000.0
5625000.0
562 4 4
4375000.0
6250000.0
1000 4 4
1.375E7
2.0E7
562 4 4
4375000.0
6562500.0
562 4 4
4687500.0
5937500.0
562 4 4
5000000.0
5937500.0
562 4 4
5000000.0
5937500.0
562 4 4
6250000.0
6250000.0
562 4 4
5937500.0
6250000.0
1000 4 4
1.0E7
1.5E7
1000 4 5
1.1875E7
1.75E7
1000 4 4
1.0625E7
1.625E7
1000 4 4
1.0625E7
1.75E7
1000 4 5
1.1875E7
1.5E7
1000 4 4
1.125E7
1.75E7
1000 4 5
1.125E7
2.125E7
1000 4 4
1.1875E7
1.5E7
1000 4 4
1.1875E7
1.875E7
1000 4 4
1.125E7
1.5E7
1000 4 4
1.1875E7
1.75E7
1000 4 4
1.0625E7
1.5E7
1000 4 5
1.75E7
1.75E7
1000 4 5
1.3125E7
1.875E7
1000 4 5
1.1875E7
1.75E7
1000 4 5
1.375E7
2.0E7
1000 4 5
1.1875E7
1.875E7
1000 4 5
1.0E7
1.875E7
1000 4 4
1.1875E7
1.875E7
1000 4 5
1.0625E7
1.875E7
1000 4 4
1.5E7
2.0E7
1000 4 5
1.3125E7
1.625E7
1000 4 4
1.1875E7
1.75E7
1000 4 4
1.125E7
1.875E7
1000 4 4
1.125E7
1.625E7
1000 4 5
1.25E7
1.75E7
1000 4 5
1.375E7
1.625E7
1000 4 4
1.0E7
1.5E7
1000 4 5
1.0625E7
1.625E7
1000 4 5
1.3125E7
2.0E7
1778 4 5
2.125E7
4.25E7
1778 4 5
3.0E7
4.25E7
1778 4 5
2.75E7
5.0E7
1000 4 4
1.25E7
2.0E7
1778 4 6
3.0E7
4.25E7
1778 4 6
2.25E7
4.25E7
1778 4 6
3.75E7
5.5E7
1778 4 5
3.0E7
4.5E7
1778 4 6
2.375E7
4.0E7
1778 4 5
2.5E7
5.0E7
1778 4 5
2.625E7
4.0E7
1778 4 5
2.5E7
5.5E7
1778 4 6
2.5E7
4.0E7
1778 4 5
2.375E7
5.5E7
1778 4 5
2.625E7
5.5E7
1778 4 6
2.75E7
5.0E7
1778 4 5
2.25E7
5.0E7
1778 4 5
3.25E7
5.25E7
1778 4 5
2.25E7
4.0E7
1778 4 5
2.75E7
4.5E7
1778 4 6
3.25E7
5.75E7
1778 4 5
3.5E7
6.0E7
1778 4 5
2.75E7
5.25E7
3162 4 6
5.5E7
1.8E8
3162 4 6
6.5E7
1.6E8
3162 4 6
6.0E7
1.8E8
1778 4 5
2.625E7
4.25E7
1778 4 5
2.375E7
6.5E7
1778 4 5
2.125E7
4.5E7
1778 4 5
2.75E7
5.0E7
1778 4 5
2.375E7
4.25E7
1778 4 5
2.5E7
4.25E7
1778 4 5
2.25E7
5.25E7
1778 4 5
2.75E7
7.5E7
3162 4 6
5.5E7
1.7E8
1778 4 6
2.25E7
4.5E7
3162 4 6
7.0E7
2.1E8
3162 4 6
6.0E7
1.7E8
3162 4 7
6.5E7
1.5E8
3162 4 6
6.5E7
2.6E8
3162 4 6
6.5E7
1.7E8
3162 4 6
5.5E7
1.7E8
1778 4 5
2.375E7
4.75E7
3162 4 6
6.0E7
1.6E8
3162 4 6
8.5E7
2.0E8
3162 4 6
6.0E7
1.8E8
3162 4 6
1.2E8
2.1E8
3162 4 6
6.5E7
1.5E8
3162 4 7
8.5E7
1.8E8
3162 4 6
6.0E7
1.7E8
3162 4 6
5.5E7
1.5E8
3162 4 6
8.0E7
1.8E8
3162 4 6
5.5E7
1.7E8
3162 4 6
6.0E7
1.5E8
3162 4 6
7.0E7
1.8E8
3162 4 6
4.75E7
1.7E8
3162 4 6
5.0E7
1.6E8
3162 4 6
4.75E7
1.6E8
3162 4 6
6.5E7
1.7E8
3162 4 6
5.5E7
1.7E8
3162 4 6
5.25E7
1.4E8
3162 4 5
5.25E7
1.5E8
3162 4 6
5.0E7
1.6E8
3162 4 6
5.0E7
1.9E8
3162 4 6
5.0E7
2.6E8
5623 4 7
1.1E8
4.6E8
5623 4 7
1.1E8
4.4E8
5623 4 7
1.1E8
4.6E8
5623 4 7
1.1E8
4.3E8
5623 4 7
1.2E8
5.4E8
5623 4 8
1.1E8
5.5E8
5623 4 7
1.1E8
5.4E8
5623 4 7
1.2E8
6.4E8
5623 4 6
1.1E8
5.6E8
5623 4 7
1.1E8
4.8E8
5623 4 6
1.5E8
6.6E8
5623 4 7
1.1E8
5.6E8
5623 4 6
1.1E8
5.6E8
5623 4 7
1.1E8
4.8E8
5623 4 7
1.1E8
5.0E8
5623 4 6
1.2E8
4.6E8
5623 4 7
1.4E8
4.6E8
5623 4 7
1.1E8
4.9E8
5623 4 6
1.1E8
4.6E8
5623 4 7
1.5E8
5.5E8
5623 4 6
1.1E8
4.8E8
5623 4 7
1.3E8
5.9E8
5623 4 7
1.1E8
7.4E8
5623 4 7
1.2E8
6.9E8
5623 4 7
2.1E8
5.8E8
5623 4 6
1.1E8
4.6E8
5623 4 7
1.1E8
4.7E8
5623 4 6
1.2E8
7.3E8
5623 4 6
1.2E8
5.1E8
5623 4 6
1.2E8
4.8E8
5623 4 7
1.6E8
4.7E8
5623 4 6
1.9E8
6.5E8
10000 4 7
2.5E8
1.37E9
10000 4 8
2.4E8
1.49E9
10000 4 7
2.2E8
1.38E9
10000 4 9
2.4E8
1.59E9
10000 4 8
2.3E8
1.56E9
10000 4 7
2.5E8
1.49E9
10000 4 8
2.2E8
1.51E9
10000 4 8
2.3E8
1.67E9
10000 4 8
2.8E8
1.4E9
10000 4 8
2.2E8
1.44E9
10000 4 8
2.4E8
1.63E9
10000 4 9
2.4E8
1.53E9
10000 4 8
2.4E8
1.53E9
10000 4 7
2.9E8
1.58E9
10000 4 8
2.6E8
1.66E9
10000 4 8
2.5E8
1.54E9
10000 4 8
2.5E8
1.44E9
10000 4 8
2.4E8
1.48E9
10000 4 7
2.9E8
1.65E9
10000 4 7
2.8E8
1.85E9
10000 4 7
2.6E8
1.65E9
10000 4 8
2.7E8
1.47E9
10000 4 8
2.6E8
1.61E9
10000 4 8
2.4E8
1.65E9
10000 4 8
2.5E8
1.82E9
10000 4 8
2.0E8
1.69E9
10000 4 7
3.5E8
2.04E9
10000 4 9
2.3E8
2.13E9
10000 4 8
2.9E8
1.8E9
10000 4 8
3.1E8
2.1E9
10000 4 7
3.5E8
2.01E9
10000 4 7
2.8E8
1.85E9
17782 4 9
5.2E8
4.59E9
17782 4 9
5.5E8
4.36E9
17782 4 8
5.1E8
4.86E9
17782 4 9
5.1E8
4.72E9
17782 4 9
7.0E8
4.53E9
17782 4 9
5.3E8
5.0E9
17782 4 8
5.3E8
4.28E9
17782 4 9
5.2E8
4.64E9
17782 4 8
5.2E8
4.41E9
17782 4 8
5.6E8
4.89E9
17782 4 9
5.0E8
5.01E9
17782 4 9
4.7E8
5.16E9
17782 4 9
5.0E8
5.42E9
17782 4 9
5.4E8
4.83E9
17782 4 9
5.0E8
5.18E9
17782 4 9
4.7E8
5.13E9
17782 4 9
5.3E8
5.25E9
17782 4 9
4.9E8
5.18E9
17782 4 9
5.8E8
5.53E9
17782 4 9
4.8E8
5.23E9
17782 4 10
5.7E8
5.28E9
17782 4 9
5.0E8
5.47E9
17782 4 9
5.3E8
5.64E9
17782 4 9
4.9E8
5.64E9
17782 4 8
5.8E8
5.66E9
17782 4 9
5.1E8
6.19E9
17782 4 9
6.5E8
5.91E9
17782 4 9
6.2E8
6.58E9
17782 4 9
7.2E8
6.04E9
17782 4 9
7.7E8
5.82E9
17782 4 9
7.7E8
5.91E9
17782 4 8
7.6E8
5.81E9
31622 4 10
1.12E9
1.552E10
31622 4 10
1.09E9
1.635E10
31622 4 10
1.07E9
1.698E10
31622 4 11
1.08E9
1.657E10
31622 4 10
1.11E9
1.844E10
31622 4 10
1.03E9
1.772E10
31622 4 10
1.11E9
1.738E10
31622 4 10
1.14E9
1.775E10
31622 4 10
1.0E9
1.79E10
31622 4 10
1.08E9
1.808E10
31622 4 10
9.8E8
1.829E10
31622 4 10
1.07E9
1.821E10
31622 4 10
1.06E9
1.771E10
31622 4 10
1.11E9
1.848E10
31622 4 11
1.14E9
1.798E10
31622 4 10
1.08E9
1.831E10
31622 4 10
1.1E9
1.872E10
31622 4 10
1.15E9
1.845E10
31622 4 10
1.02E9
1.931E10
31622 4 10
1.1E9
1.949E10
31622 4 10
1.29E9
1.849E10
31622 4 10
1.06E9
2.04E10
31622 4 10
1.13E9
1.972E10
31622 4 10
1.02E9
2.016E10
31622 4 10
1.57E9
1.907E10
31622 4 10
1.58E9
1.854E10
31622 4 10
1.48E9
1.905E10
31622 4 10
1.28E9
2.08E10
31622 4 9
1.12E9
2.061E10
31622 4 11
1.46E9
1.939E10
31622 4 10
1.16E9
2.171E10
31622 4 10
1.43E9
2.056E10
56234 4 11
2.51E9
5.169E10
56234 4 11
2.19E9
5.661E10
56234 4 11
2.78E9
5.806E10
56234 4 12
3.0E9
5.976E10
56234 4 11
2.21E9
6.467E10
56234 4 11
2.28E9
6.414E10
56234 4 11
2.38E9
6.592E10
56234 4 11
2.6E9
6.235E10
56234 4 11
2.44E9
6.521E10
56234 4 11
2.46E9
6.074E10
56234 4 11
2.51E9
6.424E10
56234 4 12
2.43E9
6.705E10
56234 4 11
2.18E9
6.924E10
56234 4 12
3.18E9
6.324E10
56234 4 11
2.88E9
6.515E10
56234 4 12
2.43E9
6.585E10
56234 4 12
2.37E9
6.571E10
56234 4 11
2.74E9
6.735E10
56234 4 11
2.55E9
6.638E10
56234 4 11
2.76E9
6.892E10
56234 4 12
2.37E9
6.808E10
56234 4 12
2.37E9
6.985E10
56234 4 12
2.26E9
6.533E10
56234 4 11
2.76E9
6.613E10
56234 4 11
2.4E9
6.542E10
56234 4 11
2.27E9
7.04E10
56234 4 11
2.75E9
6.876E10
56234 4 12
2.27E9
7.227E10
56234 4 12
2.48E9
7.336E10
56234 4 12
2.84E9
7.409E10
56234 4 11
2.54E9
7.416E10
56234 4 12
2.85E9
7.391E10
100000 4 12
5.07E9
1.7118E11
100000 4 13
4.64E9
1.7352E11
100000 4 13
5.77E9
1.6845E11
100000 4 13
4.81E9
1.8831E11
100000 4 13
5.61E9
1.9711E11
100000 4 13
5.4E9
1.9951E11
100000 4 13
5.29E9
2.0155E11
100000 4 13
5.14E9
2.0358E11
100000 4 13
4.61E9
2.0513E11
100000 4 13
5.74E9
2.0918E11
100000 4 13
6.09E9
2.1125E11
100000 4 13
4.4E9
2.3018E11
100000 4 13
5.17E9
2.3658E11
100000 4 13
5.1E9
2.2709E11
100000 4 13
5.1E9
2.2147E11
100000 4 13
5.8E9
2.2181E11
100000 4 13
5.16E9
2.2876E11
100000 4 13
5.93E9
2.3163E11
100000 4 13
5.32E9
2.2879E11
100000 4 13
5.19E9
2.283E11
100000 4 13
4.64E9
2.3009E11
100000 4 13
5.98E9
2.2978E11
100000 4 13
5.05E9
2.4087E11
100000 4 13
5.17E9
2.3257E11
100000 4 13
6.45E9
2.3094E11
100000 4 13
6.37E9
2.392E11
100000 4 13
5.55E9
2.3871E11
100000 4 12
5.17E9
2.4261E11
100000 4 13
6.03E9
2.3873E11
100000 4 13
5.41E9
2.4372E11
100000 4 13
5.74E9
2.4301E11
100000 4 13
6.1E9
2.5985E11
