100 3 4
1718750.0
234375.0
100 3 4
429687.5
214843.75
100 3 4
234375.0
214843.75
100 3 4
253906.25
214843.75
100 3 4
234375.0
234375.0
100 3 4
214843.75
234375.0
100 3 4
234375.0
253906.25
100 3 4
234375.0
234375.0
100 3 4
234375.0
234375.0
100 3 4
234375.0
234375.0
100 3 4
234375.0
214843.75
100 3 4
234375.0
234375.0
100 3 4
273437.5
234375.0
100 3 4
273437.5
234375.0
100 3 4
253906.25
234375.0
100 3 4
253906.25
234375.0
100 3 4
273437.5
214843.75
100 3 4
273437.5
214843.75
100 3 4
234375.0
253906.25
100 3 4
253906.25
234375.0
100 3 4
253906.25
234375.0
100 3 4
253906.25
214843.75
100 3 4
253906.25
273437.5
100 3 4
253906.25
273437.5
100 3 4
273437.5
234375.0
100 3 4
253906.25
234375.0
100 3 4
273437.5
253906.25
100 3 4
234375.0
234375.0
100 3 4
292968.75
253906.25
100 3 3
253906.25
273437.5
100 3 3
292968.75
312500.0
100 3 4
253906.25
205078.125
177 3 4
546875.0
664062.5
177 3 4
546875.0
859375.0
177 3 4
507812.5
859375.0
177 3 4
507812.5
585937.5
177 3 4
546875.0
937500.0
177 3 4
468750.0
625000.0
177 3 4
507812.5
625000.0
177 3 4
468750.0
742187.5
177 3 4
507812.5
703125.0
177 3 4
546875.0
585937.5
177 3 4
507812.5
742187.5
177 3 4
429687.5
742187.5
177 3 4
507812.5
781250.0
177 3 4
664062.5
703125.0
177 3 4
546875.0
703125.0
177 3 4
507812.5
625000.0
177 3 4
507812.5
703125.0
177 3 4
546875.0
781250.0
177 3 4
507812.5
859375.0
177 3 4
468750.0
742187.5
177 3 4
507812.5
585937.5
177 3 4
468750.0
664062.5
177 3 4
507812.5
703125.0
177 3 4
507812.5
585937.5
177 3 4
507812.5
859375.0
177 3 4
546875.0
937500.0
177 3 4
625000.0
1054687.5
177 3 4
585937.5
625000.0
177 3 4
546875.0
976562.5
177 3 4
507812.5
1093750.0
177 3 4
507812.5
585937.5
177 3 4
507812.5
1210937.5
316 3 4
1015625.0
1718750.0
316 3 4
2031250.0
2031250.0
316 3 4
2187500.0
1640625.0
316 3 4
1015625.0
1718750.0
316 3 4
1093750.0
1718750.0
316 3 4
1015625.0
1718750.0
316 3 4
1093750.0
1718750.0
316 3 4
2187500.0
1718750.0
316 3 4
1171875.0
1718750.0
316 3 4
1015625.0
2031250.0
316 3 4
1093750.0
1718750.0
316 3 4
2812500.0
1875000.0
316 3 4
1406250.0
1875000.0
316 3 4
1875000.0
4687500.0
316 3 4
1328125.0
2187500.0
316 3 4
1875000.0
3125000.0
316 3 4
1328125.0
8750000.0
316 3 4
1171875.0
2031250.0
316 3 4
1093750.0
1484375.0
316 3 4
1171875.0
1640625.0
316 3 4
1015625.0
2187500.0
316 3 4
1015625.0
2187500.0
316 3 4
1328125.0
1875000.0
316 3 4
1875000.0
3593750.0
316 3 4
1171875.0
1796875.0
316 3 4
1250000.0
2031250.0
316 3 4
1015625.0
1953125.0
316 3 4
1328125.0
2109375.0
316 3 4
1171875.0
2734375.0
562 3 4
3437500.0
7500000.0
316 3 4
1875000.0
3359375.0
316 3 4
1015625.0
1640625.0
562 3 4
2031250.0
5625000.0
562 3 4
1875000.0
5937500.0
316 3 4
2500000.0
2187500.0
562 3 4
1875000.0
5312500.0
562 3 4
8750000.0
5625000.0
562 3 4
4687500.0
4687500.0
562 3 4
2656250.0
5000000.0
562 3 4
1718750.0
5312500.0
562 3 4
2343750.0
5312500.0
562 3 4
2656250.0
5937500.0
562 3 4
2656250.0
4687500.0
562 3 4
2343750.0
5312500.0
562 3 4
2500000.0
4687500.0
562 3 4
2343750.0
5312500.0
562 3 4
2187500.0
5625000.0
562 3 4
3125000.0
1.375E7
562 3 4
2343750.0
5937500.0
562 3 4
2500000.0
4375000.0
562 3 4
2343750.0
5625000.0
562 3 4
2500000.0
5937500.0
562 3 4
2968750.0
4375000.0
562 3 4
2500000.0
5937500.0
562 3 4
3437500.0
9375000.0
562 3 4
2187500.0
4687500.0
562 3 4
3437500.0
1.09375E7
562 3 4
2812500.0
5312500.0
562 3 4
2343750.0
5000000.0
562 3 4
2968750.0
8125000.0
562 3 4
2812500.0
5312500.0
1000 3 4
6875000.0
1.75E7
562 3 4
4062500.0
6875000.0
1000 3 4
1.5E7
2.0E7
1000 3 4
3750000.0
1.75E7
562 3 4
2968750.0
5312500.0
1000 3 4
1.375E7
2.5E7
1000 3 4
4375000.0
1.375E7
562 3 4
5000000.0
9375000.0
1000 3 4
5937500.0
1.75E7
1000 3 4
5937500.0
1.375E7
1000 3 4
4375000.0
1.75E7
1000 3 4
5000000.0
1.5E7
1000 3 4
4687500.0
1.4375E7
1000 3 4
4375000.0
2.0E7
1000 3 4
8125000.0
2.375E7
1000 3 4
4687500.0
2.0E7
1000 3 4
5312500.0
1.625E7
1000 3 4
4375000.0
1.5E7
1000 3 4
5625000.0
1.5E7
1000 3 4
7500000.0
1.625E7
1000 3 4
5000000.0
1.5E7
1000 3 4
5000000.0
1.5E7
1000 3 4
6875000.0
1.625E7
1000 3 4
5625000.0
1.6875E7
1000 3 4
5312500.0
1.75E7
1000 3 4
5312500.0
1.625E7
1000 3 4
7500000.0
1.625E7
1000 3 4
4687500.0
1.875E7
1000 3 4
5000000.0
1.5E7
1000 3 4
4687500.0
1.875E7
1000 3 4
5312500.0
1.625E7
1000 3 4
4062500.0
1.5E7
1000 3 4
6562500.0
1.75E7
1778 3 4
8750000.0
5.5E7
1000 3 4
4687500.0
1.5E7
1778 3 4
8750000.0
5.5E7
1778 3 4
1.0625E7
5.5E7
1778 3 4
1.1875E7
5.5E7
1778 3 4
1.125E7
9.0E7
1778 3 4
1.0625E7
6.5E7
1778 3 4
1.0E7
5.75E7
1778 3 4
1.375E7
1.1E8
1778 3 4
1.375E7
6.0E7
1778 3 4
1.375E7
1.7E8
1778 3 4
1.0625E7
5.5E7
1778 3 4
1.0625E7
4.25E7
1778 3 4
3.0E7
1.2E8
1778 3 4
1.125E7
1.2E8
1778 3 4
1.5625E7
6.0E7
1778 3 4
1.125E7
4.5E7
1778 3 4
1.0625E7
4.5E7
1000 3 4
5937500.0
4.125E7
1778 3 4
1.125E7
5.5E7
1778 3 4
1.375E7
5.0E7
1778 3 4
9375000.0
4.5E7
1778 3 4
1.75E7
4.75E7
1778 3 4
8125000.0
5.0E7
3162 3 4
1.625E7
1.7E8
3162 3 4
2.75E7
1.7E8
1778 3 4
1.125E7
4.75E7
1778 3 4
1.375E7
4.5E7
1778 3 4
1.1875E7
5.25E7
1778 3 4
1.1875E7
4.75E7
1778 3 4
1.125E7
5.0E7
1778 3 4
1.0625E7
4.75E7
3162 3 4
2.75E7
1.9E8
1778 3 4
1.0625E7
5.25E7
3162 3 4
1.75E7
1.8E8
1778 3 4
8125000.0
5.25E7
3162 3 4
1.625E7
2.1E8
3162 3 4
2.125E7
1.6E8
1778 3 4
1.75E7
5.0E7
3162 3 4
1.875E7
2.0E8
3162 3 4
1.875E7
2.2E8
3162 3 4
2.0E7
1.5E8
3162 3 4
1.875E7
3.9E8
3162 3 4
1.625E7
1.7E8
3162 3 4
2.125E7
2.1E8
1778 3 4
1.875E7
1.1E8
3162 3 4
1.875E7
2.6E8
3162 3 4
2.75E7
2.5E8
3162 3 4
3.25E7
2.2E8
3162 3 4
1.75E7
2.0E8
3162 3 4
2.0E7
1.9E8
3162 3 4
1.625E7
1.9E8
3162 3 4
2.5E7
4.1E8
3162 3 4
2.75E7
2.4E8
3162 3 4
2.75E7
4.1E8
3162 3 4
2.5E7
2.2E8
3162 3 4
4.5E7
2.7E8
3162 3 4
4.875E7
2.5E8
3162 3 4
1.875E7
1.9E8
3162 3 4
2.0E7
1.8E8
3162 3 4
2.5E7
1.8E8
3162 3 4
4.625E7
2.3E8
3162 3 4
2.125E7
1.8E8
3162 3 4
2.0E7
1.8E8
3162 3 4
2.25E7
1.8E8
3162 3 4
3.0E7
3.4E8
5623 3 4
4.25E7
5.6E8
5623 3 4
4.25E7
6.4E8
5623 3 4
4.25E7
7.0E8
5623 3 4
4.25E7
6.0E8
5623 3 4
4.5E7
5.8E8
5623 3 4
4.25E7
6.4E8
5623 3 4
4.0E7
5.7E8
5623 3 4
3.25E7
5.6E8
5623 3 4
4.5E7
7.0E8
5623 3 4
3.5E7
5.8E8
5623 3 4
4.5E7
6.7E8
5623 3 4
3.75E7
6.5E8
5623 3 4
3.0E7
6.2E8
5623 3 4
6.0E7
8.5E8
5623 3 4
3.25E7
5.8E8
5623 3 4
5.5E7
6.6E8
5623 3 4
5.5E7
8.9E8
5623 3 4
4.75E7
7.4E8
5623 3 4
4.5E7
6.3E8
5623 3 4
4.0E7
5.7E8
5623 3 4
5.0E7
7.3E8
5623 3 4
5.0E7
7.3E8
5623 3 4
3.75E7
5.9E8
5623 3 4
4.0E7
6.0E8
5623 3 4
1.4E8
7.7E8
5623 3 4
9.5E7
8.3E8
5623 3 4
1.1E8
7.6E8
5623 3 4
5.0E7
6.9E8
5623 3 4
1.0E8
8.9E8
5623 3 4
1.4E8
9.5E8
5623 3 4
6.0E7
6.7E8
5623 3 4
3.0E7
6.1E8
10000 3 4
1.1E8
1.98E9
10000 3 4
6.0E7
2.05E9
10000 3 4
6.5E7
1.94E9
10000 3 4
7.0E7
2.07E9
10000 3 4
6.5E7
2.1E9
10000 3 4
7.5E7
1.97E9
10000 3 4
8.5E7
2.07E9
10000 3 4
8.5E7
2.04E9
10000 3 4
7.0E7
2.02E9
10000 3 4
8.0E7
2.02E9
10000 3 4
9.0E7
2.02E9
10000 3 4
6.0E7
2.11E9
10000 3 4
8.0E7
2.09E9
10000 3 4
9.5E7
2.18E9
10000 3 4
7.5E7
2.17E9
10000 3 4
1.0E8
2.24E9
10000 3 4
1.0E8
2.54E9
10000 3 4
1.1E8
2.23E9
10000 3 4
1.2E8
2.35E9
10000 3 4
1.1E8
2.59E9
10000 3 4
9.5E7
2.3E9
10000 3 4
1.0E8
2.21E9
10000 3 4
8.5E7
2.21E9
10000 3 4
1.05E8
2.2E9
10000 3 4
1.1E8
2.73E9
10000 3 4
1.25E8
2.38E9
10000 3 4
1.3E8
2.46E9
10000 3 4
7.0E7
2.32E9
10000 3 4
1.25E8
2.51E9
10000 3 4
1.45E8
2.53E9
10000 3 4
1.45E8
2.65E9
10000 3 4
1.55E8
2.69E9
17782 3 4
1.6E8
6.06E9
17782 3 4
1.6E8
6.54E9
17782 3 4
2.4E8
7.04E9
17782 3 4
2.4E8
7.12E9
17782 3 4
1.9E8
7.35E9
17782 3 4
2.2E8
6.83E9
17782 3 4
2.2E8
7.37E9
17782 3 4
1.8E8
7.05E9
17782 3 4
1.6E8
7.37E9
17782 3 4
2.0E8
7.55E9
17782 3 4
1.9E8
7.66E9
17782 3 4
2.0E8
7.9E9
17782 3 4
2.3E8
7.34E9
17782 3 4
1.6E8
7.29E9
17782 3 4
1.3E8
7.56E9
17782 3 4
1.6E8
7.71E9
17782 3 4
1.7E8
7.65E9
17782 3 4
1.6E8
8.21E9
17782 3 4
1.7E8
8.44E9
17782 3 4
1.8E8
7.81E9
17782 3 4
2.0E8
8.22E9
17782 3 4
1.5E8
7.81E9
17782 3 4
2.1E8
7.72E9
17782 3 4
1.5E8
8.29E9
17782 3 4
1.6E8
8.6E9
17782 3 4
2.1E8
8.92E9
17782 3 4
2.6E8
8.19E9
17782 3 4
2.0E8
8.27E9
17782 3 4
3.0E8
8.88E9
17782 3 4
2.0E8
9.07E9
17782 3 4
2.4E8
8.91E9
17782 3 4
2.1E8
1.004E10
31622 3 4
4.0E8
2.464E10
31622 3 4
3.6E8
2.504E10
31622 3 4
3.1E8
2.524E10
31622 3 4
3.2E8
2.646E10
31622 3 4
3.5E8
2.563E10
31622 3 4
4.1E8
2.557E10
31622 3 4
3.7E8
2.766E10
31622 3 4
4.1E8
2.654E10
31622 3 4
3.4E8
2.701E10
31622 3 4
4.3E8
2.93E10
31622 3 4
4.3E8
2.799E10
31622 3 4
6.5E8
2.785E10
31622 3 4
3.5E8
2.831E10
31622 3 4
5.1E8
2.936E10
31622 3 4
4.2E8
3.065E10
31622 3 4
3.4E8
2.997E10
31622 3 4
3.1E8
3.107E10
31622 3 4
4.5E8
3.146E10
31622 3 4
3.0E8
3.081E10
31622 3 4
4.2E8
3.222E10
31622 3 4
4.5E8
3.078E10
31622 3 4
4.2E8
3.086E10
31622 3 4
4.5E8
3.16E10
31622 3 4
5.6E8
3.183E10
31622 3 4
4.5E8
3.506E10
31622 3 4
3.6E8
3.088E10
31622 3 4
3.6E8
3.414E10
31622 3 4
5.6E8
3.454E10
31622 3 4
5.8E8
3.491E10
31622 3 4
4.8E8
3.828E10
31622 3 4
3.9E8
3.496E10
31622 3 4
5.7E8
3.871E10
56234 3 4
8.0E8
1.0749E11
56234 3 4
8.5E8
9.788E10
56234 3 4
5.8E8
1.0179E11
56234 3 4
1.75E9
9.878E10
56234 3 4
7.0E8
9.45E10
56234 3 4
8.0E8
1.0441E11
56234 3 4
9.1E8
1.0269E11
56234 3 4
6.8E8
1.1136E11
56234 3 4
8.1E8
1.0469E11
56234 3 4
1.3E9
1.1355E11
56234 3 4
8.2E8
1.1628E11
56234 3 4
7.7E8
1.192E11
56234 3 4
8.4E8
1.2424E11
56234 3 4
6.8E8
1.1764E11
56234 3 4
6.0E8
1.2275E11
56234 3 4
6.3E8
1.2486E11
56234 3 4
1.29E9
1.1798E11
56234 3 4
1.14E9
1.2723E11
56234 3 4
8.5E8
1.3386E11
56234 3 4
5.6E8
1.3588E11
56234 3 4
6.6E8
1.3422E11
56234 3 4
8.2E8
1.367E11
56234 3 4
7.4E8
1.388E11
56234 3 4
9.1E8
1.4109E11
56234 3 4
9.0E8
1.5499E11
56234 3 4
1.16E9
1.5718E11
56234 3 4
9.6E8
1.5531E11
56234 3 4
7.4E8
1.6728E11
56234 3 4
8.9E8
1.6774E11
56234 3 4
8.9E8
1.6615E11
56234 3 4
1.01E9
1.7121E11
56234 3 4
8.8E8
1.8712E11
100000 3 4
1.19E9
3.378E11
100000 3 4
1.27E9
3.6515E11
100000 3 4
1.45E9
3.4898E11
100000 3 4
1.5E9
3.6512E11
100000 3 4
2.89E9
3.2187E11
100000 3 4
1.16E9
3.8993E11
100000 3 4
1.51E9
3.9204E11
100000 3 4
1.22E9
3.5976E11
100000 3 4
1.39E9
3.5994E11
100000 3 4
1.41E9
3.7299E11
100000 3 4
1.57E9
3.2044E11
100000 3 4
1.35E9
3.9248E11
100000 3 4
2.63E9
4.0117E11
100000 3 4
1.91E9
4.0994E11
100000 3 4
1.22E9
3.9572E11
100000 3 4
1.19E9
3.8434E11
100000 3 4
1.3E9
4.0387E11
100000 3 4
1.12E9
4.1605E11
100000 3 4
1.59E9
3.574E11
100000 3 4
1.32E9
3.7587E11
100000 3 4
1.3E9
4.1098E11
100000 3 4
1.14E9
3.8988E11
100000 3 4
2.31E9
4.1331E11
100000 3 4
1.18E9
4.1356E11
100000 3 4
1.55E9
3.5653E11
100000 3 4
1.24E9
4.1087E11
100000 3 4
1.99E9
3.6411E11
100000 3 4
1.41E9
4.1208E11
100000 3 4
1.89E9
3.8038E11
100000 3 4
1.21E9
4.3454E11
100000 3 4
1.94E9
3.892E11
100000 3 4
2.1E9
3.8706E11
