100 5 2
468750.0
429687.5
100 5 2
507812.5
351562.5
100 5 2
468750.0
371093.75
100 5 2
468750.0
390625.0
100 5 2
507812.5
390625.0
100 5 2
468750.0
371093.75
100 5 2
507812.5
371093.75
100 5 2
507812.5
371093.75
100 5 2
507812.5
371093.75
100 5 2
507812.5
371093.75
100 5 2
507812.5
371093.75
100 5 2
507812.5
351562.5
100 5 2
468750.0
351562.5
100 5 2
468750.0
390625.0
100 5 2
507812.5
351562.5
100 5 2
507812.5
351562.5
100 5 2
507812.5
390625.0
100 5 2
468750.0
371093.75
100 5 2
507812.5
371093.75
100 5 2
507812.5
371093.75
100 5 2
507812.5
390625.0
100 5 2
468750.0
371093.75
100 5 2
468750.0
371093.75
100 5 2
507812.5
371093.75
100 5 2
468750.0
351562.5
100 5 2
507812.5
410156.25
100 5 2
468750.0
351562.5
100 5 2
468750.0
410156.25
100 5 2
507812.5
371093.75
100 5 2
507812.5
390625.0
100 5 2
468750.0
390625.0
100 5 2
429687.5
390625.0
177 5 2
1250000.0
1015625.0
177 5 2
1171875.0
937500.0
177 5 2
1171875.0
1015625.0
177 5 2
1250000.0
1015625.0
177 5 2
1093750.0
1093750.0
177 5 2
1250000.0
937500.0
177 5 2
1250000.0
1015625.0
177 5 2
1250000.0
1093750.0
177 5 2
1093750.0
1015625.0
177 5 2
1171875.0
937500.0
177 5 2
1250000.0
937500.0
177 5 2
1250000.0
937500.0
177 5 2
1250000.0
1015625.0
177 5 2
1171875.0
1015625.0
177 5 3
1328125.0
937500.0
177 5 2
1171875.0
937500.0
177 5 2
1171875.0
1015625.0
177 5 2
1250000.0
1015625.0
177 5 2
1250000.0
937500.0
177 5 2
1171875.0
1015625.0
177 5 2
1250000.0
937500.0
177 5 2
1171875.0
1015625.0
177 5 2
1250000.0
937500.0
177 5 2
1250000.0
937500.0
177 5 2
1171875.0
1015625.0
177 5 2
1328125.0
859375.0
177 5 2
1250000.0
1015625.0
177 5 2
1328125.0
937500.0
177 5 2
1171875.0
1093750.0
177 5 2
1250000.0
937500.0
177 5 2
1250000.0
937500.0
177 5 2
1328125.0
937500.0
316 5 2
2812500.0
4375000.0
316 5 2
2812500.0
2812500.0
316 5 2
2656250.0
4062500.0
316 5 2
2812500.0
3437500.0
316 5 3
2812500.0
3437500.0
316 5 3
2812500.0
5312500.0
316 5 3
2812500.0
3750000.0
316 5 2
2812500.0
4375000.0
316 5 3
2812500.0
3750000.0
316 5 2
2812500.0
2656250.0
316 5 2
2812500.0
2812500.0
316 5 2
2812500.0
2968750.0
316 5 2
2812500.0
2656250.0
316 5 2
2656250.0
2812500.0
316 5 2
2812500.0
2968750.0
316 5 2
2812500.0
2500000.0
316 5 3
2812500.0
2812500.0
316 5 2
2812500.0
2343750.0
316 5 2
2812500.0
2812500.0
316 5 2
2968750.0
2812500.0
316 5 2
2812500.0
2968750.0
316 5 2
2812500.0
2968750.0
316 5 2
2812500.0
3125000.0
316 5 2
2812500.0
3125000.0
316 5 2
3125000.0
2656250.0
316 5 2
2812500.0
2500000.0
316 5 3
3125000.0
2968750.0
316 5 2
2812500.0
2656250.0
316 5 2
2812500.0
2656250.0
316 5 2
2812500.0
2812500.0
316 5 2
3125000.0
2656250.0
316 5 3
3750000.0
2343750.0
562 5 3
6875000.0
7500000.0
562 5 3
6875000.0
6875000.0
562 5 2
6875000.0
6875000.0
562 5 3
6875000.0
8125000.0
562 5 3
6875000.0
1.0625E7
562 5 2
6875000.0
1.125E7
562 5 2
6875000.0
7500000.0
562 5 2
6875000.0
6875000.0
562 5 3
6875000.0
8125000.0
562 5 3
6875000.0
1.0E7
562 5 3
6875000.0
6875000.0
562 5 2
6875000.0
8125000.0
562 5 3
6562500.0
6875000.0
562 5 3
6875000.0
7500000.0
562 5 3
6875000.0
7500000.0
562 5 2
6875000.0
6875000.0
562 5 3
6875000.0
6875000.0
562 5 3
7500000.0
7500000.0
562 5 3
6875000.0
7500000.0
562 5 3
6875000.0
8125000.0
562 5 2
6875000.0
7500000.0
562 5 3
7500000.0
7500000.0
562 5 3
6875000.0
8750000.0
562 5 3
6875000.0
8437500.0
562 5 3
6875000.0
7500000.0
562 5 3
6875000.0
7500000.0
562 5 2
6875000.0
6875000.0
562 5 2
6875000.0
7500000.0
562 5 2
6875000.0
6875000.0
562 5 3
8125000.0
6875000.0
562 5 2
7187500.0
6875000.0
1000 5 3
1.625E7
2.25E7
562 5 3
7500000.0
8750000.0
1000 5 3
1.5E7
2.75E7
1000 5 3
1.625E7
2.5E7
1000 5 3
1.625E7
2.75E7
1000 5 3
1.5E7
2.75E7
1000 5 3
1.625E7
3.0E7
1000 5 3
1.5E7
2.75E7
1000 5 3
1.625E7
2.5E7
1000 5 3
1.625E7
2.75E7
1000 5 3
1.5E7
2.75E7
1000 5 3
1.625E7
2.75E7
1000 5 3
1.625E7
2.75E7
1000 5 3
1.625E7
2.75E7
1000 5 3
1.75E7
3.25E7
1000 5 3
1.75E7
3.25E7
1000 5 3
1.625E7
3.25E7
1000 5 3
1.625E7
2.125E7
1000 5 3
1.625E7
2.875E7
1000 5 3
1.625E7
3.0E7
1000 5 3
1.5E7
2.125E7
1000 5 3
1.5E7
2.875E7
1000 5 3
1.625E7
2.125E7
1000 5 3
1.75E7
2.75E7
1000 5 3
1.5E7
2.25E7
1000 5 3
1.5E7
1.875E7
1000 5 3
1.5E7
2.375E7
1000 5 3
1.625E7
1.875E7
1000 5 3
1.875E7
1.875E7
1000 5 3
1.75E7
2.0E7
1000 5 3
1.75E7
1.875E7
1000 5 3
1.875E7
1.875E7
1778 5 3
3.5E7
6.0E7
1778 5 3
3.5E7
6.0E7
1778 5 3
3.5E7
5.5E7
1778 5 3
3.5E7
5.5E7
1778 5 3
3.5E7
6.0E7
1778 5 3
3.5E7
6.0E7
1778 5 3
3.5E7
6.0E7
1778 5 3
3.5E7
7.0E7
1778 5 3
3.5E7
7.5E7
1778 5 3
3.5E7
6.5E7
1778 5 3
3.5E7
7.5E7
1778 5 3
3.5E7
6.5E7
1778 5 3
3.5E7
8.0E7
1778 5 4
3.5E7
8.5E7
1778 5 3
3.75E7
6.5E7
1778 5 3
3.75E7
8.0E7
1778 5 4
3.5E7
7.0E7
1778 5 3
3.75E7
9.0E7
1778 5 4
3.75E7
6.5E7
1778 5 3
3.75E7
9.0E7
1778 5 3
3.75E7
7.5E7
1000 5 3
1.5E7
3.125E7
1778 5 4
3.5E7
8.0E7
1778 5 3
3.75E7
7.5E7
1778 5 4
4.0E7
8.5E7
1778 5 3
3.75E7
1.0E8
1778 5 3
3.75E7
8.0E7
1778 5 3
4.0E7
9.0E7
1778 5 3
4.0E7
5.5E7
1778 5 3
4.0E7
5.5E7
1778 5 3
4.5E7
6.0E7
1778 5 3
4.0E7
5.5E7
3162 5 4
8.0E7
2.0E8
3162 5 4
8.5E7
2.1E8
3162 5 3
9.0E7
2.3E8
3162 5 4
8.0E7
2.2E8
3162 5 4
8.0E7
2.3E8
3162 5 4
8.5E7
2.3E8
1778 5 3
4.25E7
6.75E7
3162 5 4
8.0E7
2.1E8
3162 5 4
8.0E7
2.2E8
3162 5 4
8.0E7
2.2E8
3162 5 4
8.0E7
2.0E8
3162 5 4
8.0E7
2.1E8
3162 5 4
8.5E7
2.5E8
3162 5 3
8.0E7
2.0E8
3162 5 3
8.5E7
2.3E8
3162 5 4
8.0E7
2.4E8
3162 5 4
9.0E7
2.5E8
3162 5 4
8.5E7
2.3E8
3162 5 3
8.5E7
2.5E8
3162 5 4
8.5E7
2.5E8
3162 5 3
9.0E7
2.2E8
3162 5 4
9.5E7
2.1E8
3162 5 4
8.5E7
2.6E8
3162 5 4
9.0E7
2.5E8
3162 5 3
8.5E7
2.7E8
3162 5 4
9.0E7
2.6E8
3162 5 4
8.5E7
2.9E8
3162 5 3
8.5E7
2.2E8
3162 5 4
8.5E7
2.9E8
3162 5 3
9.0E7
3.0E8
3162 5 4
1.0E8
2.6E8
3162 5 4
1.2E8
2.1E8
3162 5 3
8.0E7
2.3E8
5623 5 4
1.8E8
7.1E8
5623 5 4
2.0E8
7.0E8
5623 5 4
2.1E8
7.9E8
5623 5 4
2.0E8
7.2E8
5623 5 4
2.1E8
7.9E8
5623 5 4
2.1E8
7.0E8
5623 5 4
2.0E8
8.0E8
5623 5 4
2.0E8
7.0E8
5623 5 4
2.0E8
7.1E8
5623 5 4
1.9E8
7.2E8
5623 5 4
2.0E8
8.1E8
5623 5 4
2.0E8
7.1E8
5623 5 4
2.0E8
8.4E8
5623 5 4
1.9E8
8.1E8
5623 5 4
2.0E8
7.5E8
5623 5 4
2.0E8
6.9E8
5623 5 4
2.1E8
7.3E8
5623 5 4
2.0E8
8.7E8
5623 5 4
2.0E8
8.2E8
5623 5 4
2.0E8
6.8E8
5623 5 4
2.0E8
8.3E8
5623 5 4
2.0E8
6.9E8
5623 5 4
2.1E8
8.5E8
5623 5 4
2.0E8
7.9E8
5623 5 4
2.0E8
8.9E8
5623 5 4
2.1E8
8.3E8
5623 5 4
2.0E8
8.8E8
5623 5 4
2.1E8
9.2E8
5623 5 4
2.1E8
6.7E8
5623 5 4
1.9E8
9.1E8
5623 5 4
2.1E8
8.3E8
5623 5 4
2.1E8
6.3E8
10000 5 4
4.1E8
2.26E9
10000 5 4
3.9E8
2.24E9
10000 5 4
4.4E8
2.31E9
10000 5 5
4.1E8
2.5E9
10000 5 4
3.9E8
2.38E9
10000 5 5
3.9E8
2.49E9
10000 5 5
4.0E8
2.46E9
10000 5 4
4.4E8
2.12E9
10000 5 4
3.9E8
2.42E9
10000 5 5
4.1E8
2.46E9
10000 5 5
4.1E8
2.52E9
10000 5 5
4.7E8
2.56E9
10000 5 5
4.2E8
2.37E9
10000 5 4
4.4E8
2.33E9
10000 5 4
4.1E8
2.57E9
10000 5 5
4.0E8
2.44E9
10000 5 5
4.3E8
2.65E9
10000 5 4
4.1E8
2.66E9
10000 5 4
4.2E8
2.65E9
10000 5 4
4.2E8
2.68E9
10000 5 4
4.1E8
2.82E9
10000 5 4
4.2E8
2.74E9
10000 5 4
4.1E8
2.75E9
10000 5 4
4.6E8
2.68E9
10000 5 4
4.7E8
2.64E9
10000 5 4
4.1E8
2.76E9
10000 5 4
4.1E8
2.86E9
10000 5 4
4.7E8
2.6E9
10000 5 5
4.4E8
2.72E9
10000 5 5
4.7E8
2.56E9
10000 5 4
4.6E8
2.82E9
10000 5 4
5.0E8
2.7E9
17782 5 5
8.1E8
7.68E9
17782 5 5
8.5E8
7.6E9
17782 5 5
9.5E8
7.6E9
17782 5 5
9.2E8
8.17E9
17782 5 5
8.8E8
8.26E9
17782 5 5
9.0E8
7.96E9
17782 5 5
9.2E8
8.43E9
17782 5 5
8.7E8
8.58E9
17782 5 5
9.6E8
8.44E9
17782 5 5
9.2E8
8.29E9
17782 5 5
9.3E8
8.9E9
17782 5 5
9.0E8
8.67E9
17782 5 5
9.2E8
8.56E9
17782 5 5
9.2E8
9.29E9
17782 5 5
1.02E9
8.21E9
17782 5 5
9.5E8
8.67E9
17782 5 5
8.2E8
8.7E9
17782 5 5
9.9E8
8.94E9
17782 5 5
9.4E8
9.15E9
17782 5 5
9.2E8
9.21E9
17782 5 5
9.9E8
8.72E9
17782 5 5
1.03E9
9.01E9
17782 5 5
9.8E8
8.97E9
17782 5 5
9.5E8
9.15E9
17782 5 5
1.03E9
9.37E9
17782 5 5
9.8E8
9.26E9
17782 5 5
9.6E8
9.89E9
17782 5 5
1.1E9
9.45E9
17782 5 5
1.05E9
9.69E9
17782 5 5
1.03E9
9.73E9
17782 5 5
9.8E8
9.85E9
17782 5 5
1.04E9
9.87E9
31622 5 5
2.0E9
2.409E10
31622 5 5
2.16E9
2.577E10
31622 5 6
2.41E9
2.479E10
31622 5 6
2.0E9
2.728E10
31622 5 6
2.04E9
2.605E10
31622 5 6
2.0E9
2.68E10
31622 5 6
2.07E9
2.707E10
31622 5 5
2.31E9
2.634E10
31622 5 6
2.01E9
2.898E10
31622 5 5
2.11E9
3.059E10
31622 5 5
2.06E9
2.899E10
31622 5 5
2.23E9
2.704E10
31622 5 6
1.96E9
2.957E10
31622 5 5
2.13E9
2.837E10
31622 5 6
2.24E9
2.931E10
31622 5 5
2.17E9
2.919E10
31622 5 6
2.39E9
2.83E10
31622 5 5
1.96E9
2.994E10
31622 5 5
1.98E9
3.015E10
31622 5 5
2.15E9
3.12E10
31622 5 6
2.22E9
2.87E10
31622 5 6
2.23E9
2.897E10
31622 5 6
2.3E9
2.903E10
31622 5 6
2.21E9
2.999E10
31622 5 5
2.11E9
3.015E10
31622 5 5
2.11E9
3.141E10
31622 5 5
2.21E9
3.006E10
31622 5 5
2.25E9
3.123E10
31622 5 5
2.07E9
3.097E10
31622 5 5
2.31E9
3.088E10
31622 5 5
2.14E9
3.227E10
31622 5 5
2.22E9
3.133E10
56234 5 6
4.38E9
9.257E10
56234 5 6
4.89E9
8.787E10
56234 5 6
4.48E9
9.67E10
56234 5 6
4.61E9
9.889E10
56234 5 6
4.59E9
1.0148E11
56234 5 6
4.47E9
9.458E10
56234 5 6
4.46E9
1.0182E11
56234 5 6
4.62E9
9.896E10
56234 5 6
4.48E9
1.0203E11
56234 5 6
4.55E9
1.0148E11
56234 5 6
4.72E9
1.0146E11
56234 5 6
4.82E9
9.931E10
56234 5 6
4.82E9
1.0032E11
56234 5 6
4.76E9
1.0446E11
56234 5 6
4.65E9
1.0273E11
56234 5 6
4.72E9
1.0838E11
56234 5 6
4.95E9
1.0405E11
56234 5 6
4.48E9
1.0457E11
56234 5 6
5.35E9
1.0383E11
56234 5 6
4.51E9
1.0636E11
56234 5 6
5.21E9
1.0453E11
56234 5 6
4.87E9
1.0387E11
56234 5 6
4.7E9
1.0242E11
56234 5 6
4.7E9
1.0774E11
56234 5 6
4.89E9
1.0926E11
56234 5 6
5.42E9
1.0885E11
56234 5 6
5.02E9
1.1253E11
56234 5 7
4.92E9
1.0884E11
56234 5 6
5.41E9
1.1138E11
56234 5 6
4.81E9
1.1727E11
56234 5 6
4.88E9
1.1243E11
56234 5 6
5.33E9
1.1803E11
100000 5 6
1.075E10
2.8817E11
100000 5 7
9.79E9
2.9825E11
100000 5 7
1.011E10
3.062E11
100000 5 7
1.105E10
3.0611E11
100000 5 7
1.011E10
3.1905E11
100000 5 7
1.069E10
3.1532E11
100000 5 7
1.14E10
3.1807E11
100000 5 7
1.097E10
3.3072E11
100000 5 7
1.107E10
3.2236E11
100000 5 6
1.137E10
3.2184E11
100000 5 6
1.059E10
3.2639E11
100000 5 7
1.033E10
3.3812E11
100000 5 7
1.05E10
3.3778E11
100000 5 7
1.088E10
3.3259E11
100000 5 7
1.019E10
3.4331E11
100000 5 7
9.95E9
3.3867E11
100000 5 7
1.04E10
3.4775E11
100000 5 7
1.034E10
3.466E11
100000 5 7
1.047E10
3.5389E11
100000 5 7
1.093E10
3.4781E11
100000 5 6
9.59E9
3.4919E11
100000 5 7
1.192E10
3.4025E11
100000 5 7
1.199E10
3.3666E11
100000 5 7
9.92E9
3.5722E11
100000 5 6
9.19E9
3.5709E11
100000 5 7
1.187E10
3.4601E11
100000 5 7
1.187E10
3.4644E11
100000 5 7
1.273E10
3.3849E11
100000 5 7
1.051E10
3.5535E11
100000 5 7
1.032E10
3.6011E11
100000 5 7
1.065E10
3.6532E11
100000 5 7
1.028E10
3.7408E11
