100 4 2
429687.5
312500.0
100 4 3
429687.5
273437.5
100 4 2
429687.5
332031.25
100 4 2
390625.0
429687.5
100 4 3
429687.5
312500.0
100 4 2
390625.0
312500.0
100 4 3
390625.0
312500.0
100 4 3
390625.0
312500.0
100 4 2
390625.0
292968.75
100 4 3
429687.5
273437.5
100 4 2
410156.25
273437.5
100 4 3
410156.25
292968.75
100 4 3
390625.0
253906.25
100 4 3
410156.25
292968.75
100 4 3
390625.0
292968.75
100 4 3
410156.25
312500.0
100 4 3
468750.0
273437.5
100 4 3
429687.5
292968.75
100 4 2
449218.75
292968.75
100 4 2
429687.5
292968.75
100 4 3
390625.0
292968.75
100 4 3
468750.0
292968.75
100 4 2
468750.0
312500.0
100 4 2
410156.25
351562.5
100 4 2
410156.25
312500.0
100 4 2
527343.75
292968.75
100 4 3
468750.0
312500.0
100 4 2
429687.5
273437.5
100 4 2
371093.75
351562.5
100 4 3
468750.0
292968.75
100 4 3
468750.0
292968.75
100 4 2
429687.5
312500.0
177 4 3
1015625.0
859375.0
177 4 3
1015625.0
859375.0
177 4 3
859375.0
742187.5
177 4 3
859375.0
859375.0
177 4 3
937500.0
820312.5
177 4 3
859375.0
859375.0
177 4 3
859375.0
859375.0
177 4 3
937500.0
859375.0
177 4 3
1093750.0
820312.5
177 4 3
937500.0
937500.0
177 4 3
937500.0
859375.0
177 4 3
1171875.0
1718750.0
177 4 3
1093750.0
859375.0
177 4 3
1250000.0
1718750.0
177 4 3
1015625.0
1328125.0
177 4 3
937500.0
781250.0
177 4 4
937500.0
859375.0
177 4 3
937500.0
1250000.0
177 4 3
1015625.0
859375.0
177 4 3
1093750.0
1250000.0
177 4 3
1171875.0
1093750.0
177 4 3
937500.0
820312.5
177 4 3
937500.0
742187.5
177 4 3
1171875.0
820312.5
177 4 3
937500.0
820312.5
177 4 3
937500.0
742187.5
177 4 2
937500.0
742187.5
177 4 3
937500.0
820312.5
177 4 3
1250000.0
859375.0
177 4 3
937500.0
820312.5
177 4 3
937500.0
781250.0
316 4 4
2031250.0
2187500.0
177 4 3
1328125.0
1171875.0
316 4 4
2187500.0
2187500.0
316 4 4
2187500.0
2343750.0
316 4 3
2187500.0
2187500.0
316 4 3
2031250.0
2343750.0
316 4 3
2031250.0
2500000.0
316 4 3
2343750.0
2343750.0
316 4 4
2187500.0
2500000.0
316 4 3
2187500.0
2656250.0
316 4 3
2500000.0
2656250.0
316 4 3
2187500.0
2031250.0
316 4 4
2343750.0
2656250.0
316 4 4
2812500.0
2500000.0
316 4 3
2187500.0
2031250.0
316 4 3
2187500.0
2187500.0
316 4 3
2187500.0
2031250.0
316 4 4
3437500.0
2812500.0
316 4 4
2812500.0
2500000.0
316 4 4
2812500.0
2500000.0
316 4 4
2187500.0
2187500.0
316 4 4
2187500.0
2187500.0
316 4 4
2500000.0
2500000.0
316 4 4
4687500.0
6562500.0
316 4 3
3906250.0
5937500.0
316 4 3
3906250.0
5625000.0
316 4 4
3906250.0
6250000.0
316 4 3
2656250.0
5312500.0
316 4 4
2812500.0
2500000.0
316 4 3
3593750.0
3437500.0
316 4 3
3906250.0
4375000.0
316 4 3
2656250.0
2500000.0
562 4 4
1.375E7
6875000.0
316 4 3
2187500.0
2187500.0
562 4 4
5625000.0
8125000.0
562 4 4
4687500.0
8125000.0
562 4 4
5312500.0
8125000.0
562 4 4
5312500.0
8125000.0
562 4 4
4687500.0
8750000.0
562 4 4
4687500.0
7500000.0
562 4 4
5312500.0
6875000.0
562 4 5
4687500.0
7500000.0
562 4 4
5000000.0
6875000.0
562 4 4
5312500.0
6875000.0
562 4 4
5312500.0
7500000.0
562 4 4
6250000.0
6875000.0
562 4 4
5937500.0
7500000.0
562 4 4
4687500.0
6250000.0
562 4 4
1.0625E7
8125000.0
562 4 4
1.1875E7
8750000.0
562 4 4
5000000.0
5625000.0
562 4 4
1.25E7
9375000.0
562 4 4
1.375E7
8750000.0
562 4 3
5625000.0
7500000.0
562 4 4
4687500.0
6250000.0
562 4 4
9375000.0
1.375E7
562 4 5
4687500.0
6562500.0
562 4 4
5000000.0
6875000.0
562 4 4
6875000.0
6250000.0
562 4 4
4687500.0
6875000.0
562 4 4
6250000.0
6250000.0
1000 4 5
1.375E7
1.5E7
562 4 4
6875000.0
6250000.0
562 4 4
6562500.0
9375000.0
1000 4 5
1.375E7
1.625E7
1000 4 5
1.0625E7
1.5E7
1000 4 5
1.125E7
1.625E7
562 4 4
9687500.0
6875000.0
562 4 3
9687500.0
7500000.0
1000 4 4
1.1875E7
2.75E7
1000 4 4
1.625E7
2.25E7
1000 4 4
2.25E7
2.5E7
1000 4 5
1.0E7
1.625E7
1000 4 4
1.625E7
3.75E7
1000 4 4
1.1875E7
2.125E7
1000 4 5
1.0625E7
1.75E7
1000 4 4
1.625E7
2.75E7
1000 4 5
2.25E7
1.375E7
1000 4 5
2.25E7
3.25E7
1000 4 4
1.0625E7
1.5E7
1000 4 4
2.375E7
3.5E7
1000 4 5
1.25E7
1.875E7
1000 4 5
1.0625E7
1.375E7
1000 4 4
1.1875E7
1.875E7
1000 4 4
1.625E7
4.0E7
1000 4 5
2.5E7
3.75E7
1000 4 5
1.3125E7
1.875E7
1000 4 5
1.625E7
2.0E7
1000 4 5
1.75E7
2.125E7
1000 4 4
1.125E7
1.5E7
1000 4 4
3.5E7
6.5E7
1000 4 4
1.1875E7
1.5E7
1778 4 5
2.75E7
4.25E7
1000 4 4
1.375E7
2.125E7
1000 4 6
1.375E7
1.875E7
1778 4 5
3.25E7
5.5E7
1778 4 6
3.0E7
5.5E7
1778 4 5
5.5E7
1.5E8
1778 4 6
3.0E7
6.0E7
1000 4 4
1.5E7
2.0E7
1000 4 4
2.0E7
2.125E7
1778 4 5
2.875E7
5.5E7
1778 4 5
5.5E7
7.0E7
1000 4 4
2.1875E7
1.875E7
1778 4 6
3.25E7
4.25E7
1778 4 5
5.5E7
1.0E8
1778 4 6
3.25E7
4.25E7
1778 4 5
3.25E7
1.1E8
1778 4 5
2.25E7
5.5E7
1778 4 5
3.0E7
5.5E7
1778 4 5
2.25E7
4.5E7
3162 4 6
1.5E8
1.5E8
1778 4 5
2.625E7
5.5E7
1778 4 5
3.5E7
1.4E8
3162 4 6
8.5E7
1.9E8
1778 4 5
2.25E7
4.25E7
1778 4 5
2.25E7
4.0E7
3162 4 6
7.0E7
2.0E8
1778 4 5
2.75E7
6.5E7
1778 4 5
2.75E7
6.0E7
1778 4 5
3.0E7
5.5E7
1778 4 5
2.625E7
6.5E7
1778 4 6
2.25E7
3.75E7
1778 4 5
2.75E7
5.5E7
3162 4 6
6.0E7
2.1E8
1778 4 6
2.25E7
6.0E7
1778 4 5
3.5E7
6.25E7
1778 4 5
3.5E7
1.7E8
1778 4 6
2.875E7
5.25E7
3162 4 6
7.0E7
1.4E8
3162 4 7
7.0E7
2.3E8
1778 4 5
5.25E7
1.8E8
3162 4 6
7.5E7
4.0E8
1778 4 5
2.375E7
4.5E7
1778 4 5
2.75E7
5.75E7
3162 4 6
6.0E7
1.8E8
3162 4 6
7.5E7
1.7E8
3162 4 6
1.65E8
1.9E8
3162 4 6
1.4E8
3.4E8
3162 4 6
1.6E8
3.3E8
3162 4 6
5.0E7
1.6E8
1778 4 5
6.375E7
1.1E8
3162 4 6
6.25E7
2.1E8
3162 4 6
6.5E7
2.6E8
3162 4 6
1.6E8
2.9E8
3162 4 6
5.5E7
1.9E8
3162 4 6
6.0E7
1.8E8
3162 4 6
5.5E7
2.0E8
3162 4 6
6.0E7
1.5E8
3162 4 6
6.0E7
1.9E8
3162 4 6
4.75E7
1.5E8
3162 4 6
6.5E7
1.8E8
3162 4 6
5.75E7
1.6E8
3162 4 5
5.0E7
1.4E8
3162 4 6
5.5E7
1.4E8
3162 4 6
6.0E7
1.5E8
3162 4 6
5.0E7
1.6E8
3162 4 6
6.25E7
1.8E8
3162 4 6
6.0E7
3.2E8
3162 4 6
8.5E7
3.6E8
5623 4 7
1.2E8
4.2E8
5623 4 7
1.8E8
4.1E8
5623 4 7
1.3E8
5.2E8
5623 4 7
1.2E8
5.2E8
3162 4 5
1.2E8
3.7E8
5623 4 7
1.1E8
4.2E8
5623 4 6
1.5E8
6.4E8
5623 4 6
1.3E8
5.3E8
5623 4 7
1.6E8
6.4E8
5623 4 7
1.2E8
5.6E8
5623 4 6
1.3E8
5.5E8
5623 4 7
1.2E8
7.0E8
5623 4 6
1.3E8
6.0E8
5623 4 7
1.4E8
5.6E8
5623 4 7
1.1E8
4.9E8
5623 4 6
1.6E8
5.5E8
5623 4 6
1.4E8
5.8E8
5623 4 7
1.1E8
4.8E8
5623 4 7
2.5E8
8.7E8
5623 4 7
1.9E8
6.0E8
5623 4 7
1.9E8
6.1E8
5623 4 7
1.1E8
5.0E8
5623 4 6
1.5E8
5.9E8
5623 4 7
1.05E8
4.6E8
5623 4 7
1.1E8
4.6E8
5623 4 7
2.2E8
7.7E8
5623 4 7
1.6E8
6.1E8
5623 4 6
1.1E8
4.7E8
5623 4 7
3.2E8
8.5E8
5623 4 7
3.3E8
7.9E8
5623 4 7
3.3E8
7.1E8
5623 4 7
2.8E8
1.05E9
5623 4 7
3.3E8
1.18E9
10000 4 8
2.2E8
1.25E9
10000 4 8
2.3E8
1.27E9
10000 4 7
2.3E8
1.29E9
10000 4 7
2.5E8
1.29E9
10000 4 8
2.8E8
1.62E9
10000 4 8
2.3E8
1.38E9
10000 4 7
2.7E8
1.69E9
10000 4 8
3.2E8
1.79E9
10000 4 8
2.2E8
1.34E9
10000 4 8
2.4E8
1.5E9
10000 4 8
2.5E8
1.81E9
10000 4 8
2.6E8
1.61E9
10000 4 8
2.3E8
1.59E9
10000 4 7
2.6E8
1.6E9
10000 4 7
4.6E8
1.64E9
10000 4 7
2.5E8
1.76E9
10000 4 8
2.8E8
1.81E9
10000 4 8
2.5E8
1.92E9
10000 4 8
2.7E8
1.92E9
10000 4 8
2.3E8
1.9E9
10000 4 7
2.9E8
1.81E9
10000 4 8
2.8E8
1.74E9
10000 4 7
4.3E8
1.96E9
10000 4 8
3.1E8
1.78E9
10000 4 8
4.8E8
2.58E9
10000 4 8
2.8E8
2.46E9
10000 4 7
3.3E8
2.31E9
10000 4 8
6.2E8
2.01E9
10000 4 7
2.6E8
3.26E9
10000 4 8
5.7E8
3.07E9
10000 4 8
5.9E8
3.81E9
10000 4 8
5.3E8
3.08E9
17782 4 9
4.8E8
4.76E9
17782 4 9
4.8E8
4.57E9
17782 4 9
5.5E8
4.63E9
17782 4 9
4.8E8
4.24E9
17782 4 9
5.4E8
4.38E9
17782 4 9
5.5E8
4.52E9
17782 4 9
5.9E8
4.44E9
17782 4 9
5.0E8
5.01E9
17782 4 9
5.9E8
4.38E9
17782 4 9
4.8E8
4.72E9
17782 4 8
5.6E8
4.63E9
17782 4 9
5.0E8
5.23E9
17782 4 8
5.5E8
4.97E9
17782 4 9
5.6E8
4.58E9
17782 4 9
5.5E8
5.02E9
17782 4 9
5.6E8
5.15E9
17782 4 9
5.9E8
5.03E9
17782 4 9
5.6E8
5.79E9
17782 4 9
5.7E8
6.22E9
17782 4 9
5.8E8
6.24E9
17782 4 8
8.0E8
6.91E9
17782 4 9
1.19E9
5.8E9
17782 4 9
6.8E8
6.87E9
17782 4 9
6.9E8
7.47E9
17782 4 9
4.8E8
7.5E9
17782 4 9
9.6E8
7.12E9
17782 4 9
7.0E8
9.25E9
17782 4 8
6.0E8
9.38E9
17782 4 9
1.23E9
8.48E9
17782 4 8
6.9E8
6.55E9
17782 4 9
9.6E8
6.89E9
17782 4 9
7.7E8
6.91E9
31622 4 10
1.06E9
1.597E10
31622 4 10
1.13E9
1.54E10
31622 4 10
1.18E9
1.605E10
31622 4 11
1.26E9
1.595E10
31622 4 10
1.1E9
1.631E10
31622 4 10
1.11E9
1.652E10
31622 4 10
9.5E8
1.35E10
31622 4 10
1.16E9
1.662E10
31622 4 10
9.6E8
1.484E10
31622 4 10
1.06E9
1.908E10
31622 4 10
1.25E9
1.904E10
31622 4 10
1.1E9
1.97E10
31622 4 10
1.14E9
1.856E10
31622 4 10
1.13E9
1.945E10
31622 4 10
1.43E9
1.492E10
31622 4 10
1.3E9
1.863E10
31622 4 10
1.12E9
2.199E10
31622 4 10
1.21E9
2.187E10
31622 4 10
1.37E9
2.185E10
31622 4 10
1.24E9
2.287E10
31622 4 10
1.22E9
2.303E10
31622 4 10
1.2E9
2.02E10
31622 4 10
1.59E9
1.847E10
31622 4 10
1.31E9
2.378E10
31622 4 10
1.0E9
2.168E10
31622 4 10
1.32E9
2.289E10
31622 4 10
1.16E9
2.372E10
31622 4 10
2.29E9
1.905E10
31622 4 11
2.01E9
2.009E10
31622 4 9
2.16E9
2.254E10
31622 4 10
2.25E9
2.228E10
31622 4 11
1.67E9
2.637E10
56234 4 12
2.34E9
6.476E10
56234 4 11
2.43E9
6.661E10
56234 4 11
2.21E9
5.951E10
56234 4 11
2.27E9
6.389E10
56234 4 11
2.55E9
7.361E10
56234 4 11
2.1E9
7.027E10
56234 4 11
2.76E9
8.037E10
56234 4 11
2.73E9
8.207E10
56234 4 12
2.48E9
8.728E10
56234 4 12
2.45E9
8.727E10
56234 4 12
2.69E9
8.536E10
56234 4 11
2.25E9
9.032E10
56234 4 11
2.9E9
8.537E10
56234 4 12
2.5E9
8.695E10
56234 4 12
2.82E9
8.903E10
56234 4 11
2.71E9
8.703E10
56234 4 11
2.45E9
9.662E10
56234 4 11
2.4E9
9.409E10
56234 4 11
1.99E9
9.523E10
56234 4 13
2.65E9
8.968E10
56234 4 12
2.81E9
9.124E10
56234 4 11
2.81E9
9.36E10
56234 4 11
2.38E9
9.457E10
56234 4 11
2.25E9
1.0751E11
56234 4 11
2.58E9
1.0591E11
56234 4 12
2.71E9
1.0838E11
56234 4 11
2.53E9
1.1418E11
56234 4 12
2.31E9
1.114E11
56234 4 11
2.25E9
1.1535E11
56234 4 11
2.63E9
1.1184E11
56234 4 11
2.13E9
1.1521E11
56234 4 12
2.34E9
1.212E11
100000 4 14
5.26E9
2.1452E11
100000 4 13
4.11E9
2.1329E11
100000 4 13
4.02E9
2.232E11
100000 4 13
5.07E9
1.9925E11
100000 4 13
4.07E9
2.1692E11
100000 4 13
4.38E9
2.2244E11
100000 4 13
4.8E9
2.0872E11
100000 4 14
4.13E9
2.3883E11
100000 4 13
4.93E9
2.1879E11
100000 4 13
4.52E9
2.1711E11
100000 4 13
4.49E9
2.2955E11
100000 4 13
5.15E9
2.1033E11
100000 4 13
5.35E9
2.191E11
100000 4 13
5.37E9
2.3358E11
100000 4 13
4.89E9
2.2759E11
100000 4 13
4.36E9
2.0598E11
100000 4 13
4.93E9
2.31E11
100000 4 13
4.39E9
2.2615E11
100000 4 13
4.2E9
2.2733E11
100000 4 13
7.04E9
2.186E11
100000 4 13
5.32E9
2.3594E11
100000 4 13
6.89E9
2.4235E11
100000 4 13
6.05E9
2.238E11
100000 4 13
4.78E9
2.2317E11
100000 4 13
4.97E9
2.3934E11
100000 4 14
5.02E9
2.2474E11
100000 4 13
5.36E9
2.1269E11
100000 4 13
5.18E9
2.5893E11
100000 4 13
5.58E9
2.1569E11
100000 4 13
4.81E9
2.6049E11
100000 4 13
5.61E9
2.4224E11
100000 4 13
5.12E9
2.6785E11
