100 8 1
546875.0
429687.5
100 8 1
507812.5
429687.5
100 8 1
625000.0
429687.5
100 8 1
585937.5
429687.5
100 8 1
585937.5
468750.0
100 8 1
625000.0
429687.5
100 8 1
585937.5
429687.5
100 8 1
546875.0
429687.5
100 8 1
546875.0
429687.5
100 8 1
585937.5
468750.0
100 8 1
585937.5
429687.5
100 8 1
546875.0
429687.5
100 8 1
546875.0
468750.0
100 8 1
546875.0
390625.0
100 8 1
546875.0
390625.0
100 8 1
546875.0
410156.25
100 8 1
625000.0
390625.0
100 8 1
546875.0
390625.0
100 8 1
507812.5
390625.0
100 8 1
585937.5
410156.25
100 8 1
585937.5
371093.75
100 8 1
585937.5
371093.75
100 8 1
585937.5
371093.75
100 8 1
585937.5
390625.0
100 8 1
585937.5
390625.0
100 8 1
585937.5
390625.0
100 8 1
585937.5
429687.5
100 8 1
585937.5
410156.25
100 8 1
625000.0
390625.0
100 8 1
585937.5
429687.5
100 8 1
625000.0
390625.0
100 8 1
585937.5
390625.0
177 8 1
1718750.0
1015625.0
177 8 1
1406250.0
1093750.0
177 8 1
1562500.0
1093750.0
177 8 1
1484375.0
937500.0
177 8 1
1562500.0
1015625.0
177 8 1
1484375.0
1093750.0
177 8 1
1484375.0
1015625.0
177 8 1
1562500.0
1015625.0
177 8 1
1406250.0
937500.0
177 8 1
1484375.0
937500.0
177 8 1
1484375.0
937500.0
177 8 1
1718750.0
1015625.0
177 8 1
1562500.0
1015625.0
177 8 1
1640625.0
1093750.0
177 8 1
1562500.0
937500.0
177 8 1
1406250.0
1015625.0
177 8 1
1406250.0
1015625.0
177 8 1
1562500.0
937500.0
177 8 1
1484375.0
1015625.0
177 8 1
1562500.0
1093750.0
177 8 1
1562500.0
1015625.0
177 8 1
1484375.0
1015625.0
177 8 2
1484375.0
1093750.0
177 8 1
1562500.0
1015625.0
177 8 1
1406250.0
1015625.0
177 8 1
1562500.0
1015625.0
177 8 1
1484375.0
1015625.0
177 8 1
1406250.0
1093750.0
177 8 1
1562500.0
1093750.0
177 8 1
1484375.0
1015625.0
177 8 1
1484375.0
1093750.0
177 8 1
1484375.0
1015625.0
316 8 1
4062500.0
2812500.0
316 8 1
3750000.0
3437500.0
316 8 1
3437500.0
3437500.0
316 8 1
3750000.0
3437500.0
316 8 1
3750000.0
3750000.0
316 8 1
3750000.0
3437500.0
316 8 1
3750000.0
3281250.0
316 8 1
4062500.0
3125000.0
316 8 1
4062500.0
2968750.0
316 8 2
3750000.0
3437500.0
316 8 1
3750000.0
2968750.0
316 8 1
4062500.0
3125000.0
316 8 1
3750000.0
3125000.0
316 8 1
3437500.0
2968750.0
316 8 1
3750000.0
2968750.0
316 8 1
4062500.0
3281250.0
316 8 1
3750000.0
3281250.0
316 8 1
3437500.0
2812500.0
316 8 1
3750000.0
2968750.0
316 8 1
3750000.0
3125000.0
316 8 1
4062500.0
3125000.0
316 8 1
3750000.0
2968750.0
316 8 1
3750000.0
2968750.0
316 8 1
3750000.0
3125000.0
316 8 1
4062500.0
2968750.0
316 8 1
3750000.0
3125000.0
316 8 1
3437500.0
2968750.0
316 8 1
4062500.0
2812500.0
562 8 2
8750000.0
8125000.0
316 8 1
4062500.0
2968750.0
316 8 1
4062500.0
2656250.0
562 8 1
9375000.0
8125000.0
316 8 1
3593750.0
3125000.0
562 8 2
9375000.0
8125000.0
562 8 1
1.0E7
7500000.0
316 8 1
3750000.0
2968750.0
562 8 1
1.0E7
7500000.0
562 8 1
8750000.0
8125000.0
562 8 1
9375000.0
8125000.0
562 8 1
1.0E7
7500000.0
562 8 2
1.0E7
8750000.0
562 8 1
9375000.0
8125000.0
562 8 2
1.0E7
8125000.0
562 8 2
1.0E7
8125000.0
562 8 1
1.0625E7
8125000.0
562 8 2
1.0E7
8125000.0
562 8 1
1.0E7
8125000.0
562 8 1
1.0625E7
8750000.0
562 8 1
1.0E7
7500000.0
562 8 1
9375000.0
8750000.0
562 8 1
1.0E7
8125000.0
562 8 1
1.0E7
7500000.0
562 8 1
1.0E7
8125000.0
562 8 1
1.0625E7
8125000.0
562 8 1
1.0E7
8125000.0
562 8 1
1.0E7
9375000.0
562 8 1
9375000.0
8125000.0
562 8 1
1.0E7
8750000.0
562 8 1
1.0E7
8750000.0
562 8 1
1.0E7
8125000.0
562 8 1
9375000.0
8125000.0
562 8 2
1.0E7
7500000.0
562 8 1
1.0E7
8125000.0
1000 8 2
2.75E7
2.375E7
562 8 2
9375000.0
8750000.0
1000 8 1
2.75E7
2.625E7
1000 8 2
2.5E7
2.75E7
1000 8 1
2.5E7
2.625E7
1000 8 1
2.75E7
2.625E7
1000 8 2
2.625E7
2.5E7
1000 8 2
2.75E7
2.375E7
1000 8 2
2.5E7
2.75E7
1000 8 2
2.625E7
2.75E7
1000 8 2
2.5E7
2.75E7
1000 8 2
2.5E7
2.75E7
1000 8 2
2.625E7
2.625E7
1000 8 2
2.5E7
2.75E7
1000 8 1
2.5E7
2.75E7
1000 8 1
2.5E7
2.75E7
1000 8 2
2.5E7
2.5E7
1000 8 2
2.5E7
3.0E7
1000 8 2
2.5E7
2.75E7
1000 8 1
2.375E7
2.5E7
1000 8 2
2.5E7
2.5E7
1778 8 2
7.0E7
7.0E7
1000 8 1
2.625E7
2.75E7
1000 8 2
2.5E7
2.75E7
1000 8 2
2.625E7
3.0E7
1778 8 2
6.5E7
8.0E7
1000 8 2
2.75E7
2.625E7
1000 8 1
2.75E7
2.75E7
1000 8 1
2.5E7
2.75E7
1000 8 2
2.625E7
2.75E7
1000 8 2
2.625E7
2.25E7
1000 8 1
2.625E7
2.5E7
1000 8 2
2.5E7
2.875E7
1000 8 2
2.75E7
3.0E7
1778 8 2
6.5E7
7.0E7
1778 8 2
6.5E7
7.5E7
1778 8 2
6.5E7
7.5E7
1778 8 2
7.0E7
8.0E7
1778 8 2
6.0E7
8.0E7
1778 8 2
7.0E7
8.0E7
1778 8 2
6.5E7
7.0E7
1778 8 2
7.0E7
7.0E7
1778 8 2
6.5E7
8.0E7
1778 8 2
6.0E7
8.0E7
1000 8 2
2.5E7
2.25E7
1778 8 2
6.0E7
7.0E7
1778 8 2
6.5E7
7.5E7
1778 8 2
7.0E7
8.0E7
1778 8 2
7.0E7
8.0E7
1778 8 1
6.5E7
8.0E7
1778 8 2
6.5E7
7.5E7
1778 8 2
6.5E7
8.0E7
1778 8 2
6.5E7
8.0E7
1778 8 2
6.5E7
8.5E7
1778 8 2
6.5E7
8.5E7
1778 8 2
6.0E7
8.5E7
1778 8 2
6.0E7
9.0E7
1778 8 2
6.5E7
8.5E7
1778 8 2
6.5E7
7.5E7
1778 8 2
6.0E7
7.5E7
1778 8 2
6.0E7
8.0E7
1778 8 2
6.5E7
8.5E7
1778 8 2
6.5E7
8.0E7
1778 8 2
7.0E7
8.5E7
1778 8 2
7.0E7
8.0E7
3162 8 2
1.5E8
2.6E8
3162 8 2
1.6E8
2.6E8
3162 8 2
1.5E8
2.7E8
3162 8 2
1.5E8
2.8E8
3162 8 2
1.5E8
2.5E8
3162 8 2
1.5E8
2.8E8
3162 8 2
1.7E8
2.7E8
3162 8 2
1.6E8
2.3E8
3162 8 2
1.7E8
2.6E8
3162 8 2
1.6E8
2.3E8
3162 8 2
1.7E8
2.5E8
3162 8 2
1.6E8
2.3E8
3162 8 2
1.5E8
2.3E8
3162 8 2
1.7E8
2.5E8
3162 8 2
1.8E8
2.3E8
3162 8 2
1.7E8
2.5E8
3162 8 2
1.5E8
2.5E8
3162 8 2
1.6E8
2.4E8
3162 8 2
1.5E8
2.5E8
3162 8 2
1.7E8
2.4E8
3162 8 2
1.6E8
2.5E8
3162 8 2
1.6E8
2.5E8
3162 8 2
1.5E8
2.5E8
3162 8 2
1.6E8
2.3E8
3162 8 2
1.6E8
2.3E8
3162 8 2
1.5E8
2.3E8
3162 8 2
1.5E8
2.5E8
3162 8 2
1.7E8
2.4E8
3162 8 2
1.7E8
2.4E8
3162 8 2
1.6E8
2.5E8
3162 8 2
1.5E8
2.4E8
3162 8 2
1.7E8
2.4E8
5623 8 2
3.7E8
9.2E8
5623 8 2
3.8E8
9.8E8
5623 8 2
4.1E8
1.13E9
5623 8 2
3.8E8
9.1E8
5623 8 2
4.1E8
9.5E8
5623 8 2
4.1E8
1.17E9
5623 8 2
3.9E8
9.0E8
5623 8 2
3.9E8
1.17E9
5623 8 2
4.0E8
1.16E9
5623 8 2
3.8E8
1.1E9
5623 8 2
4.2E8
9.1E8
5623 8 2
3.8E8
1.15E9
5623 8 2
3.9E8
9.1E8
5623 8 2
3.9E8
1.05E9
5623 8 2
4.0E8
1.1E9
5623 8 2
4.1E8
1.01E9
5623 8 2
3.8E8
1.12E9
5623 8 2
3.8E8
1.15E9
5623 8 2
3.8E8
1.15E9
5623 8 2
3.9E8
1.16E9
5623 8 2
4.1E8
9.8E8
5623 8 2
4.0E8
1.07E9
5623 8 2
4.0E8
1.07E9
5623 8 2
3.8E8
1.13E9
5623 8 2
4.0E8
1.09E9
5623 8 2
3.9E8
1.09E9
5623 8 2
4.1E8
1.04E9
5623 8 2
3.9E8
1.14E9
5623 8 2
3.8E8
1.08E9
5623 8 2
3.9E8
1.05E9
5623 8 2
4.0E8
1.13E9
5623 8 2
3.9E8
1.14E9
10000 8 2
9.1E8
2.83E9
10000 8 2
9.2E8
2.8E9
10000 8 2
9.3E8
2.92E9
10000 8 2
9.2E8
3.25E9
10000 8 2
9.2E8
3.29E9
10000 8 2
8.9E8
3.57E9
10000 8 2
9.3E8
3.82E9
10000 8 2
9.1E8
4.23E9
10000 8 2
9.2E8
4.06E9
10000 8 2
9.4E8
3.6E9
10000 8 2
9.3E8
4.23E9
10000 8 2
9.1E8
4.15E9
10000 8 2
9.0E8
3.76E9
10000 8 2
9.2E8
3.95E9
10000 8 2
9.2E8
4.18E9
10000 8 2
9.2E8
4.08E9
10000 8 2
8.8E8
3.86E9
10000 8 2
9.0E8
3.73E9
10000 8 2
9.2E8
3.94E9
10000 8 2
9.6E8
4.09E9
10000 8 2
9.2E8
4.29E9
10000 8 2
9.3E8
4.0E9
10000 8 2
9.6E8
3.92E9
10000 8 2
9.2E8
4.17E9
10000 8 2
9.1E8
3.94E9
10000 8 2
9.5E8
4.17E9
10000 8 2
9.2E8
4.21E9
10000 8 2
1.08E9
3.89E9
10000 8 2
9.4E8
4.16E9
10000 8 2
9.4E8
4.21E9
10000 8 2
1.02E9
3.83E9
10000 8 2
9.3E8
4.17E9
17782 8 2
2.44E9
1.184E10
17782 8 2
2.22E9
1.173E10
17782 8 2
2.22E9
1.213E10
17782 8 2
2.23E9
1.177E10
17782 8 2
2.35E9
1.358E10
17782 8 2
2.25E9
1.232E10
17782 8 2
2.3E9
1.297E10
17782 8 2
2.2E9
1.361E10
17782 8 2
2.23E9
1.298E10
17782 8 2
2.2E9
1.411E10
17782 8 2
2.2E9
1.43E10
17782 8 2
2.19E9
1.388E10
17782 8 2
2.27E9
1.405E10
17782 8 2
2.41E9
1.434E10
17782 8 2
2.29E9
1.428E10
17782 8 2
2.22E9
1.473E10
17782 8 2
2.43E9
1.402E10
17782 8 2
2.21E9
1.45E10
17782 8 2
2.2E9
1.432E10
17782 8 2
2.44E9
1.46E10
17782 8 2
2.22E9
1.439E10
17782 8 2
2.46E9
1.494E10
17782 8 2
2.21E9
1.513E10
17782 8 2
2.61E9
1.494E10
17782 8 2
2.41E9
1.503E10
17782 8 2
2.21E9
1.49E10
17782 8 2
2.2E9
1.527E10
17782 8 2
2.28E9
1.425E10
17782 8 2
2.26E9
1.514E10
17782 8 2
2.21E9
1.521E10
17782 8 2
2.19E9
1.555E10
17782 8 2
2.41E9
1.445E10
31622 8 2
5.34E9
3.992E10
31622 8 2
5.15E9
4.79E10
31622 8 2
5.69E9
4.758E10
31622 8 2
6.05E9
4.713E10
31622 8 2
5.85E9
4.725E10
31622 8 2
5.29E9
4.955E10
31622 8 2
5.27E9
5.195E10
31622 8 2
5.25E9
5.086E10
31622 8 2
6.05E9
5.155E10
31622 8 2
5.4E9
5.433E10
31622 8 2
5.5E9
5.264E10
31622 8 2
5.63E9
5.192E10
31622 8 2
5.51E9
5.687E10
31622 8 2
6.46E9
5.233E10
31622 8 2
6.36E9
5.373E10
31622 8 2
5.2E9
5.484E10
31622 8 2
5.63E9
5.495E10
31622 8 2
5.34E9
5.893E10
31622 8 2
5.69E9
5.402E10
31622 8 2
5.52E9
5.653E10
31622 8 2
5.3E9
6.079E10
31622 8 2
5.63E9
5.717E10
31622 8 2
5.67E9
5.613E10
31622 8 2
5.15E9
5.731E10
31622 8 2
5.26E9
5.874E10
31622 8 2
5.16E9
5.837E10
31622 8 2
5.52E9
6.225E10
31622 8 2
5.86E9
5.882E10
31622 8 2
5.01E9
6.127E10
31622 8 2
5.78E9
6.096E10
31622 8 2
5.81E9
6.178E10
31622 8 2
5.34E9
6.119E10
56234 8 2
1.296E10
1.6984E11
56234 8 2
1.278E10
1.6094E11
56234 8 2
1.275E10
1.8464E11
56234 8 2
1.357E10
1.8989E11
56234 8 2
1.244E10
1.9461E11
56234 8 2
1.329E10
1.9298E11
56234 8 2
1.273E10
1.9886E11
56234 8 2
1.382E10
1.9281E11
56234 8 2
1.408E10
1.926E11
56234 8 2
1.296E10
2.0246E11
56234 8 2
1.242E10
2.0721E11
56234 8 2
1.26E10
2.1153E11
56234 8 2
1.264E10
2.0098E11
56234 8 2
1.466E10
2.0315E11
56234 8 2
1.271E10
2.0946E11
56234 8 2
1.307E10
2.0405E11
56234 8 2
1.507E10
1.999E11
56234 8 2
1.304E10
2.1268E11
56234 8 2
1.263E10
2.1308E11
56234 8 2
1.301E10
2.1161E11
56234 8 2
1.256E10
2.1465E11
56234 8 2
1.263E10
2.1601E11
56234 8 2
1.322E10
2.1595E11
56234 8 2
1.446E10
2.1021E11
56234 8 2
1.294E10
2.2412E11
56234 8 2
1.952E10
2.2558E11
56234 8 2
1.338E10
2.4468E11
56234 8 2
1.427E10
2.5216E11
56234 8 2
1.349E10
2.5089E11
56234 8 2
1.291E10
2.6047E11
56234 8 2
1.314E10
2.5273E11
56234 8 2
1.321E10
2.9143E11
100000 8 2
3.235E10
4.7991E11
100000 8 2
3.033E10
4.8864E11
100000 8 2
3.123E10
4.7884E11
100000 8 3
3.044E10
5.0087E11
100000 8 2
3.098E10
5.2548E11
100000 8 3
3.812E10
4.8969E11
100000 8 2
3.028E10
5.3797E11
100000 8 2
3.064E10
5.378E11
100000 8 2
3.674E10
4.9423E11
100000 8 2
3.101E10
5.4769E11
100000 8 2
3.047E10
5.5186E11
100000 8 2
3.051E10
5.6558E11
100000 8 2
3.087E10
5.186E11
100000 8 2
3.058E10
5.7614E11
100000 8 2
3.026E10
6.2923E11
100000 8 2
3.243E10
6.3876E11
100000 8 2
3.148E10
6.44E11
100000 8 3
3.067E10
5.3984E11
100000 8 2
3.055E10
5.7789E11
100000 8 2
3.063E10
5.814E11
100000 8 2
3.043E10
5.852E11
100000 8 2
3.021E10
6.2651E11
100000 8 2
3.137E10
6.2676E11
100000 8 3
3.024E10
6.277E11
100000 8 3
3.082E10
6.3007E11
100000 8 2
3.044E10
6.2586E11
100000 8 3
3.072E10
5.5191E11
100000 8 2
3.02E10
6.4594E11
100000 8 2
2.966E10
6.6108E11
100000 8 3
3.054E10
6.6511E11
100000 8 2
3.026E10
6.5675E11
100000 8 2
3.181E10
6.6078E11
