100 4 2
429687.5
292968.75
100 4 3
468750.0
234375.0
100 4 3
507812.5
332031.25
100 4 2
371093.75
292968.75
100 4 3
371093.75
273437.5
100 4 3
371093.75
292968.75
100 4 2
351562.5
292968.75
100 4 3
371093.75
273437.5
100 4 2
371093.75
312500.0
100 4 3
351562.5
312500.0
100 4 2
390625.0
273437.5
100 4 2
371093.75
292968.75
100 4 3
390625.0
292968.75
100 4 3
371093.75
273437.5
100 4 2
371093.75
273437.5
100 4 3
390625.0
292968.75
100 4 3
351562.5
292968.75
100 4 3
390625.0
292968.75
100 4 3
390625.0
292968.75
100 4 3
351562.5
292968.75
100 4 2
390625.0
312500.0
100 4 2
371093.75
273437.5
100 4 3
371093.75
312500.0
100 4 3
371093.75
273437.5
100 4 2
371093.75
273437.5
100 4 2
390625.0
253906.25
100 4 2
371093.75
292968.75
100 4 3
371093.75
332031.25
100 4 3
371093.75
312500.0
100 4 3
371093.75
332031.25
100 4 3
371093.75
292968.75
100 4 2
371093.75
273437.5
177 4 3
859375.0
859375.0
177 4 3
937500.0
859375.0
177 4 3
937500.0
859375.0
177 4 3
937500.0
859375.0
177 4 3
937500.0
820312.5
177 4 3
937500.0
1015625.0
177 4 3
937500.0
742187.5
177 4 3
937500.0
859375.0
177 4 3
937500.0
742187.5
177 4 3
937500.0
1093750.0
177 4 3
937500.0
742187.5
177 4 3
859375.0
742187.5
177 4 3
937500.0
781250.0
177 4 3
937500.0
859375.0
177 4 3
859375.0
742187.5
177 4 3
937500.0
820312.5
177 4 3
859375.0
781250.0
177 4 3
937500.0
820312.5
177 4 3
859375.0
820312.5
177 4 3
859375.0
859375.0
177 4 3
859375.0
820312.5
177 4 3
859375.0
820312.5
177 4 3
859375.0
820312.5
177 4 3
937500.0
781250.0
177 4 3
1015625.0
781250.0
177 4 3
859375.0
703125.0
177 4 3
937500.0
937500.0
177 4 3
937500.0
976562.5
177 4 3
937500.0
742187.5
177 4 3
859375.0
898437.5
177 4 3
859375.0
781250.0
177 4 3
937500.0
859375.0
316 4 4
3437500.0
2500000.0
316 4 3
2031250.0
1875000.0
316 4 4
2031250.0
2031250.0
316 4 3
2187500.0
2343750.0
316 4 4
1718750.0
2343750.0
316 4 4
2343750.0
2031250.0
316 4 4
2500000.0
2031250.0
316 4 3
2187500.0
2343750.0
316 4 4
2031250.0
2500000.0
316 4 4
1875000.0
2187500.0
316 4 4
2187500.0
2343750.0
316 4 3
2031250.0
2187500.0
316 4 3
2031250.0
2343750.0
316 4 3
2343750.0
3750000.0
316 4 4
2343750.0
2187500.0
316 4 4
2187500.0
2187500.0
316 4 3
2500000.0
2812500.0
316 4 3
1875000.0
2500000.0
316 4 3
2187500.0
1718750.0
316 4 3
2187500.0
2343750.0
316 4 4
2187500.0
2031250.0
316 4 3
2656250.0
4062500.0
316 4 3
2031250.0
2343750.0
316 4 3
2031250.0
2187500.0
316 4 3
2187500.0
2968750.0
316 4 3
2187500.0
2187500.0
316 4 3
2343750.0
2343750.0
316 4 4
2187500.0
2187500.0
316 4 4
2187500.0
2187500.0
316 4 4
2187500.0
2187500.0
316 4 3
2031250.0
2656250.0
316 4 3
2187500.0
2656250.0
562 4 4
6250000.0
7500000.0
562 4 4
4375000.0
6875000.0
562 4 4
5000000.0
6875000.0
562 4 4
5000000.0
6875000.0
562 4 4
4687500.0
6875000.0
562 4 4
5000000.0
8125000.0
562 4 4
5625000.0
6875000.0
562 4 4
5000000.0
6562500.0
562 4 4
5000000.0
9375000.0
562 4 4
5625000.0
9375000.0
562 4 4
5000000.0
6875000.0
562 4 4
5000000.0
6562500.0
562 4 4
5625000.0
7500000.0
562 4 4
5000000.0
6562500.0
562 4 4
5000000.0
7500000.0
562 4 4
6875000.0
7812500.0
562 4 4
5312500.0
6250000.0
562 4 4
5000000.0
6250000.0
562 4 4
4687500.0
7187500.0
562 4 4
4687500.0
6250000.0
562 4 4
5000000.0
7187500.0
562 4 4
4687500.0
6875000.0
562 4 4
4687500.0
6562500.0
562 4 4
4687500.0
6250000.0
562 4 4
5625000.0
8125000.0
562 4 4
4375000.0
5937500.0
562 4 4
5937500.0
8125000.0
562 4 4
4687500.0
5937500.0
562 4 4
5000000.0
6250000.0
562 4 4
5000000.0
6250000.0
1000 4 4
1.3125E7
1.5E7
562 4 4
4687500.0
5937500.0
562 4 3
6250000.0
6250000.0
1000 4 4
1.375E7
1.875E7
1000 4 4
1.125E7
1.75E7
1000 4 4
1.0E7
1.625E7
1000 4 4
1.375E7
1.625E7
1000 4 5
1.125E7
1.75E7
1000 4 5
1.0625E7
2.25E7
1000 4 6
1.1875E7
1.625E7
1000 4 5
1.0E7
2.75E7
1000 4 5
1.1875E7
2.0E7
1000 4 5
1.375E7
1.875E7
1000 4 5
1.0625E7
1.75E7
1000 4 5
8750000.0
1.5E7
1000 4 4
1.1875E7
1.875E7
1000 4 4
1.375E7
1.875E7
1000 4 4
1.125E7
1.5E7
1000 4 4
1.0625E7
2.125E7
1000 4 4
1.0625E7
1.75E7
1000 4 4
1.0625E7
1.5E7
1000 4 4
1.25E7
1.625E7
1000 4 5
1.1875E7
1.75E7
1000 4 4
1.25E7
2.0E7
1000 4 4
1.0E7
1.625E7
1000 4 4
1.125E7
1.625E7
1000 4 4
1.25E7
1.75E7
1000 4 5
1.1875E7
1.75E7
1000 4 4
1.1875E7
1.5E7
1000 4 4
1.125E7
1.625E7
1000 4 4
1.1875E7
1.625E7
1000 4 4
1.125E7
1.75E7
1000 4 4
1.25E7
1.75E7
1000 4 4
1.125E7
1.625E7
1778 4 5
3.25E7
4.5E7
1778 4 6
2.75E7
5.5E7
1778 4 5
2.75E7
5.5E7
1778 4 5
2.75E7
7.0E7
1778 4 5
2.75E7
5.5E7
1778 4 5
2.75E7
5.5E7
1778 4 5
2.75E7
5.25E7
1778 4 5
2.75E7
6.0E7
1778 4 5
2.625E7
5.5E7
1778 4 5
2.375E7
5.0E7
1778 4 5
2.625E7
6.25E7
1778 4 6
3.0E7
5.5E7
1778 4 5
2.375E7
5.0E7
1778 4 5
3.0E7
6.5E7
1778 4 4
2.75E7
7.0E7
1778 4 5
2.25E7
4.25E7
1778 4 5
2.75E7
4.75E7
1778 4 5
2.25E7
5.25E7
1778 4 5
2.375E7
4.75E7
1778 4 5
2.5E7
5.5E7
1778 4 5
2.625E7
4.5E7
1778 4 5
2.75E7
5.5E7
1778 4 5
2.5E7
5.25E7
1778 4 5
2.25E7
4.25E7
3162 4 6
6.0E7
1.9E8
1778 4 5
2.875E7
4.5E7
1778 4 5
2.75E7
4.75E7
1778 4 5
3.0E7
4.5E7
1778 4 5
2.75E7
4.25E7
3162 4 6
6.5E7
1.6E8
3162 4 6
6.0E7
1.6E8
1778 4 5
2.625E7
4.25E7
1778 4 5
2.625E7
4.75E7
1778 4 5
3.25E7
4.0E7
1778 4 5
2.625E7
5.0E7
3162 4 7
5.5E7
1.8E8
3162 4 6
5.5E7
1.7E8
3162 4 6
7.0E7
1.6E8
3162 4 6
5.5E7
1.6E8
3162 4 6
5.5E7
1.7E8
3162 4 6
6.0E7
1.7E8
3162 4 6
5.0E7
1.7E8
3162 4 6
5.5E7
1.8E8
3162 4 6
6.5E7
2.1E8
3162 4 6
6.0E7
2.1E8
3162 4 5
5.5E7
1.8E8
3162 4 6
5.25E7
1.7E8
3162 4 6
6.0E7
2.0E8
3162 4 6
5.75E7
1.9E8
3162 4 6
5.5E7
1.6E8
3162 4 6
6.0E7
1.6E8
3162 4 6
5.5E7
2.4E8
3162 4 6
5.5E7
2.3E8
3162 4 6
5.5E7
2.5E8
3162 4 6
6.0E7
2.0E8
3162 4 6
6.0E7
1.9E8
3162 4 6
6.0E7
1.7E8
3162 4 6
5.5E7
1.8E8
3162 4 6
6.5E7
2.0E8
3162 4 6
6.25E7
1.9E8
3162 4 5
6.5E7
1.9E8
3162 4 6
6.5E7
1.9E8
3162 4 6
7.0E7
1.9E8
3162 4 6
6.0E7
1.9E8
5623 4 6
1.2E8
5.0E8
5623 4 7
1.3E8
4.8E8
5623 4 7
1.1E8
5.6E8
5623 4 7
1.4E8
5.4E8
5623 4 7
1.5E8
6.3E8
5623 4 7
1.3E8
5.5E8
5623 4 7
1.2E8
5.0E8
5623 4 7
1.4E8
5.5E8
5623 4 6
1.1E8
5.2E8
5623 4 7
1.1E8
5.3E8
5623 4 6
1.2E8
5.5E8
5623 4 7
1.2E8
5.2E8
5623 4 7
1.2E8
4.9E8
5623 4 6
1.3E8
5.8E8
5623 4 7
1.6E8
6.6E8
5623 4 6
1.1E8
5.1E8
5623 4 6
1.2E8
5.0E8
5623 4 7
1.3E8
5.6E8
5623 4 6
1.4E8
6.6E8
5623 4 7
1.2E8
5.5E8
5623 4 6
1.1E8
5.3E8
5623 4 6
1.1E8
5.1E8
5623 4 6
1.3E8
6.9E8
5623 4 7
1.2E8
5.4E8
5623 4 7
1.2E8
5.5E8
5623 4 7
1.2E8
6.4E8
5623 4 7
1.2E8
6.7E8
5623 4 6
1.3E8
6.7E8
5623 4 7
1.5E8
5.1E8
5623 4 6
1.2E8
4.7E8
5623 4 7
1.1E8
4.7E8
5623 4 7
1.4E8
6.4E8
10000 4 7
2.5E8
1.39E9
10000 4 8
2.3E8
1.55E9
10000 4 7
2.4E8
1.43E9
10000 4 8
2.3E8
1.45E9
10000 4 7
2.6E8
1.68E9
10000 4 8
2.6E8
1.68E9
10000 4 8
2.5E8
1.64E9
10000 4 8
2.6E8
1.69E9
10000 4 7
2.4E8
1.54E9
10000 4 8
2.5E8
1.4E9
10000 4 8
2.5E8
1.66E9
10000 4 8
2.5E8
1.62E9
10000 4 7
2.6E8
1.58E9
10000 4 7
2.5E8
1.61E9
10000 4 8
2.6E8
1.53E9
10000 4 8
2.6E8
1.71E9
10000 4 8
2.8E8
1.6E9
10000 4 8
2.5E8
1.62E9
10000 4 7
2.8E8
1.7E9
10000 4 7
2.8E8
1.63E9
10000 4 8
2.8E8
1.73E9
10000 4 8
2.7E8
1.82E9
10000 4 7
2.9E8
1.8E9
10000 4 8
2.7E8
1.78E9
10000 4 8
3.4E8
1.8E9
10000 4 7
2.8E8
1.83E9
10000 4 8
3.4E8
1.85E9
10000 4 8
2.6E8
2.07E9
10000 4 7
3.2E8
1.88E9
10000 4 8
2.9E8
2.0E9
10000 4 7
3.0E8
2.16E9
10000 4 7
3.5E8
2.11E9
17782 4 9
5.2E8
4.06E9
17782 4 9
5.3E8
4.6E9
17782 4 9
6.2E8
4.53E9
17782 4 9
5.2E8
4.59E9
17782 4 8
6.5E8
4.93E9
17782 4 9
5.4E8
4.82E9
17782 4 8
5.5E8
5.29E9
17782 4 8
5.6E8
5.27E9
17782 4 8
5.8E8
5.22E9
17782 4 8
4.8E8
5.22E9
17782 4 8
5.2E8
5.21E9
17782 4 8
5.8E8
5.27E9
17782 4 9
5.3E8
5.61E9
17782 4 8
5.0E8
5.46E9
17782 4 8
5.9E8
5.49E9
17782 4 8
5.5E8
5.58E9
17782 4 8
5.5E8
5.16E9
17782 4 9
5.8E8
5.59E9
17782 4 9
5.3E8
5.74E9
17782 4 8
5.2E8
5.3E9
17782 4 9
5.2E8
5.39E9
17782 4 9
5.9E8
6.15E9
17782 4 8
6.1E8
5.67E9
17782 4 9
6.6E8
5.8E9
17782 4 9
6.2E8
6.01E9
17782 4 9
6.5E8
5.27E9
17782 4 8
5.5E8
6.46E9
17782 4 9
6.9E8
6.41E9
17782 4 9
6.6E8
6.18E9
17782 4 8
7.1E8
6.51E9
17782 4 9
5.6E8
7.28E9
17782 4 9
7.4E8
7.57E9
31622 4 10
1.09E9
1.756E10
31622 4 10
1.14E9
1.734E10
31622 4 9
1.13E9
1.753E10
31622 4 10
1.47E9
1.565E10
31622 4 9
1.13E9
1.779E10
31622 4 10
1.28E9
1.819E10
31622 4 9
1.19E9
1.723E10
31622 4 10
1.27E9
1.915E10
31622 4 10
1.25E9
1.794E10
31622 4 9
1.25E9
1.92E10
31622 4 10
1.23E9
1.866E10
31622 4 10
1.58E9
1.79E10
31622 4 10
1.07E9
1.865E10
31622 4 10
1.12E9
1.878E10
31622 4 10
1.28E9
1.881E10
31622 4 10
1.27E9
1.902E10
31622 4 10
1.1E9
1.935E10
31622 4 10
1.2E9
2.047E10
31622 4 10
1.21E9
2.008E10
31622 4 10
1.17E9
1.937E10
31622 4 10
1.37E9
1.894E10
31622 4 9
1.18E9
2.002E10
31622 4 10
1.61E9
1.932E10
31622 4 10
1.36E9
1.995E10
31622 4 10
1.18E9
1.987E10
31622 4 9
1.07E9
1.907E10
31622 4 10
1.37E9
2.174E10
31622 4 9
1.65E9
2.097E10
31622 4 10
1.57E9
2.053E10
31622 4 10
1.58E9
2.135E10
31622 4 10
1.27E9
2.069E10
31622 4 9
1.73E9
2.059E10
56234 4 10
2.61E9
5.005E10
56234 4 10
2.45E9
5.653E10
56234 4 10
2.8E9
5.827E10
56234 4 10
2.56E9
6.14E10
56234 4 10
2.54E9
6.128E10
56234 4 10
2.3E9
6.287E10
56234 4 10
2.62E9
5.919E10
56234 4 10
2.72E9
6.077E10
56234 4 10
2.33E9
6.078E10
56234 4 10
2.51E9
5.883E10
56234 4 10
2.24E9
6.677E10
56234 4 10
2.65E9
6.656E10
56234 4 10
2.91E9
6.715E10
56234 4 10
2.63E9
6.844E10
56234 4 10
2.43E9
6.998E10
56234 4 10
2.69E9
7.062E10
56234 4 10
2.46E9
7.127E10
56234 4 10
2.44E9
7.097E10
56234 4 10
2.24E9
7.194E10
56234 4 10
2.6E9
7.056E10
56234 4 10
2.45E9
7.111E10
56234 4 10
2.42E9
7.381E10
56234 4 10
2.8E9
7.333E10
56234 4 10
2.6E9
7.223E10
56234 4 10
2.63E9
7.135E10
56234 4 10
2.63E9
7.191E10
56234 4 10
2.89E9
7.393E10
56234 4 10
2.78E9
7.303E10
56234 4 10
2.76E9
7.594E10
56234 4 10
2.6E9
7.692E10
56234 4 10
2.53E9
7.772E10
56234 4 10
2.64E9
7.872E10
100000 4 10
4.15E9
1.8509E11
100000 4 10
4.6E9
2.0717E11
100000 4 10
4.85E9
2.1444E11
100000 4 10
4.96E9
2.1273E11
100000 4 10
5.1E9
2.125E11
100000 4 10
4.74E9
2.2881E11
100000 4 10
5.68E9
2.1475E11
100000 4 10
5.16E9
2.3214E11
100000 4 10
4.81E9
2.1966E11
100000 4 10
5.16E9
2.2234E11
100000 4 10
6.02E9
2.284E11
100000 4 10
5.17E9
2.42E11
100000 4 10
4.8E9
2.3363E11
100000 4 10
5.32E9
2.3255E11
100000 4 10
4.92E9
2.3014E11
100000 4 10
4.83E9
2.3366E11
100000 4 10
4.76E9
2.3171E11
100000 4 10
5.51E9
2.4337E11
100000 4 10
5.07E9
2.5095E11
100000 4 10
4.7E9
2.4205E11
100000 4 10
4.9E9
2.3383E11
100000 4 10
5.49E9
2.508E11
100000 4 10
5.38E9
2.564E11
100000 4 10
5.03E9
2.5213E11
100000 4 10
4.78E9
2.6256E11
100000 4 10
5.67E9
2.539E11
100000 4 10
4.6E9
2.7134E11
100000 4 10
6.98E9
2.5312E11
100000 4 10
5.66E9
2.5334E11
100000 4 10
4.77E9
2.5084E11
100000 4 10
6.79E9
2.579E11
100000 4 10
5.71E9
2.602E11
