100 5 2
468750.0
429687.5
100 5 2
429687.5
371093.75
100 5 2
468750.0
332031.25
100 5 2
507812.5
429687.5
100 5 2
468750.0
429687.5
100 5 2
507812.5
332031.25
100 5 2
468750.0
371093.75
100 5 2
507812.5
351562.5
100 5 2
507812.5
371093.75
100 5 2
507812.5
371093.75
100 5 2
507812.5
371093.75
100 5 2
429687.5
429687.5
100 5 2
507812.5
371093.75
100 5 2
507812.5
371093.75
100 5 2
507812.5
371093.75
100 5 2
468750.0
371093.75
100 5 2
468750.0
371093.75
100 5 2
507812.5
390625.0
100 5 2
507812.5
390625.0
100 5 2
507812.5
371093.75
100 5 2
468750.0
429687.5
100 5 2
546875.0
351562.5
100 5 2
507812.5
390625.0
100 5 2
429687.5
429687.5
100 5 2
468750.0
390625.0
100 5 2
507812.5
351562.5
100 5 2
468750.0
371093.75
100 5 2
507812.5
390625.0
100 5 2
468750.0
390625.0
100 5 2
468750.0
410156.25
100 5 2
546875.0
410156.25
100 5 2
468750.0
390625.0
177 5 2
1171875.0
859375.0
177 5 3
1250000.0
937500.0
177 5 2
1328125.0
1015625.0
177 5 2
1171875.0
1093750.0
177 5 2
1250000.0
1171875.0
177 5 2
1171875.0
1015625.0
177 5 2
1171875.0
937500.0
177 5 2
1171875.0
937500.0
177 5 2
1171875.0
1015625.0
177 5 3
1250000.0
1015625.0
177 5 2
1328125.0
937500.0
177 5 2
1093750.0
1015625.0
177 5 2
1171875.0
1171875.0
177 5 2
1171875.0
1171875.0
177 5 2
1250000.0
1093750.0
177 5 2
1171875.0
1250000.0
177 5 2
1093750.0
937500.0
177 5 2
1250000.0
1015625.0
177 5 2
1093750.0
1015625.0
177 5 2
1171875.0
1093750.0
177 5 2
1250000.0
1015625.0
177 5 2
1171875.0
1093750.0
177 5 2
1171875.0
937500.0
177 5 3
1171875.0
1015625.0
177 5 2
1171875.0
1093750.0
177 5 2
1250000.0
1015625.0
177 5 2
1171875.0
1015625.0
177 5 2
1250000.0
937500.0
177 5 3
1250000.0
937500.0
177 5 2
1171875.0
937500.0
177 5 2
1250000.0
859375.0
177 5 2
1250000.0
937500.0
316 5 2
2968750.0
2812500.0
316 5 3
2968750.0
3437500.0
316 5 3
2812500.0
3750000.0
316 5 2
2968750.0
3750000.0
316 5 2
2812500.0
3437500.0
316 5 3
2812500.0
3281250.0
316 5 3
2812500.0
3437500.0
316 5 2
2812500.0
2812500.0
316 5 2
2812500.0
3125000.0
316 5 2
2968750.0
2968750.0
316 5 2
2968750.0
2968750.0
316 5 2
2656250.0
3281250.0
316 5 2
2968750.0
3281250.0
316 5 3
2812500.0
3125000.0
316 5 2
2968750.0
3281250.0
316 5 2
2812500.0
3125000.0
316 5 2
2968750.0
2812500.0
316 5 2
2812500.0
3437500.0
316 5 3
2812500.0
3281250.0
316 5 2
2968750.0
2656250.0
316 5 2
2968750.0
2812500.0
316 5 2
2812500.0
3437500.0
316 5 2
2812500.0
3593750.0
316 5 2
3125000.0
2968750.0
316 5 3
2968750.0
2500000.0
316 5 2
2812500.0
3593750.0
316 5 3
2812500.0
2656250.0
316 5 2
2968750.0
3125000.0
316 5 2
2968750.0
2656250.0
316 5 2
3281250.0
2656250.0
316 5 3
2968750.0
2656250.0
316 5 2
3281250.0
2812500.0
562 5 2
7500000.0
7500000.0
562 5 3
6875000.0
8125000.0
562 5 2
6875000.0
7500000.0
562 5 3
6875000.0
8750000.0
562 5 2
6875000.0
7500000.0
562 5 3
6875000.0
8750000.0
562 5 3
6875000.0
6875000.0
562 5 3
6875000.0
6875000.0
562 5 3
6875000.0
8125000.0
562 5 3
6875000.0
7500000.0
562 5 3
6875000.0
6875000.0
562 5 3
6875000.0
6875000.0
562 5 3
6875000.0
7500000.0
562 5 2
6875000.0
8750000.0
562 5 3
6875000.0
7500000.0
562 5 2
6875000.0
7500000.0
562 5 3
6875000.0
8750000.0
562 5 3
6875000.0
6875000.0
562 5 3
8125000.0
8125000.0
562 5 3
7500000.0
7500000.0
562 5 3
6875000.0
8125000.0
562 5 2
8125000.0
7500000.0
562 5 2
6875000.0
6875000.0
562 5 3
8125000.0
7500000.0
562 5 3
8125000.0
7500000.0
562 5 3
8125000.0
7500000.0
562 5 3
7187500.0
6875000.0
562 5 3
7500000.0
7500000.0
562 5 3
7500000.0
6875000.0
562 5 3
7187500.0
8125000.0
562 5 3
7500000.0
6875000.0
562 5 3
7500000.0
7500000.0
1000 5 3
1.5E7
3.0E7
1000 5 3
1.625E7
2.75E7
1000 5 3
1.625E7
2.75E7
1000 5 3
1.5E7
2.375E7
1000 5 3
1.625E7
3.25E7
1000 5 3
1.5E7
2.75E7
1000 5 3
1.5E7
2.5E7
1000 5 3
1.5E7
2.125E7
1000 5 3
1.625E7
2.0E7
1000 5 3
1.625E7
2.625E7
1000 5 3
1.5E7
2.25E7
1000 5 3
1.625E7
2.25E7
1000 5 3
1.5E7
2.125E7
1000 5 3
1.75E7
2.25E7
1000 5 3
1.625E7
2.25E7
1000 5 3
1.5E7
2.875E7
1000 5 3
1.5E7
2.125E7
1000 5 3
1.625E7
2.125E7
1000 5 3
1.75E7
3.0E7
1000 5 3
1.625E7
2.125E7
1000 5 3
1.625E7
2.0E7
1000 5 3
1.75E7
2.75E7
1000 5 3
2.0E7
2.25E7
1000 5 3
1.625E7
2.75E7
1000 5 3
1.625E7
2.0E7
1000 5 3
1.625E7
2.25E7
1000 5 3
1.625E7
2.0E7
1000 5 3
2.25E7
2.125E7
1000 5 3
1.875E7
2.125E7
1000 5 3
1.625E7
2.25E7
1000 5 3
1.875E7
2.375E7
1778 5 3
4.0E7
6.5E7
1778 5 3
4.0E7
6.5E7
1000 5 3
1.75E7
2.5E7
1778 5 3
3.75E7
6.5E7
1778 5 4
3.75E7
7.0E7
1778 5 3
3.75E7
7.0E7
1778 5 3
3.75E7
6.0E7
1778 5 3
3.75E7
6.5E7
1778 5 4
4.0E7
6.0E7
1778 5 3
3.75E7
6.5E7
1778 5 4
4.0E7
6.5E7
1778 5 3
4.0E7
5.5E7
1778 5 3
3.75E7
5.5E7
1778 5 3
4.5E7
6.0E7
1778 5 3
4.5E7
7.0E7
1778 5 3
4.0E7
8.0E7
1778 5 4
4.0E7
5.5E7
1778 5 3
4.5E7
5.5E7
1778 5 3
4.0E7
8.0E7
1778 5 3
3.75E7
5.5E7
1778 5 3
4.25E7
6.5E7
1778 5 4
3.5E7
6.0E7
1778 5 3
3.75E7
7.0E7
1778 5 3
4.25E7
6.0E7
1778 5 3
4.0E7
5.5E7
1778 5 4
3.75E7
7.5E7
1778 5 3
3.75E7
6.0E7
1778 5 3
3.75E7
5.5E7
1778 5 4
3.75E7
7.0E7
1778 5 3
3.5E7
6.0E7
1778 5 3
3.75E7
5.5E7
1778 5 3
4.75E7
7.0E7
1778 5 3
4.25E7
6.5E7
3162 5 4
8.0E7
2.1E8
3162 5 4
8.5E7
2.3E8
3162 5 4
8.0E7
2.3E8
3162 5 4
8.5E7
2.1E8
3162 5 4
8.5E7
2.3E8
3162 5 4
8.0E7
2.3E8
3162 5 4
8.0E7
2.4E8
3162 5 3
9.0E7
2.4E8
3162 5 4
8.5E7
2.3E8
3162 5 4
9.5E7
2.3E8
3162 5 4
8.5E7
2.0E8
3162 5 4
8.5E7
2.1E8
3162 5 4
8.5E7
2.6E8
3162 5 4
8.5E7
2.1E8
3162 5 4
9.5E7
2.4E8
3162 5 4
1.0E8
2.2E8
3162 5 4
9.5E7
2.4E8
3162 5 4
1.0E8
2.0E8
3162 5 4
9.5E7
2.3E8
3162 5 4
9.5E7
2.5E8
3162 5 4
9.5E7
2.6E8
3162 5 4
1.0E8
2.1E8
3162 5 4
9.5E7
2.3E8
3162 5 4
9.5E7
2.0E8
3162 5 4
8.5E7
2.1E8
3162 5 3
9.0E7
2.4E8
3162 5 4
9.0E7
2.1E8
3162 5 4
9.0E7
1.9E8
3162 5 3
8.5E7
2.2E8
3162 5 4
9.0E7
2.4E8
3162 5 4
8.5E7
2.1E8
3162 5 4
9.5E7
2.4E8
5623 5 4
2.0E8
7.6E8
5623 5 4
1.9E8
7.1E8
5623 5 5
2.0E8
8.4E8
5623 5 4
1.9E8
7.4E8
5623 5 4
1.9E8
8.2E8
5623 5 4
1.9E8
7.4E8
5623 5 5
2.2E8
8.3E8
5623 5 4
2.1E8
8.4E8
5623 5 4
1.9E8
7.8E8
5623 5 4
1.8E8
8.1E8
5623 5 4
2.1E8
8.6E8
5623 5 5
2.1E8
8.9E8
5623 5 4
1.9E8
8.0E8
5623 5 4
2.0E8
7.9E8
5623 5 4
1.8E8
8.7E8
5623 5 4
1.9E8
8.4E8
5623 5 4
1.9E8
8.9E8
5623 5 4
2.0E8
8.8E8
5623 5 4
1.9E8
8.1E8
5623 5 4
1.9E8
8.1E8
5623 5 4
1.9E8
8.3E8
5623 5 4
2.0E8
8.0E8
5623 5 4
2.1E8
8.2E8
5623 5 4
2.1E8
7.4E8
5623 5 4
2.0E8
7.7E8
5623 5 4
1.9E8
9.0E8
5623 5 4
1.9E8
9.1E8
5623 5 4
2.1E8
8.6E8
5623 5 4
2.0E8
8.8E8
5623 5 4
2.4E8
8.1E8
5623 5 4
2.1E8
8.3E8
5623 5 4
2.8E8
8.4E8
10000 5 4
4.1E8
2.28E9
10000 5 5
4.1E8
2.32E9
10000 5 4
4.1E8
2.31E9
10000 5 5
4.0E8
2.42E9
10000 5 4
4.1E8
2.38E9
10000 5 4
4.1E8
2.33E9
10000 5 5
4.0E8
2.63E9
10000 5 5
4.2E8
2.63E9
10000 5 5
4.2E8
2.46E9
10000 5 4
4.0E8
2.7E9
10000 5 5
4.4E8
2.5E9
10000 5 4
4.2E8
2.68E9
10000 5 4
4.3E8
2.8E9
10000 5 4
4.2E8
2.78E9
10000 5 5
4.4E8
2.74E9
10000 5 4
4.4E8
2.81E9
10000 5 5
4.2E8
2.75E9
10000 5 5
4.2E8
2.81E9
10000 5 4
4.1E8
2.76E9
10000 5 5
4.3E8
2.75E9
10000 5 5
4.4E8
2.65E9
10000 5 5
4.3E8
2.73E9
10000 5 5
4.7E8
2.6E9
10000 5 4
4.5E8
2.81E9
10000 5 5
4.8E8
2.53E9
10000 5 4
5.2E8
2.58E9
10000 5 4
4.0E8
2.79E9
10000 5 4
4.4E8
2.71E9
10000 5 5
4.4E8
2.87E9
10000 5 5
4.7E8
2.71E9
10000 5 5
5.0E8
2.55E9
10000 5 5
4.5E8
2.9E9
17782 5 5
1.01E9
7.12E9
17782 5 5
9.1E8
7.87E9
17782 5 5
9.2E8
7.66E9
17782 5 5
9.2E8
8.3E9
17782 5 5
9.5E8
8.19E9
17782 5 5
9.2E8
8.61E9
17782 5 5
9.6E8
8.55E9
17782 5 5
9.5E8
8.86E9
17782 5 5
9.3E8
9.01E9
17782 5 5
9.3E8
9.06E9
17782 5 5
9.0E8
9.38E9
17782 5 5
1.03E9
8.69E9
17782 5 5
9.4E8
9.36E9
17782 5 5
9.9E8
9.42E9
17782 5 5
8.9E8
9.65E9
17782 5 5
9.4E8
9.54E9
17782 5 6
9.1E8
9.73E9
17782 5 5
1.02E9
9.4E9
17782 5 5
9.9E8
9.55E9
17782 5 5
1.0E9
9.94E9
17782 5 5
9.7E8
9.86E9
17782 5 5
1.01E9
9.91E9
17782 5 5
9.8E8
9.65E9
17782 5 5
1.01E9
9.63E9
17782 5 5
1.04E9
9.6E9
17782 5 5
9.9E8
1.002E10
17782 5 5
9.9E8
9.94E9
17782 5 5
9.9E8
9.43E9
17782 5 5
9.8E8
1.017E10
17782 5 5
1.06E9
1.018E10
17782 5 5
1.06E9
9.63E9
17782 5 5
9.1E8
1.013E10
31622 5 6
2.18E9
2.468E10
31622 5 5
2.06E9
2.364E10
31622 5 6
2.14E9
2.582E10
31622 5 5
2.18E9
2.483E10
31622 5 5
2.06E9
2.614E10
31622 5 5
2.16E9
2.695E10
31622 5 5
2.07E9
2.826E10
31622 5 5
2.02E9
2.835E10
31622 5 6
2.04E9
2.859E10
31622 5 6
2.0E9
3.154E10
31622 5 6
2.31E9
2.904E10
31622 5 6
2.13E9
3.025E10
31622 5 6
2.11E9
3.094E10
31622 5 5
2.03E9
3.146E10
31622 5 6
2.14E9
2.95E10
31622 5 6
2.1E9
3.032E10
31622 5 7
2.22E9
3.023E10
31622 5 5
2.29E9
3.008E10
31622 5 5
2.13E9
3.196E10
31622 5 6
2.16E9
3.034E10
31622 5 5
2.11E9
3.135E10
31622 5 6
2.19E9
3.169E10
31622 5 5
2.13E9
3.235E10
31622 5 6
2.4E9
3.062E10
31622 5 5
2.28E9
3.143E10
31622 5 6
2.19E9
3.257E10
31622 5 5
2.27E9
3.095E10
31622 5 6
2.1E9
3.377E10
31622 5 6
2.28E9
3.26E10
31622 5 6
2.25E9
3.281E10
31622 5 5
2.51E9
3.206E10
31622 5 5
2.32E9
3.368E10
56234 5 6
4.12E9
8.58E10
56234 5 6
4.78E9
9.246E10
56234 5 6
4.66E9
8.94E10
56234 5 6
4.43E9
9.382E10
56234 5 6
4.6E9
9.463E10
56234 5 6
4.79E9
9.453E10
56234 5 6
4.87E9
9.795E10
56234 5 6
4.84E9
1.0167E11
56234 5 6
5.16E9
1.0414E11
56234 5 6
5.07E9
9.832E10
56234 5 7
5.15E9
1.0275E11
56234 5 6
4.73E9
1.0417E11
56234 5 6
4.73E9
1.0548E11
56234 5 6
5.03E9
1.0807E11
56234 5 6
5.51E9
1.074E11
56234 5 6
4.81E9
1.0887E11
56234 5 6
5.17E9
1.0534E11
56234 5 6
4.96E9
1.0571E11
56234 5 6
4.36E9
1.0946E11
56234 5 6
5.75E9
1.0678E11
56234 5 6
5.62E9
1.0812E11
56234 5 6
4.63E9
1.0995E11
56234 5 6
4.79E9
1.0736E11
56234 5 6
4.71E9
1.1255E11
56234 5 6
5.16E9
1.1249E11
56234 5 6
5.0E9
1.1681E11
56234 5 7
4.74E9
1.1639E11
56234 5 6
4.88E9
1.2284E11
56234 5 6
4.67E9
1.2604E11
56234 5 6
5.02E9
1.2641E11
56234 5 6
5.54E9
1.2529E11
56234 5 6
4.8E9
1.2923E11
100000 5 7
1.141E10
2.8229E11
100000 5 7
1.088E10
3.3362E11
100000 5 6
1.228E10
3.0986E11
100000 5 7
1.309E10
3.08E11
100000 5 7
1.287E10
3.0957E11
100000 5 7
1.051E10
3.2005E11
100000 5 6
1.212E10
3.5426E11
100000 5 6
1.11E10
3.276E11
100000 5 7
1.305E10
3.2066E11
100000 5 7
9.54E9
3.364E11
100000 5 7
1.303E10
3.3996E11
100000 5 7
1.113E10
3.6601E11
100000 5 7
1.269E10
3.4563E11
100000 5 7
1.03E10
3.4773E11
100000 5 7
1.01E10
3.5373E11
100000 5 7
1.206E10
3.5841E11
100000 5 7
1.094E10
3.8101E11
100000 5 7
1.034E10
3.6449E11
100000 5 7
1.114E10
3.8231E11
100000 5 7
9.4E9
3.6074E11
100000 5 7
1.159E10
3.4755E11
100000 5 7
1.094E10
3.7294E11
100000 5 7
1.001E10
3.8716E11
100000 5 7
1.158E10
3.5039E11
100000 5 7
1.058E10
3.7778E11
100000 5 6
9.97E9
3.802E11
100000 5 7
1.161E10
3.6991E11
100000 5 7
1.537E10
3.6048E11
100000 5 6
9.07E9
3.7705E11
100000 5 7
1.146E10
3.7027E11
100000 5 7
1.177E10
4.0764E11
100000 5 7
1.199E10
4.0877E11
