100 5 2
468750.0
859375.0
100 5 2
468750.0
468750.0
100 5 2
507812.5
429687.5
100 5 2
468750.0
429687.5
100 5 2
468750.0
429687.5
100 5 2
468750.0
468750.0
100 5 2
507812.5
429687.5
100 5 2
507812.5
429687.5
100 5 2
507812.5
429687.5
100 5 2
468750.0
429687.5
100 5 2
507812.5
468750.0
100 5 2
507812.5
507812.5
100 5 2
468750.0
546875.0
100 5 2
546875.0
429687.5
100 5 2
507812.5
429687.5
100 5 2
468750.0
468750.0
100 5 2
468750.0
546875.0
100 5 2
507812.5
507812.5
100 5 2
468750.0
429687.5
100 5 2
507812.5
371093.75
100 5 2
507812.5
351562.5
100 5 2
468750.0
371093.75
100 5 2
507812.5
390625.0
100 5 2
468750.0
371093.75
100 5 2
507812.5
371093.75
100 5 2
468750.0
351562.5
100 5 2
507812.5
390625.0
100 5 2
468750.0
351562.5
100 5 2
468750.0
371093.75
100 5 2
507812.5
371093.75
100 5 2
507812.5
390625.0
100 5 2
507812.5
371093.75
177 5 2
1171875.0
1093750.0
177 5 2
1171875.0
1015625.0
177 5 2
1171875.0
1093750.0
177 5 2
1250000.0
1015625.0
177 5 2
1171875.0
1093750.0
177 5 2
1093750.0
937500.0
177 5 2
1171875.0
1250000.0
177 5 2
1171875.0
1093750.0
177 5 2
1171875.0
1328125.0
177 5 2
1171875.0
937500.0
177 5 3
1171875.0
1015625.0
177 5 2
1250000.0
1171875.0
177 5 2
1171875.0
1250000.0
177 5 2
1171875.0
1093750.0
177 5 2
1171875.0
1250000.0
177 5 2
1093750.0
1015625.0
177 5 2
1171875.0
1328125.0
177 5 2
1250000.0
1250000.0
177 5 2
1328125.0
937500.0
177 5 2
1171875.0
937500.0
177 5 2
1171875.0
1015625.0
177 5 2
1250000.0
1093750.0
177 5 2
1250000.0
937500.0
177 5 2
1171875.0
937500.0
177 5 2
1328125.0
1015625.0
177 5 2
1171875.0
937500.0
177 5 2
1250000.0
1015625.0
177 5 2
1250000.0
1015625.0
177 5 2
1484375.0
1015625.0
177 5 2
1171875.0
937500.0
177 5 2
1562500.0
937500.0
177 5 2
1250000.0
1093750.0
316 5 2
2812500.0
3437500.0
316 5 2
2812500.0
4062500.0
316 5 2
2656250.0
2968750.0
316 5 2
2968750.0
4062500.0
316 5 2
2968750.0
3437500.0
316 5 3
2656250.0
2812500.0
316 5 3
2968750.0
3437500.0
316 5 2
2812500.0
2968750.0
316 5 2
2812500.0
3125000.0
316 5 2
2812500.0
3437500.0
316 5 2
3125000.0
4062500.0
316 5 3
2656250.0
3281250.0
316 5 2
3125000.0
3750000.0
316 5 2
3125000.0
3437500.0
316 5 2
2812500.0
2968750.0
316 5 2
2968750.0
2968750.0
316 5 2
2812500.0
2812500.0
316 5 2
2812500.0
2968750.0
316 5 2
2968750.0
2968750.0
316 5 3
2656250.0
2968750.0
316 5 2
2812500.0
2812500.0
316 5 3
2812500.0
2656250.0
316 5 2
2812500.0
2656250.0
316 5 2
2812500.0
2968750.0
316 5 2
3593750.0
2968750.0
316 5 3
3437500.0
2812500.0
316 5 2
2812500.0
2656250.0
316 5 2
2968750.0
3125000.0
316 5 2
2812500.0
2968750.0
562 5 3
7500000.0
1.5E7
562 5 3
6875000.0
8750000.0
316 5 2
2968750.0
2656250.0
316 5 3
3906250.0
2812500.0
562 5 3
6875000.0
1.375E7
562 5 2
7500000.0
1.375E7
316 5 2
2968750.0
2500000.0
562 5 2
6875000.0
6875000.0
562 5 3
6875000.0
7500000.0
562 5 2
6875000.0
8750000.0
562 5 2
6875000.0
9375000.0
562 5 2
6875000.0
8125000.0
562 5 2
6875000.0
9375000.0
562 5 2
6875000.0
9375000.0
562 5 2
7500000.0
9375000.0
562 5 3
6875000.0
9375000.0
562 5 3
6875000.0
9375000.0
562 5 3
7500000.0
9375000.0
562 5 3
6875000.0
9375000.0
562 5 3
9375000.0
1.5E7
562 5 2
6875000.0
1.1875E7
562 5 3
7500000.0
6875000.0
562 5 3
8125000.0
7500000.0
562 5 2
8125000.0
7500000.0
562 5 2
8750000.0
7500000.0
562 5 3
6875000.0
8125000.0
562 5 2
7500000.0
6875000.0
562 5 3
6875000.0
7500000.0
562 5 2
9687500.0
1.0E7
562 5 3
1.0625E7
1.0E7
562 5 3
8125000.0
8125000.0
562 5 2
8125000.0
8750000.0
1000 5 3
1.625E7
3.5E7
562 5 2
1.0E7
8125000.0
562 5 3
9375000.0
1.25E7
1000 5 3
1.5E7
2.75E7
1000 5 3
1.5E7
2.0E7
1000 5 3
1.875E7
4.5E7
562 5 2
8125000.0
1.3125E7
1000 5 2
1.5E7
2.0E7
1000 5 3
1.625E7
2.25E7
1000 5 3
2.125E7
2.75E7
1000 5 3
1.625E7
2.25E7
1000 5 3
1.75E7
2.75E7
1000 5 3
1.875E7
3.5E7
1000 5 3
1.875E7
1.875E7
1000 5 3
2.125E7
3.0E7
1000 5 3
1.5E7
2.25E7
1000 5 3
1.75E7
2.5E7
1000 5 3
1.75E7
2.375E7
1000 5 3
1.625E7
2.75E7
1000 5 3
2.25E7
3.25E7
1000 5 3
2.75E7
2.75E7
1000 5 3
1.5E7
3.25E7
1000 5 3
1.5E7
2.75E7
1000 5 3
1.75E7
2.25E7
1000 5 3
1.875E7
2.375E7
1000 5 3
2.25E7
2.375E7
1000 5 3
1.75E7
2.25E7
1000 5 3
1.75E7
2.375E7
1000 5 3
2.0E7
2.25E7
1000 5 3
2.0E7
3.25E7
1000 5 3
1.75E7
2.25E7
1778 5 3
4.5E7
1.2E8
1000 5 3
2.25E7
3.5E7
1778 5 3
4.0E7
1.3E8
1778 5 3
3.75E7
6.5E7
1778 5 3
3.75E7
6.5E7
1000 5 3
1.625E7
2.25E7
1778 5 3
4.0E7
7.0E7
1000 5 3
1.75E7
2.75E7
1778 5 3
4.25E7
8.0E7
1778 5 3
4.0E7
7.0E7
1778 5 3
3.75E7
7.5E7
1778 5 3
3.75E7
7.0E7
1778 5 3
3.75E7
7.0E7
1778 5 3
3.75E7
7.5E7
1778 5 3
5.0E7
1.1E8
1000 5 3
2.375E7
2.5E7
1778 5 3
4.5E7
5.5E7
1778 5 3
4.75E7
5.5E7
1778 5 3
4.25E7
7.0E7
1778 5 3
4.0E7
7.0E7
1778 5 3
4.25E7
7.5E7
1778 5 3
6.5E7
9.0E7
1778 5 3
5.0E7
1.3E8
1778 5 3
4.75E7
7.0E7
1778 5 3
4.0E7
8.0E7
1778 5 3
3.5E7
6.5E7
1778 5 3
3.75E7
1.2E8
1778 5 3
3.75E7
1.1E8
1778 5 3
4.0E7
8.0E7
1778 5 3
4.75E7
1.2E8
1778 5 3
3.75E7
6.0E7
1778 5 3
4.75E7
6.0E7
1778 5 3
4.0E7
8.0E7
1778 5 3
4.75E7
1.8E8
3162 5 3
8.0E7
2.1E8
1778 5 3
4.25E7
7.5E7
3162 5 3
8.5E7
2.2E8
1778 5 3
4.5E7
6.5E7
3162 5 3
9.0E7
2.7E8
3162 5 3
9.0E7
2.7E8
3162 5 3
8.5E7
2.9E8
3162 5 3
9.0E7
2.9E8
3162 5 3
9.5E7
2.8E8
3162 5 3
8.0E7
2.8E8
3162 5 3
1.3E8
3.8E8
3162 5 3
9.0E7
3.0E8
3162 5 3
9.0E7
2.0E8
3162 5 3
1.0E8
2.6E8
3162 5 3
1.05E8
2.6E8
3162 5 3
1.0E8
2.4E8
3162 5 3
1.0E8
2.8E8
3162 5 3
1.0E8
2.8E8
3162 5 3
8.5E7
2.2E8
3162 5 3
1.4E8
4.0E8
3162 5 3
8.5E7
2.3E8
3162 5 3
8.5E7
2.2E8
3162 5 3
1.5E8
4.1E8
3162 5 3
1.5E8
4.0E8
3162 5 3
8.0E7
2.1E8
3162 5 3
8.5E7
2.7E8
3162 5 3
9.0E7
2.8E8
3162 5 3
1.0E8
2.9E8
3162 5 3
1.3E8
5.0E8
3162 5 3
1.3E8
4.9E8
3162 5 3
1.3E8
5.1E8
3162 5 3
1.8E8
6.2E8
3162 5 3
1.2E8
5.1E8
3162 5 3
1.25E8
6.1E8
5623 5 3
1.9E8
6.9E8
5623 5 3
2.0E8
8.0E8
5623 5 3
1.8E8
8.0E8
5623 5 3
2.2E8
9.1E8
5623 5 3
1.9E8
6.7E8
5623 5 3
1.9E8
9.5E8
5623 5 3
1.9E8
6.9E8
5623 5 3
2.3E8
7.7E8
5623 5 3
2.0E8
9.0E8
5623 5 3
2.2E8
9.5E8
5623 5 3
2.0E8
9.0E8
5623 5 3
2.1E8
9.7E8
5623 5 3
1.9E8
6.5E8
5623 5 3
2.2E8
1.04E9
5623 5 3
2.1E8
9.7E8
5623 5 3
2.3E8
1.03E9
5623 5 3
2.3E8
9.6E8
5623 5 3
2.0E8
8.8E8
5623 5 3
2.0E8
9.0E8
5623 5 3
2.1E8
9.4E8
5623 5 3
2.2E8
8.8E8
5623 5 3
3.1E8
6.2E8
5623 5 3
2.0E8
1.24E9
5623 5 3
2.5E8
8.5E8
5623 5 3
2.3E8
1.31E9
5623 5 3
3.6E8
1.14E9
5623 5 3
2.3E8
1.0E9
5623 5 3
3.7E8
1.32E9
5623 5 3
3.1E8
1.49E9
5623 5 3
2.5E8
1.43E9
5623 5 3
3.1E8
1.65E9
5623 5 3
4.3E8
1.72E9
10000 5 3
4.3E8
2.04E9
10000 5 3
4.1E8
2.17E9
10000 5 3
4.3E8
2.08E9
10000 5 3
4.5E8
2.32E9
10000 5 3
4.5E8
2.39E9
10000 5 3
4.3E8
2.11E9
10000 5 3
4.5E8
2.18E9
10000 5 3
4.4E8
2.17E9
10000 5 3
4.1E8
2.68E9
10000 5 3
4.4E8
2.78E9
10000 5 3
4.8E8
2.76E9
10000 5 3
4.8E8
2.69E9
10000 5 3
4.7E8
2.87E9
10000 5 3
5.2E8
3.06E9
10000 5 3
4.8E8
2.97E9
10000 5 3
4.4E8
2.97E9
10000 5 3
4.1E8
3.03E9
10000 5 3
6.1E8
2.66E9
10000 5 3
4.4E8
2.79E9
10000 5 3
5.1E8
3.22E9
10000 5 3
5.2E8
2.91E9
10000 5 3
5.7E8
2.93E9
10000 5 3
4.9E8
2.93E9
10000 5 3
5.3E8
3.24E9
10000 5 3
8.9E8
3.14E9
10000 5 3
5.2E8
3.02E9
10000 5 3
8.3E8
2.59E9
10000 5 3
5.4E8
4.31E9
10000 5 3
8.9E8
3.7E9
10000 5 3
8.1E8
4.98E9
10000 5 3
7.9E8
4.88E9
10000 5 3
7.4E8
5.98E9
17782 5 3
9.1E8
7.73E9
17782 5 3
9.0E8
7.44E9
17782 5 3
9.9E8
7.72E9
17782 5 3
9.1E8
7.24E9
17782 5 3
9.3E8
7.34E9
17782 5 3
8.9E8
8.34E9
17782 5 3
9.8E8
8.95E9
17782 5 3
1.1E9
8.48E9
17782 5 3
1.14E9
8.29E9
17782 5 3
1.28E9
8.27E9
17782 5 3
1.07E9
8.8E9
17782 5 3
1.07E9
9.07E9
17782 5 3
9.6E8
1.008E10
17782 5 3
9.6E8
9.19E9
17782 5 3
9.7E8
9.27E9
17782 5 3
1.16E9
9.43E9
17782 5 3
9.5E8
7.77E9
17782 5 3
1.05E9
1.0E10
17782 5 3
9.7E8
1.053E10
17782 5 3
9.8E8
9.88E9
17782 5 3
1.06E9
1.01E10
17782 5 3
1.03E9
1.058E10
17782 5 3
1.02E9
1.068E10
17782 5 3
1.07E9
1.184E10
17782 5 3
1.55E9
1.287E10
17782 5 3
9.4E8
9.58E9
17782 5 3
1.21E9
1.332E10
17782 5 3
1.67E9
1.33E10
17782 5 3
1.48E9
1.366E10
17782 5 3
1.49E9
1.472E10
17782 5 3
1.74E9
1.568E10
17782 5 3
1.46E9
1.555E10
31622 5 3
1.99E9
2.936E10
31622 5 3
2.72E9
2.878E10
31622 5 3
2.16E9
3.031E10
31622 5 3
2.0E9
2.904E10
31622 5 3
2.43E9
2.74E10
31622 5 3
2.09E9
2.991E10
31622 5 3
2.06E9
3.375E10
31622 5 3
2.73E9
2.584E10
31622 5 3
2.27E9
3.352E10
31622 5 3
2.23E9
3.508E10
31622 5 3
2.68E9
3.466E10
31622 5 3
2.78E9
3.749E10
31622 5 3
2.43E9
3.622E10
31622 5 3
2.62E9
3.247E10
31622 5 3
2.34E9
3.644E10
31622 5 3
2.35E9
3.808E10
31622 5 3
2.37E9
3.577E10
31622 5 3
2.52E9
2.947E10
31622 5 3
2.5E9
3.83E10
31622 5 3
2.3E9
3.869E10
31622 5 3
2.45E9
3.884E10
31622 5 3
1.86E9
3.021E10
31622 5 3
2.41E9
3.616E10
31622 5 3
2.48E9
4.042E10
31622 5 3
3.29E9
3.144E10
31622 5 3
2.54E9
4.137E10
31622 5 3
3.29E9
3.292E10
31622 5 3
2.27E9
4.678E10
31622 5 3
2.39E9
4.98E10
31622 5 3
2.49E9
4.9E10
31622 5 3
2.76E9
5.042E10
31622 5 3
3.54E9
4.935E10
56234 5 3
4.48E9
9.745E10
56234 5 3
4.56E9
1.0693E11
56234 5 3
4.36E9
1.1477E11
56234 5 3
4.51E9
1.1357E11
56234 5 3
4.45E9
1.2098E11
56234 5 3
4.78E9
1.111E11
56234 5 3
4.61E9
1.1022E11
56234 5 3
5.17E9
1.1961E11
56234 5 3
4.31E9
1.1582E11
56234 5 3
4.48E9
1.3499E11
56234 5 3
4.6E9
1.2816E11
56234 5 3
4.66E9
1.303E11
56234 5 3
5.43E9
1.2994E11
56234 5 3
4.33E9
1.3173E11
56234 5 3
5.02E9
1.3833E11
56234 5 3
4.54E9
1.2814E11
56234 5 3
5.29E9
1.3184E11
56234 5 3
5.29E9
1.3409E11
56234 5 3
5.9E9
1.27E11
56234 5 3
5.46E9
1.3717E11
56234 5 3
6.1E9
1.341E11
56234 5 3
5.22E9
1.4158E11
56234 5 3
4.88E9
1.2956E11
56234 5 3
4.79E9
1.2945E11
56234 5 3
6.81E9
1.3081E11
56234 5 3
4.97E9
1.4369E11
56234 5 3
5.55E9
1.3118E11
56234 5 3
6.72E9
1.2623E11
56234 5 3
6.04E9
1.4701E11
56234 5 3
5.21E9
1.5714E11
56234 5 3
6.17E9
1.5344E11
56234 5 3
5.39E9
1.729E11
100000 5 3
8.89E9
3.7679E11
100000 5 3
9.74E9
3.6112E11
100000 5 3
9.47E9
4.0094E11
100000 5 3
9.86E9
3.9146E11
100000 5 3
9.71E9
3.9464E11
100000 5 3
9.57E9
4.0779E11
100000 5 3
9.32E9
4.0592E11
100000 5 3
9.48E9
4.2708E11
100000 5 3
9.3E9
3.9845E11
100000 5 3
1.024E10
4.1268E11
100000 5 3
9.14E9
4.333E11
100000 5 3
9.98E9
4.0939E11
100000 5 3
9.78E9
4.1323E11
100000 5 3
9.87E9
4.4711E11
100000 5 3
9.53E9
4.3286E11
100000 5 3
9.46E9
4.4604E11
100000 5 3
1.001E10
4.4078E11
100000 5 3
8.89E9
3.9689E11
100000 5 3
8.75E9
4.6842E11
100000 5 3
1.157E10
4.3092E11
100000 5 3
9.29E9
4.2278E11
100000 5 3
9.76E9
4.425E11
100000 5 3
1.202E10
4.2973E11
100000 5 3
1.253E10
4.3798E11
100000 5 3
9.76E9
4.3401E11
100000 5 3
9.09E9
4.7132E11
100000 5 3
1.07E10
4.5068E11
100000 5 3
9.45E9
4.4029E11
100000 5 3
1.295E10
4.4986E11
100000 5 3
1.245E10
4.4898E11
100000 5 3
1.212E10
4.4727E11
100000 5 3
1.198E10
4.4992E11
