100 10 1
546875.0
429687.5
429687.5
100 10 1
546875.0
468750.0
468750.0
100 10 1
546875.0
468750.0
468750.0
100 10 1
546875.0
429687.5
468750.0
100 10 1
546875.0
468750.0
429687.5
100 10 1
546875.0
429687.5
468750.0
100 10 1
546875.0
468750.0
468750.0
100 10 1
585937.5
468750.0
546875.0
316 10 1
3750000.0
2968750.0
3437500.0
316 10 1
3750000.0
2968750.0
3437500.0
316 10 1
3437500.0
3281250.0
4375000.0
316 10 1
3750000.0
3125000.0
3750000.0
316 10 1
3750000.0
2812500.0
3750000.0
177 10 1
1328125.0
1015625.0
1093750.0
316 10 1
3750000.0
2812500.0
3750000.0
562 10 1
8750000.0
8750000.0
9375000.0
177 10 1
1328125.0
1093750.0
1171875.0
177 10 1
1328125.0
1093750.0
1250000.0
316 10 1
3437500.0
3593750.0
4687500.0
100 10 1
585937.5
429687.5
449218.75
177 10 1
1406250.0
1171875.0
1093750.0
177 10 1
1406250.0
1015625.0
1171875.0
100 10 1
546875.0
449218.75
546875.0
177 10 1
1562500.0
1171875.0
1171875.0
177 10 1
1484375.0
1171875.0
1171875.0
177 10 1
1250000.0
1250000.0
1250000.0
562 10 1
8750000.0
1.0625E7
1.125E7
316 10 1
3437500.0
3125000.0
2812500.0
316 10 1
3750000.0
3125000.0
2812500.0
177 10 1
1406250.0
1171875.0
1093750.0
177 10 1
1250000.0
1406250.0
1093750.0
316 10 1
3437500.0
4062500.0
4218750.0
1778 10 1
6.0E7
1.8E8
1.2E8
1778 10 1
6.0E7
2.1E8
1.5E8
562 10 1
9375000.0
8125000.0
1.0625E7
562 10 1
9375000.0
8750000.0
1.125E7
1778 10 1
6.0E7
8.0E7
7.0E7
562 10 1
8750000.0
9375000.0
1.125E7
562 10 1
9375000.0
8750000.0
1.0625E7
562 10 1
8750000.0
8125000.0
1.375E7
1778 10 1
6.5E7
1.8E8
9.5E7
1000 10 1
2.25E7
3.25E7
2.75E7
1000 10 1
2.25E7
3.75E7
3.0E7
1778 10 1
5.5E7
9.5E7
8.0E7
1000 10 1
2.25E7
3.25E7
3.25E7
562 10 1
9375000.0
1.0E7
1.0E7
1778 10 1
6.0E7
8.5E7
6.5E7
1778 10 1
5.5E7
1.0E8
7.5E7
562 10 1
8750000.0
1.0625E7
8750000.0
1000 10 1
2.5E7
3.25E7
2.75E7
1000 10 1
2.375E7
3.25E7
3.0E7
1778 10 1
6.0E7
1.15E8
6.5E7
1778 10 1
5.5E7
1.2E8
7.5E7
562 10 1
1.0E7
1.5625E7
8125000.0
3162 10 1
1.5E8
2.9E8
1.5E8
1778 10 1
5.5E7
1.95E8
6.0E7
1000 10 1
2.375E7
5.5E7
2.25E7
1000 10 1
2.625E7
3.0E7
2.375E7
3162 10 1
1.5E8
4.1E8
1.5E8
1000 10 1
2.375E7
3.25E7
2.25E7
1000 10 1
2.5E7
3.75E7
2.25E7
1000 10 1
2.5E7
4.25E7
2.375E7
3162 10 1
2.2E8
4.1E8
1.5E8
3162 10 1
2.1E8
2.7E8
1.4E8
3162 10 1
1.6E8
2.2E8
1.3E8
3162 10 1
1.5E8
2.0E8
1.4E8
3162 10 1
1.4E8
2.1E8
1.4E8
3162 10 1
1.4E8
2.0E8
1.4E8
3162 10 1
1.6E8
2.1E8
1.4E8
3162 10 1
1.6E8
2.2E8
1.5E8
5623 10 1
3.6E8
6.3E8
3.6E8
5623 10 1
3.6E8
7.0E8
3.8E8
5623 10 1
3.6E8
7.4E8
4.0E8
5623 10 1
3.7E8
7.7E8
4.3E8
5623 10 1
3.6E8
8.3E8
4.0E8
5623 10 1
3.8E8
8.9E8
3.8E8
5623 10 1
3.8E8
8.5E8
3.8E8
5623 10 1
3.8E8
9.1E8
3.7E8
5623 10 1
3.7E8
8.8E8
4.0E8
5623 10 1
3.6E8
9.9E8
3.7E8
10000 10 1
9.7E8
2.69E9
9.1E8
10000 10 1
9.5E8
2.85E9
8.9E8
10000 10 1
9.3E8
2.92E9
9.3E8
10000 10 1
9.3E8
3.07E9
9.3E8
10000 10 1
9.0E8
2.99E9
9.9E8
10000 10 1
1.1E9
2.98E9
9.0E8
10000 10 1
1.02E9
2.49E9
1.05E9
10000 10 1
9.2E8
3.13E9
9.0E8
10000 10 1
8.7E8
3.12E9
8.9E8
10000 10 1
1.01E9
3.3E9
9.0E8
17782 10 1
2.36E9
8.63E9
2.2E9
17782 10 1
2.27E9
9.01E9
2.15E9
17782 10 1
2.4E9
9.09E9
2.18E9
17782 10 1
2.37E9
9.43E9
2.22E9
17782 10 1
2.26E9
9.34E9
2.13E9
17782 10 1
2.26E9
9.21E9
2.37E9
17782 10 1
2.17E9
9.59E9
2.23E9
17782 10 1
2.24E9
9.55E9
2.22E9
17782 10 1
2.21E9
9.62E9
2.21E9
17782 10 1
2.25E9
1.028E10
2.17E9
31622 10 1
5.28E9
2.824E10
5.16E9
31622 10 1
5.66E9
3.323E10
5.24E9
31622 10 1
6.25E9
3.237E10
5.25E9
31622 10 1
6.14E9
3.378E10
5.71E9
31622 10 1
5.29E9
3.397E10
5.87E9
31622 10 1
5.65E9
3.441E10
5.25E9
31622 10 1
5.43E9
3.597E10
5.24E9
31622 10 1
5.63E9
3.524E10
5.33E9
31622 10 1
6.36E9
3.467E10
5.43E9
31622 10 1
5.43E9
3.649E10
5.45E9
56234 10 1
1.321E10
1.1906E11
1.167E10
56234 10 1
1.319E10
1.235E11
1.216E10
56234 10 1
1.34E10
1.1929E11
1.258E10
56234 10 1
1.328E10
1.211E11
1.081E10
56234 10 1
1.312E10
1.2168E11
1.21E10
56234 10 1
1.295E10
1.2308E11
1.191E10
56234 10 1
1.41E10
1.286E11
1.154E10
56234 10 1
1.304E10
1.2541E11
1.197E10
56234 10 1
1.314E10
1.2569E11
1.218E10
56234 10 1
1.34E10
1.2782E11
1.237E10
100000 10 1
3.768E10
2.9235E11
2.511E10
100000 10 1
3.207E10
3.0986E11
2.537E10
100000 10 1
3.123E10
3.124E11
2.495E10
100000 10 1
3.121E10
3.1765E11
2.554E10
100000 10 1
3.142E10
3.1611E11
2.525E10
100000 10 1
3.431E10
3.2646E11
2.552E10
100000 10 1
3.411E10
3.1678E11
2.547E10
100000 10 1
3.744E10
3.1525E11
2.762E10
100000 10 1
3.159E10
3.227E11
2.729E10
100000 10 1
3.135E10
3.303E11
2.45E10
