316 5 1
2656250.0
4062500.0
1.625E7
100 5 1
468750.0
429687.5
468750.0
100 5 1
468750.0
429687.5
429687.5
316 5 1
2812500.0
4062500.0
1.75E7
100 5 1
507812.5
390625.0
429687.5
100 5 1
468750.0
429687.5
410156.25
100 5 1
429687.5
410156.25
429687.5
100 5 1
429687.5
429687.5
429687.5
100 5 1
468750.0
429687.5
429687.5
100 5 1
468750.0
390625.0
468750.0
100 5 1
468750.0
449218.75
468750.0
177 5 1
1015625.0
1328125.0
1015625.0
177 5 1
1015625.0
1250000.0
937500.0
177 5 1
1093750.0
1171875.0
1015625.0
177 5 1
1093750.0
1250000.0
1093750.0
177 5 1
1171875.0
1093750.0
1015625.0
177 5 1
1015625.0
1171875.0
1093750.0
562 5 1
6875000.0
9375000.0
6875000.0
177 5 1
1093750.0
1250000.0
1093750.0
177 5 1
1093750.0
1171875.0
1093750.0
177 5 1
1171875.0
1250000.0
1093750.0
177 5 1
1171875.0
1250000.0
1093750.0
316 5 1
2968750.0
3437500.0
2500000.0
100 5 1
468750.0
390625.0
410156.25
316 5 1
2812500.0
3437500.0
2656250.0
316 5 1
2968750.0
3750000.0
2500000.0
316 5 1
2812500.0
4375000.0
2656250.0
316 5 1
2968750.0
3750000.0
2656250.0
316 5 1
2812500.0
3437500.0
2812500.0
316 5 1
3125000.0
3750000.0
2656250.0
562 5 1
6562500.0
1.0625E7
6562500.0
316 5 1
3125000.0
3437500.0
2968750.0
562 5 1
6875000.0
1.0E7
6875000.0
562 5 1
7500000.0
1.1875E7
7500000.0
562 5 1
6875000.0
1.1875E7
7500000.0
562 5 1
8125000.0
1.4375E7
7500000.0
562 5 1
6875000.0
1.125E7
7500000.0
562 5 1
6875000.0
1.0625E7
6875000.0
1778 5 1
3.75E7
1.8E8
5.5E7
1000 5 1
1.5E7
3.5E7
1.5E7
1000 5 1
1.625E7
3.5E7
1.875E7
1778 5 1
3.75E7
1.2E8
3.5E7
1000 5 1
1.625E7
3.75E7
1.625E7
1000 5 1
1.75E7
5.5E7
1.625E7
1000 5 1
1.625E7
3.75E7
1.625E7
1778 5 1
3.75E7
1.2E8
3.75E7
1000 5 1
1.625E7
5.5E7
1.75E7
1000 5 1
1.5E7
5.0E7
1.875E7
1778 5 1
4.0E7
1.2E8
3.5E7
1000 5 1
1.5E7
4.0E7
1.375E7
1778 5 1
4.0E7
1.1E8
3.5E7
1000 5 1
1.625E7
3.75E7
1.5E7
1778 5 1
3.5E7
1.2E8
3.75E7
1778 5 1
4.5E7
1.2E8
3.5E7
1778 5 1
5.75E7
1.2E8
3.5E7
1778 5 1
3.5E7
1.9E8
3.75E7
1000 5 1
1.75E7
5.75E7
1.5E7
1778 5 1
4.0E7
1.9E8
3.5E7
562 5 1
7500000.0
1.6875E7
6562500.0
562 5 1
7187500.0
1.0625E7
6562500.0
3162 5 1
1.1E8
3.6E8
1.1E8
3162 5 1
9.5E7
3.6E8
9.0E7
3162 5 1
1.0E8
3.4E8
1.05E8
3162 5 1
1.0E8
3.3E8
9.0E7
3162 5 1
8.0E7
3.6E8
1.1E8
3162 5 1
8.0E7
4.3E8
1.4E8
3162 5 1
9.0E7
3.7E8
1.15E8
3162 5 1
9.0E7
3.9E8
9.5E7
3162 5 1
8.0E7
3.7E8
1.0E8
3162 5 1
8.5E7
4.0E8
9.0E7
5623 5 1
2.0E8
1.32E9
2.1E8
5623 5 1
2.1E8
1.31E9
2.0E8
5623 5 1
1.8E8
1.31E9
2.2E8
5623 5 1
1.9E8
1.27E9
2.1E8
5623 5 1
2.1E8
1.38E9
2.2E8
5623 5 1
1.8E8
1.32E9
2.4E8
5623 5 1
2.0E8
1.39E9
2.8E8
5623 5 1
2.0E8
1.41E9
2.1E8
5623 5 1
1.8E8
1.45E9
2.5E8
5623 5 1
1.8E8
1.49E9
2.4E8
10000 5 1
4.5E8
4.4E9
4.9E8
10000 5 1
4.3E8
4.56E9
5.3E8
10000 5 1
5.0E8
4.46E9
5.0E8
10000 5 1
4.7E8
4.75E9
4.8E8
10000 5 1
5.2E8
4.74E9
4.9E8
10000 5 1
5.0E8
4.68E9
5.2E8
10000 5 1
4.3E8
4.88E9
5.6E8
10000 5 1
4.5E8
4.92E9
5.1E8
10000 5 1
5.4E8
5.06E9
4.9E8
10000 5 1
4.7E8
5.24E9
5.4E8
17782 5 1
1.13E9
1.55E10
9.7E8
17782 5 1
1.04E9
1.575E10
1.06E9
17782 5 1
1.18E9
1.682E10
1.15E9
17782 5 1
1.18E9
1.686E10
1.09E9
17782 5 1
9.9E8
1.674E10
1.01E9
17782 5 1
1.13E9
1.691E10
1.07E9
17782 5 1
1.19E9
1.815E10
1.07E9
17782 5 1
1.16E9
1.772E10
1.06E9
17782 5 1
1.12E9
1.797E10
9.5E8
17782 5 1
1.06E9
1.827E10
1.0E9
31622 5 1
2.62E9
6.417E10
2.11E9
31622 5 1
2.95E9
6.474E10
2.26E9
31622 5 1
2.52E9
6.764E10
2.2E9
31622 5 1
2.43E9
7.038E10
2.03E9
31622 5 1
2.54E9
6.916E10
2.24E9
31622 5 1
2.54E9
7.024E10
2.17E9
31622 5 1
2.47E9
7.15E10
2.47E9
31622 5 1
2.71E9
7.21E10
1.96E9
31622 5 1
2.65E9
7.214E10
2.27E9
31622 5 1
2.68E9
7.311E10
2.24E9
56234 5 1
5.11E9
1.8691E11
4.08E9
56234 5 1
5.3E9
1.8841E11
4.72E9
56234 5 1
5.52E9
1.9012E11
4.51E9
56234 5 1
5.49E9
1.9449E11
4.47E9
56234 5 1
5.45E9
1.9441E11
3.96E9
56234 5 1
5.63E9
1.945E11
3.68E9
56234 5 1
5.57E9
1.9763E11
4.5E9
56234 5 1
6.13E9
1.9832E11
3.47E9
56234 5 1
5.88E9
2.0303E11
3.71E9
56234 5 1
5.41E9
2.0088E11
4.1E9
100000 5 1
1.048E10
4.6222E11
7.39E9
100000 5 1
1.071E10
4.8532E11
8.21E9
100000 5 1
1.177E10
4.9944E11
8.16E9
100000 5 1
1.245E10
5.1706E11
8.28E9
100000 5 1
1.26E10
5.1873E11
8.92E9
100000 5 1
1.043E10
5.0976E11
9.17E9
100000 5 1
1.133E10
5.1071E11
8.51E9
100000 5 1
1.043E10
5.2279E11
8.84E9
100000 5 1
9.68E9
5.2415E11
9.08E9
100000 5 1
1.076E10
5.3928E11
6.06E9
