562 10 20
8750000.0
7500000.0
9375000.0
100 10 20
507812.5
332031.25
429687.5
316 10 20
3437500.0
3281250.0
3750000.0
177 10 20
1406250.0
937500.0
1015625.0
100 10 20
507812.5
371093.75
468750.0
100 10 20
546875.0
351562.5
429687.5
562 10 20
9375000.0
8750000.0
7500000.0
177 10 20
1406250.0
1015625.0
1093750.0
177 10 20
1406250.0
1093750.0
1093750.0
177 10 20
1406250.0
1015625.0
1015625.0
177 10 20
1406250.0
937500.0
1093750.0
177 10 20
1484375.0
937500.0
1093750.0
177 10 20
1406250.0
1015625.0
1015625.0
100 10 20
546875.0
371093.75
429687.5
100 10 20
546875.0
429687.5
449218.75
177 10 20
1484375.0
1015625.0
937500.0
100 10 20
585937.5
351562.5
429687.5
100 10 20
585937.5
371093.75
429687.5
316 10 20
3437500.0
2968750.0
2812500.0
177 10 20
1406250.0
937500.0
1015625.0
316 10 20
3750000.0
2968750.0
2656250.0
316 10 20
3437500.0
2656250.0
2656250.0
316 10 20
3437500.0
2812500.0
2656250.0
177 10 20
1406250.0
1015625.0
1015625.0
316 10 20
3437500.0
2812500.0
2656250.0
316 10 20
3437500.0
2812500.0
2656250.0
316 10 20
3437500.0
2656250.0
2812500.0
316 10 20
3750000.0
2812500.0
2812500.0
316 10 20
3437500.0
2812500.0
2500000.0
100 10 20
507812.5
410156.25
371093.75
100 10 20
546875.0
390625.0
390625.0
100 10 20
625000.0
351562.5
390625.0
1778 10 20
5.5E7
8.0E7
6.0E7
1778 10 20
5.5E7
7.5E7
7.0E7
1778 10 20
6.0E7
8.5E7
6.5E7
1778 10 20
5.5E7
9.5E7
7.0E7
562 10 20
9375000.0
8750000.0
7500000.0
1778 10 20
5.5E7
1.05E8
6.0E7
1778 10 20
5.5E7
1.05E8
8.0E7
1778 10 20
6.0E7
1.05E8
6.0E7
1000 10 20
2.25E7
3.5E7
2.75E7
1778 10 20
5.5E7
1.2E8
6.0E7
562 10 20
9375000.0
8125000.0
8125000.0
1778 10 20
5.5E7
1.45E8
5.5E7
562 10 20
8750000.0
1.1875E7
8125000.0
1778 10 20
5.5E7
1.55E8
6.5E7
562 10 20
9375000.0
1.8125E7
8750000.0
562 10 20
9375000.0
1.125E7
8750000.0
3162 10 20
1.5E8
3.4E8
1.5E8
562 10 20
9375000.0
1.625E7
8750000.0
3162 10 20
1.5E8
3.7E8
1.6E8
562 10 20
8750000.0
1.625E7
8125000.0
562 10 20
9375000.0
1.6875E7
8750000.0
1000 10 20
2.375E7
3.75E7
2.625E7
1000 10 20
2.25E7
3.25E7
2.625E7
1000 10 20
2.375E7
3.25E7
2.5E7
3162 10 20
1.8E8
3.2E8
1.5E8
1000 10 20
2.25E7
3.0E7
2.625E7
3162 10 20
1.5E8
3.8E8
1.6E8
1000 10 20
2.375E7
3.25E7
2.625E7
1000 10 20
2.375E7
2.375E7
2.25E7
1000 10 20
2.25E7
2.75E7
2.25E7
1000 10 20
2.5E7
2.75E7
2.25E7
3162 10 20
1.4E8
2.1E8
1.3E8
1000 10 20
2.875E7
2.375E7
2.0E7
3162 10 20
1.4E8
2.3E8
1.3E8
3162 10 20
1.5E8
2.6E8
1.3E8
3162 10 20
1.4E8
2.3E8
1.4E8
3162 10 20
1.7E8
2.3E8
1.4E8
3162 10 20
1.6E8
2.2E8
1.3E8
5623 10 20
3.6E8
6.3E8
3.5E8
5623 10 20
3.5E8
6.4E8
3.5E8
5623 10 20
3.5E8
6.6E8
3.6E8
5623 10 20
3.7E8
6.3E8
3.6E8
5623 10 20
3.7E8
6.3E8
3.5E8
5623 10 20
3.5E8
6.3E8
3.6E8
5623 10 20
3.7E8
6.5E8
3.7E8
5623 10 20
3.5E8
7.2E8
3.8E8
5623 10 20
3.6E8
6.7E8
3.7E8
5623 10 20
3.7E8
6.6E8
3.7E8
10000 10 20
8.7E8
2.1E9
8.9E8
10000 10 20
8.8E8
2.11E9
8.9E8
10000 10 20
8.9E8
2.25E9
9.0E8
10000 10 20
8.9E8
2.31E9
8.9E8
10000 10 20
9.7E8
2.34E9
8.8E8
10000 10 20
8.8E8
2.37E9
9.1E8
10000 10 20
8.8E8
2.41E9
9.3E8
10000 10 20
9.1E8
2.43E9
8.8E8
10000 10 20
8.8E8
2.41E9
8.8E8
10000 10 20
8.9E8
2.57E9
8.7E8
17782 10 20
2.12E9
8.13E9
2.19E9
17782 10 20
2.21E9
8.53E9
2.2E9
17782 10 20
2.12E9
8.35E9
2.22E9
17782 10 20
2.22E9
8.27E9
2.25E9
17782 10 20
2.35E9
8.52E9
2.36E9
17782 10 20
2.36E9
9.1E9
2.2E9
17782 10 20
2.31E9
9.01E9
2.22E9
17782 10 20
2.23E9
1.026E10
2.14E9
17782 10 20
2.24E9
9.25E9
2.25E9
17782 10 20
2.2E9
1.035E10
2.29E9
31622 10 20
5.38E9
3.186E10
5.15E9
31622 10 20
5.37E9
3.241E10
5.13E9
31622 10 20
5.45E9
3.266E10
5.33E9
31622 10 20
5.28E9
3.44E10
4.97E9
31622 10 20
5.28E9
3.398E10
5.24E9
31622 10 20
6.07E9
3.64E10
5.07E9
31622 10 20
5.34E9
3.794E10
5.38E9
31622 10 20
5.3E9
4.09E10
5.32E9
31622 10 20
6.07E9
3.833E10
5.51E9
31622 10 20
5.26E9
4.05E10
5.43E9
56234 10 20
1.313E10
1.1175E11
1.163E10
56234 10 20
1.334E10
1.1221E11
1.207E10
56234 10 20
1.299E10
1.1707E11
1.15E10
56234 10 20
1.35E10
1.1458E11
1.19E10
56234 10 20
1.322E10
1.1672E11
1.134E10
56234 10 20
1.314E10
1.1813E11
1.17E10
56234 10 20
1.322E10
1.2214E11
1.185E10
56234 10 20
1.313E10
1.2242E11
1.095E10
56234 10 20
1.336E10
1.2353E11
1.056E10
56234 10 20
1.406E10
1.2836E11
1.239E10
100000 10 20
3.212E10
2.5906E11
2.387E10
100000 10 20
3.204E10
3.0554E11
2.475E10
100000 10 20
3.141E10
2.9709E11
2.488E10
100000 10 20
3.165E10
3.0043E11
2.488E10
100000 10 20
3.18E10
3.1446E11
2.383E10
100000 10 20
3.176E10
3.0641E11
2.355E10
100000 10 20
3.184E10
3.0474E11
2.52E10
100000 10 20
3.238E10
3.0885E11
2.311E10
100000 10 20
3.261E10
3.0962E11
2.53E10
100000 10 20
3.255E10
3.104E11
2.516E10
