100 3 20
273437.5
253906.25
273437.5
100 3 20
253906.25
234375.0
273437.5
100 3 20
273437.5
234375.0
292968.75
100 3 20
312500.0
253906.25
253906.25
177 3 20
664062.5
859375.0
585937.5
100 3 20
253906.25
253906.25
253906.25
100 3 20
253906.25
273437.5
234375.0
316 3 20
1171875.0
2187500.0
1171875.0
316 3 20
1328125.0
2343750.0
937500.0
100 3 20
312500.0
273437.5
312500.0
316 3 20
1250000.0
2187500.0
1171875.0
100 3 20
292968.75
253906.25
253906.25
316 3 20
1093750.0
2343750.0
1015625.0
316 3 20
1406250.0
2343750.0
1250000.0
316 3 20
1250000.0
2031250.0
1250000.0
316 3 20
1796875.0
3437500.0
1250000.0
100 3 20
390625.0
273437.5
292968.75
316 3 20
1718750.0
2656250.0
1328125.0
177 3 20
546875.0
781250.0
625000.0
177 3 20
898437.5
859375.0
664062.5
177 3 20
625000.0
781250.0
585937.5
177 3 20
585937.5
781250.0
703125.0
177 3 20
585937.5
703125.0
625000.0
562 3 20
2500000.0
6562500.0
3437500.0
100 3 20
390625.0
332031.25
371093.75
177 3 20
703125.0
781250.0
585937.5
177 3 20
664062.5
781250.0
664062.5
177 3 20
664062.5
820312.5
664062.5
562 3 20
2968750.0
6875000.0
3437500.0
177 3 20
703125.0
820312.5
703125.0
316 3 20
1718750.0
3281250.0
1250000.0
316 3 20
1796875.0
3437500.0
2187500.0
562 3 20
3437500.0
6875000.0
2812500.0
1778 3 20
1.375E7
1.1E8
1.625E7
1000 3 20
6875000.0
2.75E7
5625000.0
562 3 20
2968750.0
6875000.0
4062500.0
562 3 20
2812500.0
7500000.0
2812500.0
1778 3 20
1.1875E7
5.5E7
1.375E7
562 3 20
2812500.0
6875000.0
2656250.0
562 3 20
3125000.0
8125000.0
2656250.0
562 3 20
2500000.0
7500000.0
2968750.0
1778 3 20
1.5E7
5.5E7
1.0625E7
1000 3 20
5937500.0
2.0E7
8125000.0
1000 3 20
7500000.0
3.75E7
6562500.0
1000 3 20
7500000.0
1.5E7
5625000.0
1778 3 20
1.375E7
4.25E7
1.0E7
1000 3 20
5000000.0
1.625E7
5312500.0
1000 3 20
5000000.0
1.625E7
5312500.0
1000 3 20
6250000.0
1.875E7
1.25E7
1778 3 20
1.375E7
6.0E7
2.5E7
562 3 20
3281250.0
7500000.0
2812500.0
3162 3 20
2.125E7
1.9E8
4.75E7
1778 3 20
1.125E7
4.25E7
1.0625E7
562 3 20
3281250.0
6875000.0
5312500.0
1778 3 20
1.625E7
6.0E7
2.0E7
1000 3 20
6875000.0
2.125E7
5625000.0
1000 3 20
6875000.0
1.625E7
5937500.0
3162 3 20
2.0E7
2.0E8
2.125E7
1000 3 20
7500000.0
2.125E7
8750000.0
1778 3 20
1.1875E7
4.0E7
9375000.0
1778 3 20
1.0E7
5.0E7
1.0625E7
3162 3 20
2.125E7
1.7E8
2.125E7
1778 3 20
1.3125E7
5.25E7
1.1875E7
3162 3 20
2.25E7
2.5E8
2.75E7
3162 3 20
4.0E7
1.9E8
4.75E7
3162 3 20
2.25E7
1.7E8
2.375E7
3162 3 20
2.125E7
1.8E8
2.25E7
3162 3 20
1.875E7
2.3E8
2.75E7
3162 3 20
2.0E7
2.1E8
2.375E7
3162 3 20
2.625E7
3.3E8
4.0E7
5623 3 20
4.0E7
5.2E8
4.0E7
5623 3 20
3.5E7
5.5E8
3.75E7
5623 3 20
3.5E7
5.3E8
4.25E7
5623 3 20
3.5E7
5.6E8
4.25E7
5623 3 20
5.0E7
5.3E8
4.0E7
5623 3 20
4.25E7
5.9E8
4.25E7
5623 3 20
4.25E7
5.9E8
4.5E7
5623 3 20
3.75E7
6.1E8
5.5E7
5623 3 20
4.5E7
7.6E8
7.5E7
5623 3 20
4.25E7
6.2E8
5.0E7
10000 3 20
8.0E7
1.54E9
9.5E7
10000 3 20
8.0E7
1.53E9
8.5E7
10000 3 20
8.0E7
1.56E9
7.5E7
10000 3 20
1.25E8
1.77E9
1.1E8
10000 3 20
7.5E7
1.83E9
8.5E7
10000 3 20
2.0E8
1.8E9
8.5E7
10000 3 20
1.0E8
2.04E9
9.5E7
10000 3 20
1.3E8
2.4E9
9.0E7
10000 3 20
1.2E8
2.5E9
1.3E8
10000 3 20
1.9E8
2.77E9
1.7E8
17782 3 20
2.4E8
4.6E9
1.5E8
17782 3 20
2.2E8
4.92E9
1.4E8
17782 3 20
3.0E8
5.15E9
2.0E8
17782 3 20
1.7E8
5.61E9
1.9E8
17782 3 20
2.0E8
5.88E9
1.7E8
17782 3 20
2.9E8
5.56E9
1.6E8
17782 3 20
2.9E8
5.89E9
1.7E8
17782 3 20
2.0E8
5.55E9
1.5E8
17782 3 20
3.1E8
6.89E9
2.2E8
17782 3 20
1.9E8
7.69E9
1.7E8
31622 3 20
4.0E8
1.544E10
2.6E8
31622 3 20
4.4E8
1.612E10
2.8E8
31622 3 20
4.3E8
1.627E10
2.7E8
31622 3 20
8.5E8
1.617E10
3.0E8
31622 3 20
5.5E8
1.66E10
2.6E8
31622 3 20
4.3E8
1.684E10
2.8E8
31622 3 20
6.8E8
1.671E10
2.7E8
31622 3 20
4.2E8
1.728E10
2.7E8
31622 3 20
4.5E8
1.954E10
2.9E8
31622 3 20
4.3E8
2.013E10
2.4E8
56234 3 20
1.33E9
3.955E10
4.2E8
56234 3 20
8.0E8
3.977E10
4.6E8
56234 3 20
8.5E8
4.149E10
4.1E8
56234 3 20
9.2E8
4.144E10
5.9E8
56234 3 20
1.05E9
4.167E10
4.0E8
56234 3 20
1.69E9
4.486E10
4.1E8
56234 3 20
1.15E9
4.407E10
4.0E8
56234 3 20
1.09E9
4.618E10
3.4E8
56234 3 20
1.39E9
4.431E10
4.2E8
56234 3 20
8.3E8
4.546E10
3.7E8
100000 3 20
2.48E9
9.751E10
7.4E8
100000 3 20
1.97E9
1.0141E11
7.0E8
100000 3 20
2.03E9
1.0415E11
7.8E8
100000 3 20
1.59E9
1.0551E11
6.2E8
100000 3 20
1.6E9
1.0538E11
7.4E8
100000 3 20
2.21E9
1.0662E11
7.1E8
100000 3 20
2.06E9
1.0659E11
6.2E8
100000 3 20
2.82E9
1.0979E11
6.6E8
100000 3 20
2.68E9
1.1087E11
6.5E8
100000 3 20
2.12E9
1.1025E11
5.9E8
