100 5 5
468750.0
468750.0
2031250.0
100 5 5
507812.5
429687.5
2031250.0
100 5 5
429687.5
429687.5
546875.0
100 5 5
507812.5
429687.5
546875.0
100 5 5
507812.5
429687.5
585937.5
100 5 5
468750.0
429687.5
507812.5
100 5 5
468750.0
507812.5
625000.0
562 5 5
6875000.0
1.625E7
8125000.0
562 5 5
6875000.0
1.0625E7
6875000.0
177 5 5
1093750.0
1328125.0
1015625.0
100 5 5
468750.0
507812.5
429687.5
177 5 5
1171875.0
1328125.0
1093750.0
177 5 5
1171875.0
1640625.0
1093750.0
177 5 5
1093750.0
1484375.0
1093750.0
177 5 5
1093750.0
1484375.0
1093750.0
316 5 5
2812500.0
3437500.0
2812500.0
177 5 5
1171875.0
1796875.0
1093750.0
316 5 5
2656250.0
3437500.0
2656250.0
177 5 5
1093750.0
1328125.0
1250000.0
177 5 5
1171875.0
1718750.0
1171875.0
316 5 5
2500000.0
4062500.0
2812500.0
316 5 5
2812500.0
3750000.0
2812500.0
316 5 5
2656250.0
3750000.0
2656250.0
177 5 5
1171875.0
1484375.0
1093750.0
316 5 5
2656250.0
5312500.0
2812500.0
316 5 5
2812500.0
4687500.0
2656250.0
316 5 5
2812500.0
4687500.0
2656250.0
316 5 5
2812500.0
6875000.0
2500000.0
177 5 5
1171875.0
2578125.0
1015625.0
100 5 5
468750.0
488281.25
371093.75
316 5 5
2656250.0
1.0E7
2812500.0
100 5 5
468750.0
507812.5
410156.25
562 5 5
7500000.0
1.0625E7
6875000.0
562 5 5
7500000.0
1.0E7
9375000.0
562 5 5
8125000.0
1.0E7
2.5E7
562 5 5
6875000.0
1.375E7
3.125E7
1000 5 5
1.5E7
2.75E7
2.25E7
1000 5 5
1.625E7
2.75E7
1.625E7
562 5 5
6875000.0
9375000.0
9375000.0
1000 5 5
1.625E7
3.0E7
1.5E7
562 5 5
6875000.0
1.375E7
7500000.0
562 5 5
6875000.0
1.0E7
6562500.0
1000 5 5
1.75E7
3.0E7
1.5E7
1000 5 5
1.625E7
4.75E7
1.875E7
562 5 5
7500000.0
1.5E7
8125000.0
1000 5 5
1.625E7
4.75E7
1.75E7
1000 5 5
1.75E7
5.25E7
1.875E7
1000 5 5
1.625E7
5.0E7
1.75E7
1778 5 5
3.75E7
1.4E8
4.75E7
1000 5 5
1.5E7
5.25E7
1.75E7
1778 5 5
3.75E7
1.7E8
4.25E7
1000 5 5
1.625E7
5.25E7
2.0E7
1778 5 5
4.0E7
1.8E8
4.5E7
1778 5 5
4.0E7
1.7E8
4.5E7
1778 5 5
3.75E7
1.7E8
5.0E7
1778 5 5
4.0E7
9.0E7
3.25E7
1778 5 5
4.25E7
3.6E8
4.25E7
1778 5 5
6.5E7
3.2E8
4.25E7
1778 5 5
4.0E7
3.7E8
5.0E7
1778 5 5
8.25E7
2.2E8
4.25E7
3162 5 5
9.0E7
3.3E8
7.5E7
3162 5 5
1.2E8
4.5E8
1.3E8
3162 5 5
1.1E8
3.8E8
1.1E8
3162 5 5
2.1E8
4.7E8
1.2E8
3162 5 5
1.2E8
4.4E8
1.2E8
3162 5 5
1.25E8
4.2E8
1.35E8
3162 5 5
8.5E7
3.2E8
1.2E8
3162 5 5
1.7E8
6.1E8
1.5E8
3162 5 5
1.6E8
4.2E8
8.5E7
3162 5 5
8.0E7
6.4E8
1.3E8
5623 5 5
1.8E8
1.01E9
2.6E8
5623 5 5
1.8E8
1.08E9
1.9E8
5623 5 5
2.2E8
1.06E9
1.9E8
5623 5 5
1.8E8
1.36E9
1.8E8
5623 5 5
2.3E8
1.33E9
2.2E8
5623 5 5
1.8E8
1.46E9
2.0E8
5623 5 5
1.8E8
1.49E9
2.1E8
5623 5 5
1.9E8
1.47E9
2.4E8
5623 5 5
1.8E8
1.4E9
2.3E8
5623 5 5
2.6E8
2.04E9
2.7E8
10000 5 5
4.7E8
3.5E9
5.3E8
10000 5 5
4.8E8
4.16E9
4.8E8
10000 5 5
4.3E8
4.02E9
5.5E8
10000 5 5
5.6E8
4.22E9
4.8E8
10000 5 5
5.6E8
4.34E9
4.9E8
10000 5 5
5.6E8
4.67E9
5.0E8
10000 5 5
5.3E8
4.85E9
4.8E8
10000 5 5
6.4E8
4.91E9
4.8E8
10000 5 5
5.1E8
4.35E9
4.6E8
10000 5 5
7.9E8
4.88E9
4.3E8
17782 5 5
1.09E9
1.457E10
9.8E8
17782 5 5
1.57E9
1.565E10
1.04E9
17782 5 5
9.4E8
1.691E10
9.8E8
17782 5 5
1.59E9
1.676E10
9.1E8
17782 5 5
9.6E8
1.718E10
9.0E8
17782 5 5
1.25E9
1.724E10
1.02E9
17782 5 5
1.35E9
1.767E10
1.03E9
17782 5 5
1.09E9
1.809E10
1.03E9
17782 5 5
9.4E8
1.797E10
9.5E8
17782 5 5
1.56E9
1.807E10
9.4E8
31622 5 5
3.73E9
5.645E10
1.93E9
31622 5 5
3.16E9
5.955E10
2.15E9
31622 5 5
3.97E9
5.978E10
1.98E9
31622 5 5
2.29E9
8.538E10
1.96E9
31622 5 5
2.38E9
8.937E10
2.27E9
31622 5 5
2.56E9
9.165E10
1.98E9
31622 5 5
2.44E9
9.136E10
2.37E9
31622 5 5
2.52E9
9.365E10
2.17E9
31622 5 5
2.06E9
9.417E10
2.14E9
31622 5 5
2.31E9
1.0282E11
1.82E9
56234 5 5
6.09E9
1.726E11
5.73E9
56234 5 5
5.28E9
1.7572E11
4.06E9
56234 5 5
5.3E9
1.7864E11
3.65E9
56234 5 5
5.31E9
1.8637E11
3.68E9
56234 5 5
5.75E9
1.8521E11
4.31E9
56234 5 5
5.45E9
1.8626E11
3.87E9
56234 5 5
5.02E9
1.8633E11
4.58E9
56234 5 5
5.41E9
1.8726E11
3.77E9
56234 5 5
5.24E9
1.8772E11
4.9E9
56234 5 5
5.0E9
1.9068E11
4.79E9
100000 5 5
1.253E10
3.9486E11
6.47E9
100000 5 5
1.166E10
4.0901E11
7.08E9
100000 5 5
1.649E10
3.9812E11
6.54E9
100000 5 5
1.392E10
4.0199E11
8.48E9
100000 5 5
9.65E9
4.056E11
9.52E9
100000 5 5
1.021E10
4.094E11
8.03E9
100000 5 5
1.243E10
4.1368E11
6.39E9
100000 5 5
1.089E10
4.1885E11
9.1E9
100000 5 5
1.524E10
4.1522E11
8.52E9
100000 5 5
1.362E10
4.3E11
6.77E9
