316 20 5
4062500.0
3437500.0
3750000.0
316 20 5
3750000.0
3437500.0
3750000.0
316 20 5
3750000.0
3437500.0
3437500.0
316 20 5
3750000.0
3437500.0
3437500.0
316 20 5
3750000.0
3437500.0
3437500.0
100 20 5
468750.0
546875.0
625000.0
100 20 5
546875.0
585937.5
585937.5
100 20 5
585937.5
585937.5
625000.0
100 20 5
585937.5
625000.0
625000.0
562 20 5
9375000.0
8750000.0
8125000.0
562 20 5
1.0E7
8750000.0
8125000.0
100 20 5
546875.0
585937.5
625000.0
100 20 5
585937.5
546875.0
625000.0
100 20 5
625000.0
585937.5
625000.0
100 20 5
546875.0
625000.0
625000.0
316 20 5
3750000.0
3593750.0
3437500.0
100 20 5
585937.5
625000.0
625000.0
100 20 5
585937.5
585937.5
625000.0
177 20 5
1406250.0
1328125.0
1406250.0
177 20 5
1562500.0
1328125.0
1406250.0
177 20 5
1562500.0
1406250.0
1328125.0
316 20 5
3750000.0
3437500.0
3125000.0
177 20 5
1484375.0
1328125.0
1406250.0
177 20 5
1562500.0
1328125.0
1328125.0
177 20 5
1640625.0
1484375.0
1406250.0
177 20 5
1484375.0
1406250.0
1406250.0
316 20 5
3750000.0
3593750.0
3125000.0
177 20 5
1562500.0
1406250.0
1406250.0
177 20 5
1406250.0
1406250.0
1328125.0
316 20 5
4062500.0
3437500.0
3281250.0
316 20 5
4062500.0
3437500.0
3281250.0
177 20 5
1406250.0
1328125.0
1406250.0
562 20 5
1.0E7
8125000.0
9375000.0
562 20 5
1.0E7
8125000.0
1.1875E7
1778 20 5
6.5E7
1.0E8
1.2E8
562 20 5
1.0E7
8125000.0
9375000.0
562 20 5
1.0E7
8750000.0
2.625E7
1000 20 5
2.5E7
3.0E7
3.0E7
1778 20 5
6.5E7
1.3E8
7.0E7
1000 20 5
2.75E7
2.75E7
7.5E7
562 20 5
8750000.0
8750000.0
1.375E7
1778 20 5
6.5E7
7.0E7
7.0E7
1000 20 5
2.5E7
5.0E7
6.0E7
562 20 5
1.0E7
9375000.0
1.125E7
1778 20 5
6.5E7
6.5E7
7.5E7
1000 20 5
2.5E7
6.5E7
5.5E7
1000 20 5
2.5E7
3.5E7
3.0E7
1778 20 5
6.5E7
9.5E7
8.0E7
1778 20 5
6.5E7
8.5E7
9.5E7
1000 20 5
2.625E7
3.0E7
2.125E7
1000 20 5
2.75E7
2.375E7
2.25E7
1778 20 5
6.5E7
6.5E7
6.5E7
1778 20 5
6.5E7
9.5E7
7.5E7
562 20 5
1.0E7
8750000.0
8125000.0
1000 20 5
2.5E7
2.75E7
2.375E7
3162 20 5
1.5E8
2.6E8
2.4E8
3162 20 5
1.6E8
3.1E8
2.1E8
3162 20 5
1.6E8
2.8E8
2.5E8
1000 20 5
2.5E7
2.375E7
2.0E7
562 20 5
1.0E7
2.25E7
1.0E7
1778 20 5
6.0E7
1.95E8
6.5E7
1000 20 5
2.5E7
3.75E7
2.125E7
1778 20 5
6.5E7
2.05E8
7.0E7
3162 20 5
1.5E8
4.9E8
2.0E8
3162 20 5
1.7E8
1.6E8
1.5E8
3162 20 5
1.7E8
1.6E8
1.5E8
3162 20 5
1.8E8
1.8E8
1.6E8
3162 20 5
1.8E8
1.7E8
1.5E8
3162 20 5
1.7E8
1.7E8
1.5E8
3162 20 5
2.0E8
1.8E8
1.5E8
5623 20 5
4.1E8
5.1E8
4.0E8
5623 20 5
4.1E8
5.6E8
4.0E8
5623 20 5
3.9E8
6.1E8
3.9E8
5623 20 5
3.5E8
6.2E8
5.2E8
5623 20 5
4.1E8
6.1E8
4.5E8
5623 20 5
4.6E8
6.7E8
5.0E8
5623 20 5
3.9E8
6.5E8
5.0E8
5623 20 5
3.9E8
7.0E8
5.2E8
5623 20 5
4.0E8
7.0E8
4.9E8
5623 20 5
4.2E8
6.9E8
4.7E8
10000 20 5
9.8E8
1.89E9
1.17E9
10000 20 5
1.01E9
1.78E9
1.22E9
10000 20 5
1.18E9
1.76E9
1.24E9
10000 20 5
1.07E9
1.79E9
1.25E9
10000 20 5
1.08E9
2.07E9
1.18E9
10000 20 5
1.02E9
2.23E9
1.09E9
10000 20 5
1.04E9
1.95E9
1.28E9
10000 20 5
1.07E9
2.15E9
1.16E9
10000 20 5
1.04E9
2.1E9
1.23E9
10000 20 5
1.05E9
2.46E9
1.28E9
17782 20 5
2.72E9
6.23E9
2.55E9
17782 20 5
2.57E9
7.24E9
2.71E9
17782 20 5
2.56E9
9.24E9
2.7E9
17782 20 5
2.52E9
9.7E9
2.73E9
17782 20 5
2.72E9
9.23E9
2.53E9
17782 20 5
2.67E9
9.98E9
2.55E9
17782 20 5
2.65E9
9.95E9
2.52E9
17782 20 5
2.65E9
1.024E10
2.57E9
17782 20 5
2.61E9
1.018E10
2.65E9
17782 20 5
2.56E9
1.107E10
2.61E9
31622 20 5
6.5E9
2.32E10
6.2E9
31622 20 5
6.21E9
2.395E10
6.14E9
31622 20 5
6.47E9
2.466E10
6.12E9
31622 20 5
6.49E9
2.552E10
6.1E9
31622 20 5
6.25E9
2.67E10
5.91E9
31622 20 5
6.47E9
2.542E10
5.94E9
31622 20 5
6.83E9
2.535E10
6.07E9
31622 20 5
6.21E9
2.572E10
5.94E9
31622 20 5
6.35E9
2.629E10
5.96E9
31622 20 5
6.54E9
2.728E10
6.03E9
56234 20 5
1.592E10
7.737E10
1.451E10
56234 20 5
1.542E10
7.528E10
1.39E10
56234 20 5
1.634E10
7.761E10
1.46E10
56234 20 5
1.568E10
7.597E10
1.403E10
56234 20 5
1.534E10
7.7E10
1.401E10
56234 20 5
1.576E10
7.968E10
1.374E10
56234 20 5
1.538E10
7.95E10
1.376E10
56234 20 5
1.537E10
8.158E10
1.348E10
56234 20 5
1.556E10
8.135E10
1.449E10
56234 20 5
1.537E10
8.331E10
1.375E10
100000 20 5
3.778E10
1.9731E11
2.749E10
100000 20 5
3.845E10
2.1196E11
2.92E10
100000 20 5
3.679E10
2.0808E11
3.005E10
100000 20 5
3.871E10
2.1513E11
3.098E10
100000 20 5
3.705E10
2.1368E11
3.181E10
100000 20 5
3.772E10
2.1723E11
2.738E10
100000 20 5
3.769E10
2.1356E11
3.235E10
100000 20 5
3.738E10
2.2019E11
3.207E10
100000 20 5
3.765E10
2.1589E11
3.417E10
100000 20 5
3.742E10
2.1939E11
3.148E10
