316 30 20
3750000.0
3750000.0
4062500.0
316 30 20
3750000.0
3750000.0
3750000.0
316 30 20
3750000.0
3750000.0
3750000.0
316 30 20
3750000.0
3750000.0
4062500.0
316 30 20
4062500.0
4062500.0
4062500.0
316 30 20
4062500.0
4062500.0
3750000.0
316 30 20
4062500.0
4062500.0
4062500.0
177 30 20
1328125.0
1718750.0
1875000.0
316 30 20
4062500.0
4062500.0
3750000.0
316 30 20
3750000.0
4062500.0
4062500.0
316 30 20
4062500.0
4062500.0
3750000.0
177 30 20
1562500.0
1718750.0
1718750.0
177 30 20
1562500.0
1875000.0
1875000.0
177 30 20
1562500.0
1875000.0
1875000.0
177 30 20
1562500.0
1718750.0
1718750.0
100 30 20
625000.0
859375.0
664062.5
177 30 20
1640625.0
1718750.0
1718750.0
177 30 20
1640625.0
1718750.0
1875000.0
177 30 20
1718750.0
1718750.0
1718750.0
100 30 20
546875.0
742187.5
546875.0
562 30 20
1.0E7
9375000.0
9375000.0
100 30 20
585937.5
781250.0
546875.0
562 30 20
1.0E7
8750000.0
8750000.0
100 30 20
585937.5
742187.5
625000.0
100 30 20
585937.5
781250.0
585937.5
100 30 20
585937.5
781250.0
625000.0
100 30 20
585937.5
742187.5
585937.5
100 30 20
625000.0
742187.5
664062.5
100 30 20
585937.5
781250.0
585937.5
100 30 20
625000.0
781250.0
664062.5
177 30 20
1484375.0
1718750.0
1875000.0
177 30 20
1562500.0
1718750.0
1718750.0
1000 30 20
2.75E7
3.5E7
5.5E7
1778 30 20
6.5E7
1.1E8
1.7E8
1778 30 20
6.0E7
9.0E7
1.2E8
1000 30 20
2.375E7
3.0E7
3.0E7
1778 30 20
6.0E7
1.1E8
1.15E8
1000 30 20
2.5E7
3.0E7
2.75E7
1000 30 20
2.625E7
3.0E7
2.75E7
1000 30 20
2.75E7
2.75E7
2.75E7
1778 30 20
6.5E7
7.5E7
7.0E7
1778 30 20
6.0E7
8.5E7
8.5E7
1778 30 20
6.5E7
1.25E8
7.5E7
1000 30 20
2.625E7
3.75E7
3.0E7
562 30 20
1.0E7
1.5E7
1.0E7
562 30 20
1.0E7
1.0E7
9375000.0
1778 30 20
6.5E7
8.0E7
7.5E7
1778 30 20
6.0E7
9.0E7
8.0E7
1000 30 20
2.375E7
4.25E7
2.75E7
562 30 20
1.0625E7
1.1875E7
1.0625E7
562 30 20
1.0E7
1.25E7
9375000.0
1000 30 20
2.75E7
3.0E7
2.375E7
562 30 20
1.0E7
1.3125E7
1.0E7
1778 30 20
6.5E7
1.2E8
7.0E7
562 30 20
1.0625E7
1.4375E7
1.0E7
1778 30 20
6.5E7
1.45E8
7.0E7
3162 30 20
1.5E8
2.6E8
2.3E8
562 30 20
1.0E7
1.4375E7
9375000.0
3162 30 20
1.6E8
2.8E8
2.3E8
3162 30 20
1.6E8
2.5E8
1.9E8
1000 30 20
2.75E7
3.625E7
2.25E7
3162 30 20
1.5E8
2.1E8
2.4E8
562 30 20
1.0625E7
1.0625E7
9375000.0
1000 30 20
2.75E7
4.0E7
2.375E7
3162 30 20
1.9E8
1.7E8
1.6E8
3162 30 20
1.9E8
1.7E8
1.6E8
3162 30 20
1.8E8
1.6E8
1.4E8
3162 30 20
1.7E8
1.5E8
1.5E8
3162 30 20
1.7E8
1.5E8
1.5E8
3162 30 20
1.7E8
1.5E8
1.4E8
5623 30 20
4.0E8
4.9E8
6.5E8
5623 30 20
4.1E8
5.5E8
6.3E8
5623 30 20
4.1E8
5.5E8
6.0E8
5623 30 20
4.1E8
5.0E8
6.3E8
5623 30 20
4.1E8
5.0E8
6.4E8
5623 30 20
4.1E8
5.5E8
6.4E8
5623 30 20
4.1E8
5.3E8
6.6E8
5623 30 20
4.2E8
5.1E8
8.0E8
5623 30 20
4.1E8
5.4E8
8.1E8
5623 30 20
4.1E8
6.1E8
5.9E8
10000 30 20
1.07E9
1.79E9
1.27E9
10000 30 20
1.01E9
1.72E9
1.44E9
10000 30 20
1.03E9
2.01E9
1.26E9
10000 30 20
1.03E9
1.78E9
1.53E9
10000 30 20
1.02E9
1.85E9
1.43E9
10000 30 20
1.04E9
1.85E9
1.54E9
10000 30 20
1.05E9
2.2E9
1.17E9
10000 30 20
1.1E9
1.91E9
1.53E9
10000 30 20
1.08E9
1.88E9
1.5E9
10000 30 20
1.17E9
2.33E9
1.51E9
17782 30 20
2.8E9
5.28E9
2.98E9
17782 30 20
2.7E9
5.59E9
2.92E9
17782 30 20
2.63E9
6.07E9
3.03E9
17782 30 20
2.76E9
6.18E9
2.93E9
17782 30 20
2.78E9
6.48E9
2.97E9
17782 30 20
3.06E9
6.2E9
3.16E9
17782 30 20
2.66E9
6.76E9
2.93E9
17782 30 20
2.91E9
6.26E9
3.13E9
17782 30 20
2.8E9
6.49E9
3.23E9
17782 30 20
2.99E9
6.76E9
2.96E9
31622 30 20
6.55E9
1.991E10
7.0E9
31622 30 20
6.58E9
1.999E10
6.93E9
31622 30 20
6.43E9
1.993E10
7.26E9
31622 30 20
7.16E9
2.132E10
7.0E9
31622 30 20
7.7E9
2.009E10
6.85E9
31622 30 20
6.76E9
2.044E10
7.12E9
31622 30 20
7.21E9
2.182E10
7.08E9
31622 30 20
7.64E9
2.147E10
7.06E9
31622 30 20
7.64E9
2.202E10
7.05E9
31622 30 20
7.73E9
2.343E10
7.08E9
56234 30 20
1.678E10
6.528E10
1.54E10
56234 30 20
1.807E10
6.766E10
1.524E10
56234 30 20
1.877E10
6.942E10
1.476E10
56234 30 20
1.693E10
7.165E10
1.534E10
56234 30 20
1.881E10
6.995E10
1.518E10
56234 30 20
1.949E10
6.987E10
1.528E10
56234 30 20
1.946E10
7.447E10
1.571E10
56234 30 20
1.871E10
7.471E10
1.593E10
56234 30 20
1.939E10
7.661E10
1.593E10
56234 30 20
1.798E10
8.367E10
1.555E10
100000 30 20
4.03E10
1.7359E11
3.226E10
100000 30 20
4.068E10
1.7677E11
3.331E10
100000 30 20
4.176E10
1.79E11
3.308E10
100000 30 20
3.936E10
1.8146E11
3.128E10
100000 30 20
4.006E10
1.8229E11
3.062E10
100000 30 20
4.14E10
1.785E11
3.396E10
100000 30 20
4.102E10
1.8152E11
3.432E10
100000 30 20
4.089E10
1.8162E11
3.464E10
100000 30 20
4.055E10
1.8355E11
3.767E10
100000 30 20
4.1E10
1.8664E11
3.849E10
