316 30 10
3750000.0
4062500.0
3750000.0
316 30 10
3750000.0
4062500.0
4062500.0
316 30 10
3750000.0
4062500.0
4062500.0
316 30 10
3750000.0
4062500.0
4062500.0
316 30 10
3750000.0
3750000.0
4062500.0
316 30 10
4062500.0
4375000.0
3750000.0
316 30 10
3750000.0
4062500.0
4062500.0
100 30 10
625000.0
859375.0
625000.0
316 30 10
4062500.0
3750000.0
3750000.0
316 30 10
4062500.0
4062500.0
4375000.0
316 30 10
3750000.0
3750000.0
4062500.0
100 30 10
625000.0
859375.0
664062.5
100 30 10
625000.0
859375.0
585937.5
100 30 10
585937.5
859375.0
625000.0
177 30 10
1484375.0
1718750.0
1875000.0
177 30 10
1484375.0
1875000.0
1875000.0
100 30 10
625000.0
859375.0
664062.5
177 30 10
1562500.0
1718750.0
1718750.0
177 30 10
1562500.0
1718750.0
1875000.0
177 30 10
1562500.0
1718750.0
1875000.0
177 30 10
1640625.0
1718750.0
1718750.0
177 30 10
1562500.0
1875000.0
1718750.0
177 30 10
1640625.0
1718750.0
1718750.0
177 30 10
1484375.0
1875000.0
1875000.0
562 30 10
1.0625E7
1.0E7
8125000.0
562 30 10
1.0E7
9375000.0
8125000.0
100 30 10
546875.0
781250.0
585937.5
100 30 10
546875.0
781250.0
585937.5
100 30 10
585937.5
781250.0
585937.5
100 30 10
625000.0
820312.5
585937.5
100 30 10
546875.0
781250.0
585937.5
177 30 10
1562500.0
1718750.0
1718750.0
1778 30 10
6.5E7
7.0E7
8.0E7
1778 30 10
6.5E7
7.0E7
8.5E7
1778 30 10
6.5E7
7.0E7
1.0E8
1778 30 10
6.5E7
8.0E7
8.5E7
1000 30 10
2.75E7
3.125E7
2.75E7
1000 30 10
2.5E7
4.25E7
3.0E7
1778 30 10
6.5E7
9.0E7
8.5E7
1000 30 10
2.5E7
2.75E7
3.5E7
1778 30 10
6.5E7
7.5E7
9.5E7
1000 30 10
2.5E7
3.75E7
3.0E7
1000 30 10
2.75E7
3.5E7
3.25E7
1778 30 10
6.5E7
8.0E7
8.0E7
1000 30 10
2.5E7
3.25E7
3.25E7
3162 30 10
1.7E8
1.8E8
2.2E8
1778 30 10
6.5E7
1.05E8
8.5E7
3162 30 10
1.7E8
1.9E8
2.3E8
562 30 10
1.0E7
1.25E7
1.0E7
1778 30 10
6.5E7
1.1E8
8.5E7
562 30 10
9375000.0
1.125E7
9375000.0
562 30 10
9375000.0
1.375E7
9375000.0
1778 30 10
7.0E7
1.0E8
7.5E7
3162 30 10
1.7E8
2.4E8
2.2E8
562 30 10
1.0E7
1.0E7
9375000.0
562 30 10
1.0E7
1.375E7
1.0E7
562 30 10
1.0E7
1.3125E7
9375000.0
562 30 10
9375000.0
1.375E7
1.0E7
562 30 10
1.0E7
1.125E7
9375000.0
3162 30 10
1.5E8
2.7E8
1.8E8
1000 30 10
2.5E7
3.75E7
2.125E7
1000 30 10
2.5E7
2.875E7
2.25E7
1000 30 10
2.5E7
3.5E7
2.125E7
1000 30 10
2.5E7
3.0E7
2.125E7
3162 30 10
1.7E8
1.5E8
1.4E8
3162 30 10
1.7E8
1.5E8
1.5E8
3162 30 10
1.7E8
1.5E8
1.5E8
3162 30 10
1.7E8
1.6E8
1.5E8
3162 30 10
1.7E8
1.6E8
1.5E8
3162 30 10
1.7E8
1.5E8
1.4E8
5623 30 10
4.0E8
4.9E8
5.2E8
5623 30 10
4.1E8
5.5E8
4.7E8
5623 30 10
4.1E8
5.0E8
5.4E8
5623 30 10
4.1E8
5.5E8
5.4E8
5623 30 10
4.1E8
4.5E8
5.7E8
5623 30 10
4.2E8
4.4E8
5.9E8
5623 30 10
4.1E8
5.6E8
7.2E8
5623 30 10
4.0E8
6.0E8
7.6E8
5623 30 10
4.1E8
5.7E8
7.4E8
5623 30 10
4.1E8
6.8E8
7.4E8
10000 30 10
1.04E9
1.54E9
1.14E9
10000 30 10
1.02E9
1.84E9
1.32E9
10000 30 10
1.02E9
1.81E9
1.26E9
10000 30 10
1.01E9
1.93E9
1.2E9
10000 30 10
1.02E9
1.77E9
1.23E9
10000 30 10
1.01E9
2.07E9
1.35E9
10000 30 10
1.06E9
2.2E9
1.28E9
10000 30 10
1.12E9
2.09E9
1.24E9
10000 30 10
1.04E9
2.26E9
1.32E9
10000 30 10
1.09E9
2.41E9
1.25E9
17782 30 10
2.73E9
5.29E9
2.85E9
17782 30 10
2.67E9
5.33E9
2.8E9
17782 30 10
2.54E9
5.41E9
3.01E9
17782 30 10
2.59E9
5.14E9
2.81E9
17782 30 10
2.67E9
5.52E9
2.84E9
17782 30 10
2.61E9
5.63E9
3.1E9
17782 30 10
3.25E9
5.11E9
2.92E9
17782 30 10
2.74E9
5.58E9
2.82E9
17782 30 10
3.25E9
5.58E9
2.95E9
17782 30 10
2.79E9
5.6E9
2.79E9
31622 30 10
6.48E9
1.758E10
6.85E9
31622 30 10
7.64E9
1.763E10
7.01E9
31622 30 10
6.62E9
1.971E10
6.77E9
31622 30 10
6.63E9
2.031E10
7.0E9
31622 30 10
7.77E9
1.923E10
6.93E9
31622 30 10
7.65E9
1.935E10
6.86E9
31622 30 10
6.5E9
2.092E10
6.7E9
31622 30 10
6.95E9
2.193E10
6.86E9
31622 30 10
8.05E9
1.969E10
6.91E9
31622 30 10
6.94E9
2.152E10
6.86E9
56234 30 10
1.656E10
6.047E10
1.484E10
56234 30 10
1.694E10
6.518E10
1.53E10
56234 30 10
1.68E10
6.698E10
1.441E10
56234 30 10
1.596E10
6.837E10
1.456E10
56234 30 10
1.606E10
6.862E10
1.522E10
56234 30 10
2.006E10
6.658E10
1.479E10
56234 30 10
1.614E10
6.845E10
1.569E10
56234 30 10
1.617E10
7.208E10
1.47E10
56234 30 10
1.649E10
7.171E10
1.519E10
56234 30 10
1.607E10
7.325E10
1.481E10
100000 30 10
4.297E10
1.6268E11
2.896E10
100000 30 10
4.243E10
1.5773E11
2.895E10
100000 30 10
4.066E10
1.6177E11
3.11E10
100000 30 10
3.97E10
1.7581E11
3.289E10
100000 30 10
3.842E10
1.6971E11
3.303E10
100000 30 10
3.881E10
1.7467E11
3.302E10
100000 30 10
4.287E10
1.726E11
3.229E10
100000 30 10
3.876E10
1.7518E11
3.267E10
100000 30 10
3.937E10
1.7536E11
3.317E10
100000 30 10
4.608E10
1.7175E11
3.143E10
