316 20 10
3750000.0
3437500.0
3437500.0
316 20 10
4062500.0
3437500.0
3437500.0
316 20 10
3750000.0
3437500.0
3437500.0
316 20 10
4062500.0
3437500.0
3437500.0
316 20 10
3750000.0
3437500.0
3437500.0
316 20 10
3750000.0
3750000.0
3750000.0
100 20 10
546875.0
546875.0
585937.5
100 20 10
585937.5
585937.5
546875.0
100 20 10
625000.0
546875.0
625000.0
562 20 10
9375000.0
8125000.0
7500000.0
316 20 10
3750000.0
3125000.0
3437500.0
100 20 10
546875.0
585937.5
585937.5
100 20 10
585937.5
585937.5
625000.0
100 20 10
585937.5
585937.5
625000.0
100 20 10
585937.5
585937.5
585937.5
562 20 10
9375000.0
8125000.0
8125000.0
100 20 10
625000.0
546875.0
585937.5
316 20 10
3750000.0
3281250.0
3437500.0
100 20 10
664062.5
546875.0
546875.0
100 20 10
546875.0
585937.5
585937.5
177 20 10
1406250.0
1406250.0
1171875.0
177 20 10
1484375.0
1328125.0
1406250.0
177 20 10
1406250.0
1171875.0
1328125.0
177 20 10
1406250.0
1328125.0
1328125.0
177 20 10
1484375.0
1328125.0
1328125.0
177 20 10
1484375.0
1406250.0
1328125.0
177 20 10
1406250.0
1406250.0
1406250.0
316 20 10
3750000.0
3125000.0
3125000.0
177 20 10
1484375.0
1406250.0
1328125.0
316 20 10
3437500.0
3281250.0
2968750.0
177 20 10
1406250.0
1484375.0
1328125.0
177 20 10
1484375.0
1328125.0
1328125.0
562 20 10
1.0E7
8125000.0
1.5E7
562 20 10
1.0E7
1.0E7
1.5E7
1778 20 10
6.0E7
1.2E8
1.4E8
562 20 10
9375000.0
7500000.0
1.0E7
1778 20 10
6.0E7
7.5E7
1.1E8
1778 20 10
6.0E7
6.0E7
7.0E7
562 20 10
1.125E7
8125000.0
9375000.0
562 20 10
1.0E7
6875000.0
1.0625E7
562 20 10
9375000.0
7500000.0
1.0E7
1000 20 10
2.375E7
2.75E7
2.75E7
1000 20 10
2.5E7
3.0E7
2.75E7
1778 20 10
5.5E7
7.0E7
8.5E7
1000 20 10
2.375E7
3.5E7
2.75E7
1000 20 10
2.375E7
3.0E7
3.0E7
1000 20 10
2.5E7
3.0E7
2.75E7
1000 20 10
2.5E7
3.75E7
2.75E7
1778 20 10
6.5E7
7.0E7
7.5E7
1778 20 10
6.5E7
8.5E7
8.0E7
1778 20 10
6.5E7
7.0E7
8.0E7
562 20 10
1.0E7
1.0625E7
8750000.0
562 20 10
9375000.0
1.375E7
8125000.0
1778 20 10
6.0E7
1.0E8
7.5E7
1778 20 10
6.5E7
8.5E7
6.5E7
1000 20 10
2.5E7
3.25E7
2.0E7
1778 20 10
6.5E7
1.15E8
6.5E7
3162 20 10
1.5E8
3.1E8
1.8E8
3162 20 10
1.6E8
2.6E8
2.3E8
3162 20 10
1.8E8
2.8E8
2.1E8
3162 20 10
1.8E8
2.6E8
1.8E8
1000 20 10
2.5E7
2.75E7
1.75E7
1000 20 10
2.5E7
2.75E7
2.25E7
1000 20 10
2.375E7
3.5E7
2.0E7
3162 20 10
1.6E8
1.9E8
1.6E8
3162 20 10
1.6E8
1.7E8
1.7E8
3162 20 10
1.9E8
1.8E8
1.7E8
3162 20 10
1.7E8
1.8E8
1.8E8
3162 20 10
1.6E8
1.9E8
1.7E8
3162 20 10
1.7E8
1.6E8
1.5E8
5623 20 10
4.0E8
4.9E8
3.9E8
5623 20 10
4.0E8
5.3E8
4.1E8
5623 20 10
4.1E8
5.3E8
4.3E8
5623 20 10
4.1E8
5.0E8
4.0E8
5623 20 10
4.0E8
5.3E8
4.3E8
5623 20 10
4.2E8
5.4E8
4.5E8
5623 20 10
3.9E8
5.6E8
4.5E8
5623 20 10
4.0E8
5.2E8
4.2E8
5623 20 10
4.0E8
4.9E8
4.4E8
5623 20 10
4.0E8
5.0E8
4.0E8
10000 20 10
9.8E8
1.71E9
1.13E9
10000 20 10
1.01E9
2.0E9
1.04E9
10000 20 10
1.03E9
2.02E9
1.01E9
10000 20 10
1.02E9
1.97E9
1.24E9
10000 20 10
1.0E9
1.98E9
1.35E9
10000 20 10
9.9E8
2.43E9
1.01E9
10000 20 10
9.8E8
2.34E9
1.04E9
10000 20 10
1.01E9
2.03E9
1.3E9
10000 20 10
1.02E9
2.67E9
1.28E9
10000 20 10
1.0E9
2.67E9
1.38E9
17782 20 10
2.75E9
7.8E9
2.64E9
17782 20 10
2.47E9
8.52E9
2.73E9
17782 20 10
2.53E9
9.06E9
2.74E9
17782 20 10
2.65E9
9.26E9
2.73E9
17782 20 10
2.6E9
9.14E9
2.59E9
17782 20 10
2.57E9
9.49E9
2.55E9
17782 20 10
2.65E9
9.49E9
2.66E9
17782 20 10
2.47E9
1.081E10
2.7E9
17782 20 10
2.86E9
1.079E10
2.63E9
17782 20 10
2.84E9
1.083E10
2.68E9
31622 20 10
6.54E9
2.301E10
6.32E9
31622 20 10
6.78E9
2.467E10
6.14E9
31622 20 10
6.56E9
2.565E10
6.28E9
31622 20 10
6.6E9
2.655E10
6.01E9
31622 20 10
6.69E9
2.575E10
6.02E9
31622 20 10
6.49E9
2.814E10
6.16E9
31622 20 10
6.37E9
2.849E10
6.09E9
31622 20 10
6.29E9
2.781E10
6.04E9
31622 20 10
5.99E9
2.962E10
6.08E9
31622 20 10
6.28E9
2.98E10
6.06E9
56234 20 10
1.644E10
8.023E10
1.426E10
56234 20 10
1.542E10
8.527E10
1.441E10
56234 20 10
1.496E10
8.315E10
1.462E10
56234 20 10
1.536E10
8.599E10
1.393E10
56234 20 10
1.665E10
8.557E10
1.465E10
56234 20 10
1.536E10
8.718E10
1.456E10
56234 20 10
1.725E10
8.54E10
1.48E10
56234 20 10
1.809E10
8.485E10
1.424E10
56234 20 10
1.543E10
9.073E10
1.387E10
56234 20 10
1.857E10
8.829E10
1.406E10
100000 20 10
4.05E10
2.048E11
2.959E10
100000 20 10
3.736E10
1.9745E11
3.041E10
100000 20 10
3.825E10
2.1466E11
3.16E10
100000 20 10
3.773E10
2.1012E11
3.045E10
100000 20 10
3.782E10
2.2332E11
2.968E10
100000 20 10
3.786E10
2.2508E11
3.164E10
100000 20 10
3.793E10
2.2563E11
3.051E10
100000 20 10
3.678E10
2.2352E11
3.162E10
100000 20 10
3.841E10
2.2351E11
3.207E10
100000 20 10
3.893E10
2.2964E11
3.185E10
