316 7 10
3437500.0
3750000.0
3750000.0
562 7 10
8750000.0
8750000.0
7500000.0
177 7 10
1328125.0
1015625.0
1015625.0
177 7 10
1328125.0
1015625.0
1015625.0
100 7 10
546875.0
371093.75
429687.5
100 7 10
585937.5
371093.75
429687.5
177 7 10
1250000.0
1250000.0
1015625.0
177 7 10
1406250.0
1171875.0
1093750.0
177 7 10
1250000.0
1250000.0
1093750.0
177 7 10
1406250.0
1250000.0
1015625.0
177 7 10
1250000.0
1328125.0
1171875.0
100 7 10
546875.0
410156.25
429687.5
316 7 10
3437500.0
2656250.0
2968750.0
316 7 10
3750000.0
3437500.0
3125000.0
100 7 10
507812.5
410156.25
429687.5
177 7 10
1328125.0
1250000.0
1015625.0
562 7 10
8125000.0
1.25E7
8125000.0
177 7 10
1328125.0
1328125.0
1171875.0
100 7 10
546875.0
429687.5
371093.75
316 7 10
3437500.0
3437500.0
2968750.0
316 7 10
3437500.0
3281250.0
2812500.0
316 7 10
3437500.0
3125000.0
2968750.0
177 7 10
1484375.0
1250000.0
1093750.0
316 7 10
3437500.0
3750000.0
2812500.0
316 7 10
3437500.0
2968750.0
2500000.0
316 7 10
3437500.0
2968750.0
2968750.0
100 7 10
546875.0
371093.75
371093.75
100 7 10
546875.0
371093.75
390625.0
100 7 10
507812.5
390625.0
371093.75
100 7 10
507812.5
410156.25
390625.0
100 7 10
507812.5
371093.75
390625.0
316 7 10
3281250.0
2812500.0
2812500.0
562 7 10
9375000.0
8750000.0
8750000.0
562 7 10
8750000.0
8125000.0
8125000.0
562 7 10
8125000.0
9375000.0
6875000.0
562 7 10
8750000.0
9375000.0
7500000.0
1778 7 10
5.5E7
8.5E7
5.5E7
1778 7 10
5.5E7
1.1E8
6.0E7
562 7 10
8125000.0
8125000.0
7500000.0
562 7 10
8125000.0
1.0E7
7500000.0
562 7 10
8750000.0
1.125E7
7500000.0
1778 7 10
5.25E7
1.1E8
5.5E7
1000 7 10
2.125E7
2.75E7
2.0E7
3162 7 10
1.2E8
2.8E8
1.3E8
1000 7 10
2.0E7
2.75E7
2.0E7
562 7 10
8125000.0
1.125E7
8125000.0
1000 7 10
2.25E7
3.0E7
2.0E7
3162 7 10
1.2E8
2.9E8
1.3E8
1000 7 10
2.125E7
2.75E7
1.875E7
3162 7 10
1.2E8
2.5E8
1.3E8
3162 7 10
1.2E8
3.2E8
1.2E8
1000 7 10
2.125E7
3.25E7
1.875E7
1000 7 10
2.0E7
3.5E7
2.0E7
1000 7 10
2.125E7
3.0E7
1.875E7
1000 7 10
2.25E7
3.25E7
1.875E7
1778 7 10
5.5E7
1.05E8
5.0E7
1000 7 10
2.25E7
3.5E7
2.0E7
1000 7 10
2.25E7
3.5E7
1.875E7
1778 7 10
5.5E7
1.1E8
5.25E7
1778 7 10
5.25E7
8.5E7
5.0E7
1778 7 10
6.0E7
8.0E7
4.75E7
1778 7 10
5.25E7
8.5E7
5.0E7
1778 7 10
5.75E7
8.0E7
5.0E7
1778 7 10
5.5E7
8.0E7
5.0E7
3162 7 10
1.5E8
2.3E8
1.2E8
3162 7 10
1.3E8
2.3E8
1.2E8
3162 7 10
1.4E8
2.3E8
1.2E8
3162 7 10
1.3E8
2.3E8
1.3E8
3162 7 10
1.3E8
2.3E8
1.3E8
3162 7 10
1.2E8
2.3E8
1.2E8
5623 7 10
3.1E8
7.4E8
3.1E8
5623 7 10
3.1E8
7.6E8
3.0E8
5623 7 10
3.0E8
8.0E8
3.1E8
5623 7 10
3.1E8
8.0E8
3.1E8
5623 7 10
3.1E8
8.0E8
3.1E8
5623 7 10
3.0E8
7.8E8
3.1E8
5623 7 10
2.9E8
7.9E8
3.1E8
5623 7 10
3.1E8
7.7E8
3.1E8
5623 7 10
3.0E8
8.4E8
3.2E8
5623 7 10
3.1E8
8.2E8
3.1E8
10000 7 10
7.4E8
2.88E9
7.3E8
10000 7 10
7.2E8
2.96E9
7.9E8
10000 7 10
7.3E8
3.11E9
7.6E8
10000 7 10
7.4E8
3.0E9
7.2E8
10000 7 10
7.2E8
3.06E9
7.5E8
10000 7 10
7.2E8
2.88E9
7.4E8
10000 7 10
7.1E8
3.09E9
7.3E8
10000 7 10
7.4E8
3.1E9
7.8E8
10000 7 10
7.3E8
3.14E9
7.2E8
10000 7 10
7.3E8
3.0E9
7.5E8
17782 7 10
1.77E9
1.156E10
1.81E9
17782 7 10
1.85E9
1.189E10
1.83E9
17782 7 10
1.74E9
1.214E10
1.85E9
17782 7 10
1.91E9
1.209E10
1.8E9
17782 7 10
1.74E9
1.259E10
1.86E9
17782 7 10
1.85E9
1.393E10
1.82E9
17782 7 10
1.7E9
1.386E10
2.08E9
17782 7 10
1.89E9
1.54E10
2.02E9
17782 7 10
1.81E9
1.611E10
2.08E9
17782 7 10
1.73E9
1.715E10
2.04E9
31622 7 10
4.44E9
4.675E10
4.16E9
31622 7 10
4.4E9
4.937E10
4.07E9
31622 7 10
4.32E9
4.703E10
4.14E9
31622 7 10
4.26E9
4.825E10
4.38E9
31622 7 10
4.32E9
4.841E10
4.35E9
31622 7 10
4.46E9
5.131E10
4.91E9
31622 7 10
4.2E9
5.418E10
4.52E9
31622 7 10
4.39E9
5.565E10
3.57E9
31622 7 10
4.19E9
5.664E10
4.14E9
31622 7 10
4.25E9
5.768E10
4.22E9
56234 7 10
9.78E9
1.4816E11
7.97E9
56234 7 10
1.0E10
1.5007E11
8.05E9
56234 7 10
1.235E10
1.4992E11
8.42E9
56234 7 10
1.247E10
1.5104E11
8.28E9
56234 7 10
1.009E10
1.5382E11
8.47E9
56234 7 10
1.034E10
1.5521E11
8.91E9
56234 7 10
1.018E10
1.5765E11
8.13E9
56234 7 10
1.154E10
1.5647E11
8.6E9
56234 7 10
1.018E10
1.632E11
7.72E9
56234 7 10
1.039E10
1.6593E11
8.32E9
100000 7 10
2.5E10
3.7432E11
1.533E10
100000 7 10
2.371E10
3.7793E11
1.513E10
100000 7 10
2.389E10
3.8342E11
1.497E10
100000 7 10
2.345E10
4.0837E11
1.793E10
100000 7 10
2.441E10
4.0708E11
1.837E10
100000 7 10
2.343E10
4.096E11
1.788E10
100000 7 10
2.232E10
4.1672E11
1.491E10
100000 7 10
2.365E10
4.1034E11
1.786E10
100000 7 10
2.28E10
4.1289E11
1.859E10
100000 7 10
2.407E10
4.2675E11
1.623E10
