316 15 2
3437500.0
3750000.0
4375000.0
316 15 2
3750000.0
3437500.0
3437500.0
316 15 2
3750000.0
4062500.0
3437500.0
316 15 2
3750000.0
3437500.0
3750000.0
100 15 2
546875.0
546875.0
585937.5
100 15 2
546875.0
546875.0
585937.5
100 15 2
585937.5
546875.0
585937.5
100 15 2
507812.5
585937.5
585937.5
100 15 2
585937.5
507812.5
546875.0
100 15 2
585937.5
507812.5
546875.0
316 15 2
3750000.0
2968750.0
3437500.0
177 15 2
1406250.0
1718750.0
1718750.0
100 15 2
585937.5
546875.0
585937.5
177 15 2
1328125.0
1718750.0
1484375.0
100 15 2
585937.5
664062.5
585937.5
316 15 2
3437500.0
3750000.0
3437500.0
177 15 2
1328125.0
1718750.0
1328125.0
100 15 2
585937.5
781250.0
546875.0
316 15 2
3750000.0
3593750.0
3437500.0
177 15 2
1406250.0
1406250.0
1250000.0
316 15 2
3437500.0
5781250.0
3437500.0
100 15 2
585937.5
664062.5
585937.5
562 15 2
9375000.0
1.4375E7
8125000.0
177 15 2
1562500.0
1250000.0
1328125.0
177 15 2
1562500.0
1328125.0
1250000.0
177 15 2
1484375.0
1171875.0
1250000.0
562 15 2
9375000.0
1.125E7
8750000.0
177 15 2
1562500.0
1406250.0
1250000.0
177 15 2
1484375.0
1484375.0
1250000.0
316 15 2
3750000.0
3906250.0
2812500.0
177 15 2
1562500.0
1484375.0
1328125.0
316 15 2
3750000.0
4218750.0
3125000.0
562 15 2
9375000.0
9375000.0
2.75E7
1778 15 2
6.0E7
1.3E8
1.2E8
1778 15 2
7.0E7
1.2E8
1.5E8
1000 15 2
2.75E7
2.875E7
2.75E7
1778 15 2
7.0E7
1.1E8
1.9E8
1778 15 2
7.0E7
1.1E8
1.3E8
1778 15 2
7.0E7
1.1E8
1.4E8
562 15 2
1.0E7
1.0E7
8750000.0
1778 15 2
6.0E7
1.1E8
2.3E8
1778 15 2
6.0E7
1.2E8
2.8E8
1778 15 2
6.0E7
1.15E8
1.6E8
562 15 2
9375000.0
8750000.0
1.25E7
562 15 2
1.0E7
8750000.0
9375000.0
562 15 2
1.0E7
1.0E7
2.0E7
1778 15 2
6.5E7
8.5E7
1.9E8
1778 15 2
6.0E7
1.1E8
1.7E8
1000 15 2
2.625E7
4.25E7
3.5E7
1000 15 2
2.5E7
4.75E7
3.75E7
1000 15 2
2.5E7
3.0E7
2.25E7
1000 15 2
2.375E7
4.0E7
5.5E7
562 15 2
1.0E7
1.25E7
1.1875E7
562 15 2
1.0E7
1.25E7
1.1875E7
1000 15 2
2.5E7
3.0E7
2.375E7
562 15 2
9375000.0
1.1875E7
1.0625E7
1000 15 2
2.5E7
4.5E7
3.5E7
1000 15 2
2.375E7
4.0E7
3.0E7
1000 15 2
2.75E7
1.05E8
3.75E7
1000 15 2
2.75E7
5.5E7
2.375E7
3162 15 2
1.5E8
2.5E8
1.7E8
3162 15 2
1.5E8
3.5E8
2.4E8
3162 15 2
1.7E8
4.1E8
2.0E8
3162 15 2
1.7E8
6.0E8
1.5E8
3162 15 2
1.9E8
2.7E8
1.4E8
3162 15 2
1.7E8
2.0E8
1.4E8
3162 15 2
2.0E8
2.2E8
1.4E8
3162 15 2
1.9E8
2.2E8
1.4E8
3162 15 2
1.7E8
2.1E8
1.4E8
3162 15 2
1.6E8
2.0E8
1.4E8
5623 15 2
4.0E8
6.0E8
4.1E8
5623 15 2
3.9E8
6.3E8
4.2E8
5623 15 2
4.0E8
7.3E8
4.3E8
5623 15 2
4.0E8
8.0E8
4.3E8
5623 15 2
4.2E8
7.7E8
5.0E8
5623 15 2
4.1E8
8.4E8
5.8E8
5623 15 2
4.6E8
7.7E8
6.3E8
5623 15 2
4.1E8
1.02E9
4.0E8
5623 15 2
4.2E8
1.0E9
4.6E8
5623 15 2
4.4E8
1.1E9
5.1E8
10000 15 2
9.9E8
2.8E9
1.01E9
10000 15 2
1.02E9
2.43E9
1.43E9
10000 15 2
1.04E9
2.43E9
1.22E9
10000 15 2
1.0E9
3.01E9
1.03E9
10000 15 2
1.05E9
3.22E9
1.0E9
10000 15 2
1.1E9
2.91E9
1.09E9
10000 15 2
9.8E8
2.89E9
1.13E9
10000 15 2
9.8E8
3.12E9
1.13E9
10000 15 2
9.9E8
3.23E9
1.09E9
10000 15 2
1.03E9
3.69E9
1.0E9
17782 15 2
2.65E9
7.82E9
2.48E9
17782 15 2
2.79E9
8.48E9
2.51E9
17782 15 2
2.8E9
8.87E9
2.76E9
17782 15 2
2.81E9
8.62E9
2.54E9
17782 15 2
3.41E9
1.026E10
2.85E9
17782 15 2
2.54E9
1.348E10
2.48E9
17782 15 2
2.54E9
1.326E10
3.16E9
17782 15 2
3.16E9
1.357E10
2.64E9
17782 15 2
2.75E9
1.477E10
3.09E9
17782 15 2
2.61E9
1.584E10
3.01E9
31622 15 2
6.42E9
3.139E10
5.9E9
31622 15 2
6.06E9
2.976E10
5.93E9
31622 15 2
6.44E9
3.267E10
5.91E9
31622 15 2
6.03E9
3.252E10
5.94E9
31622 15 2
6.03E9
3.309E10
5.84E9
31622 15 2
5.97E9
3.433E10
5.92E9
31622 15 2
6.39E9
3.529E10
5.83E9
31622 15 2
6.21E9
3.691E10
5.61E9
31622 15 2
6.12E9
3.577E10
5.94E9
31622 15 2
6.53E9
3.803E10
5.56E9
56234 15 2
1.585E10
9.25E10
1.202E10
56234 15 2
1.531E10
9.636E10
1.309E10
56234 15 2
1.483E10
9.377E10
1.374E10
56234 15 2
1.677E10
9.745E10
1.271E10
56234 15 2
1.485E10
9.759E10
1.309E10
56234 15 2
2.016E10
9.472E10
1.257E10
56234 15 2
1.555E10
9.82E10
1.389E10
56234 15 2
1.644E10
1.0118E11
1.346E10
56234 15 2
1.821E10
1.016E11
1.218E10
56234 15 2
1.549E10
1.0094E11
1.337E10
100000 15 2
3.587E10
2.2219E11
2.851E10
100000 15 2
3.577E10
2.2651E11
2.836E10
100000 15 2
3.746E10
2.3916E11
2.854E10
100000 15 2
3.608E10
2.2517E11
2.854E10
100000 15 2
3.639E10
2.2822E11
2.842E10
100000 15 2
3.845E10
2.4589E11
2.867E10
100000 15 2
3.623E10
2.3894E11
2.873E10
100000 15 2
3.598E10
2.407E11
2.864E10
100000 15 2
3.575E10
2.4255E11
2.855E10
100000 15 2
3.646E10
2.4344E11
2.846E10
