316 20 3
3437500.0
3437500.0
3437500.0
316 20 3
3750000.0
3750000.0
3437500.0
316 20 3
3750000.0
3437500.0
3437500.0
316 20 3
3750000.0
3750000.0
3437500.0
316 20 3
3750000.0
3437500.0
3437500.0
100 20 3
546875.0
585937.5
585937.5
100 20 3
546875.0
625000.0
585937.5
100 20 3
546875.0
585937.5
625000.0
100 20 3
546875.0
625000.0
625000.0
100 20 3
585937.5
625000.0
625000.0
100 20 3
546875.0
625000.0
625000.0
562 20 3
9375000.0
8125000.0
8750000.0
100 20 3
625000.0
585937.5
664062.5
316 20 3
3750000.0
3437500.0
3750000.0
316 20 3
4062500.0
3281250.0
3437500.0
316 20 3
4062500.0
3437500.0
3593750.0
100 20 3
625000.0
625000.0
625000.0
562 20 3
9375000.0
8125000.0
8750000.0
100 20 3
546875.0
625000.0
664062.5
100 20 3
585937.5
585937.5
585937.5
177 20 3
1484375.0
1406250.0
1406250.0
177 20 3
1484375.0
1328125.0
1328125.0
177 20 3
1406250.0
1406250.0
1406250.0
177 20 3
1484375.0
1406250.0
1406250.0
177 20 3
1406250.0
1250000.0
1328125.0
177 20 3
1406250.0
1250000.0
1406250.0
177 20 3
1406250.0
1406250.0
1484375.0
177 20 3
1484375.0
1328125.0
1406250.0
177 20 3
1406250.0
1484375.0
1406250.0
177 20 3
1562500.0
1406250.0
1406250.0
316 20 3
3750000.0
3281250.0
3281250.0
316 20 3
4062500.0
3281250.0
3125000.0
1778 20 3
6.0E7
6.0E7
1.1E8
562 20 3
1.0E7
7500000.0
1.375E7
562 20 3
1.0E7
7500000.0
1.625E7
1778 20 3
6.0E7
5.5E7
7.0E7
562 20 3
1.0625E7
7500000.0
8750000.0
1000 20 3
2.375E7
5.5E7
7.5E7
562 20 3
9375000.0
1.0E7
2.0E7
1778 20 3
6.5E7
1.8E8
1.7E8
1000 20 3
2.5E7
2.75E7
3.25E7
1778 20 3
6.0E7
7.0E7
6.5E7
1000 20 3
2.5E7
2.75E7
3.0E7
1000 20 3
2.5E7
3.0E7
3.25E7
1000 20 3
2.5E7
3.0E7
3.25E7
562 20 3
1.0E7
8750000.0
8125000.0
562 20 3
8125000.0
1.5E7
1.5E7
1778 20 3
6.5E7
7.5E7
6.5E7
562 20 3
1.0E7
1.125E7
1.0E7
1000 20 3
2.5E7
3.5E7
3.0E7
562 20 3
1.0E7
1.0625E7
1.0E7
1778 20 3
6.0E7
9.0E7
8.0E7
1778 20 3
6.0E7
8.0E7
7.5E7
3162 20 3
1.6E8
1.9E8
1.9E8
1778 20 3
6.0E7
1.05E8
8.0E7
1778 20 3
6.5E7
9.0E7
7.5E7
1778 20 3
6.5E7
9.0E7
8.0E7
1000 20 3
2.5E7
2.75E7
2.125E7
3162 20 3
1.6E8
3.0E8
2.2E8
3162 20 3
1.6E8
3.5E8
2.2E8
1000 20 3
2.625E7
2.25E7
2.25E7
1000 20 3
2.5E7
5.0E7
2.25E7
1000 20 3
2.75E7
5.125E7
2.125E7
3162 20 3
2.0E8
4.0E8
1.6E8
3162 20 3
1.8E8
1.9E8
1.6E8
3162 20 3
1.8E8
1.9E8
1.6E8
3162 20 3
2.0E8
1.8E8
1.6E8
3162 20 3
1.6E8
1.7E8
1.6E8
3162 20 3
1.7E8
1.8E8
1.5E8
3162 20 3
2.0E8
1.7E8
1.8E8
5623 20 3
4.1E8
5.1E8
4.1E8
5623 20 3
4.6E8
5.9E8
4.2E8
5623 20 3
4.1E8
5.7E8
4.3E8
5623 20 3
3.9E8
6.1E8
4.0E8
5623 20 3
4.0E8
6.7E8
5.7E8
5623 20 3
4.2E8
6.4E8
5.8E8
5623 20 3
3.9E8
7.2E8
5.0E8
5623 20 3
4.0E8
7.2E8
5.0E8
5623 20 3
4.0E8
6.5E8
6.0E8
5623 20 3
4.0E8
7.1E8
5.0E8
10000 20 3
9.8E8
1.61E9
1.01E9
10000 20 3
1.05E9
1.68E9
9.9E8
10000 20 3
9.8E8
1.76E9
1.0E9
10000 20 3
9.7E8
1.82E9
1.07E9
10000 20 3
1.0E9
1.79E9
1.15E9
10000 20 3
1.03E9
1.82E9
1.07E9
10000 20 3
9.9E8
1.83E9
1.0E9
10000 20 3
1.06E9
1.65E9
1.05E9
10000 20 3
9.7E8
1.81E9
1.03E9
10000 20 3
9.9E8
2.05E9
1.1E9
17782 20 3
2.59E9
6.06E9
2.64E9
17782 20 3
2.65E9
5.99E9
2.86E9
17782 20 3
2.55E9
6.55E9
2.93E9
17782 20 3
2.59E9
7.03E9
2.53E9
17782 20 3
2.54E9
7.62E9
2.61E9
17782 20 3
2.63E9
7.36E9
2.64E9
17782 20 3
2.71E9
7.99E9
2.46E9
17782 20 3
3.07E9
8.02E9
2.42E9
17782 20 3
2.65E9
8.31E9
2.51E9
17782 20 3
2.7E9
8.05E9
2.52E9
31622 20 3
6.21E9
2.101E10
6.16E9
31622 20 3
6.81E9
2.445E10
6.47E9
31622 20 3
6.13E9
2.444E10
6.33E9
31622 20 3
6.27E9
2.478E10
6.2E9
31622 20 3
6.06E9
2.608E10
6.02E9
31622 20 3
6.45E9
2.539E10
6.39E9
31622 20 3
6.28E9
2.658E10
6.28E9
31622 20 3
6.4E9
2.67E10
6.24E9
31622 20 3
6.69E9
2.777E10
5.69E9
31622 20 3
6.46E9
2.63E10
6.37E9
56234 20 3
1.571E10
7.621E10
1.422E10
56234 20 3
1.54E10
7.919E10
1.507E10
56234 20 3
1.535E10
8.029E10
1.485E10
56234 20 3
1.715E10
8.093E10
1.44E10
56234 20 3
1.531E10
8.673E10
1.513E10
56234 20 3
1.748E10
8.487E10
1.43E10
56234 20 3
1.737E10
8.394E10
1.463E10
56234 20 3
1.544E10
8.929E10
1.477E10
56234 20 3
1.872E10
8.301E10
1.462E10
56234 20 3
1.794E10
8.561E10
1.394E10
100000 20 3
3.908E10
2.1016E11
2.98E10
100000 20 3
3.897E10
2.1223E11
3.017E10
100000 20 3
3.757E10
2.0596E11
2.899E10
100000 20 3
3.643E10
2.0626E11
3.081E10
100000 20 3
3.821E10
2.0941E11
2.955E10
100000 20 3
3.861E10
2.139E11
2.837E10
100000 20 3
3.687E10
2.1516E11
3.051E10
100000 20 3
3.748E10
2.1469E11
3.203E10
100000 20 3
3.738E10
2.172E11
3.196E10
100000 20 3
3.603E10
2.157E11
3.23E10
