100 7 5
546875.0
429687.5
429687.5
100 7 5
468750.0
390625.0
429687.5
562 7 5
8750000.0
8750000.0
8750000.0
100 7 5
546875.0
371093.75
468750.0
100 7 5
507812.5
390625.0
429687.5
177 7 5
1328125.0
1093750.0
1171875.0
100 7 5
546875.0
410156.25
468750.0
177 7 5
1328125.0
1093750.0
1093750.0
177 7 5
1250000.0
1093750.0
1171875.0
100 7 5
546875.0
410156.25
468750.0
100 7 5
507812.5
410156.25
429687.5
177 7 5
1250000.0
1093750.0
1250000.0
100 7 5
546875.0
410156.25
429687.5
562 7 5
8750000.0
9375000.0
8750000.0
177 7 5
1328125.0
1093750.0
1171875.0
177 7 5
1250000.0
1093750.0
1171875.0
177 7 5
1328125.0
1093750.0
1171875.0
100 7 5
546875.0
429687.5
429687.5
177 7 5
1250000.0
1093750.0
1171875.0
177 7 5
1250000.0
1093750.0
1093750.0
177 7 5
1328125.0
1015625.0
1093750.0
316 7 5
3437500.0
3125000.0
2812500.0
316 7 5
3437500.0
3437500.0
3125000.0
316 7 5
3437500.0
2968750.0
3125000.0
316 7 5
3437500.0
3437500.0
2968750.0
316 7 5
3437500.0
3281250.0
2812500.0
316 7 5
3437500.0
2968750.0
2812500.0
316 7 5
3437500.0
2812500.0
2656250.0
316 7 5
3437500.0
3125000.0
2656250.0
316 7 5
3281250.0
3125000.0
2812500.0
316 7 5
3281250.0
3281250.0
2812500.0
100 7 5
585937.5
410156.25
410156.25
562 7 5
8750000.0
8125000.0
8750000.0
1778 7 5
5.25E7
1.1E8
5.5E7
562 7 5
8125000.0
8125000.0
7500000.0
1778 7 5
5.5E7
1.0E8
5.5E7
562 7 5
8750000.0
9375000.0
8125000.0
562 7 5
8125000.0
1.1875E7
8125000.0
562 7 5
8750000.0
1.1875E7
8125000.0
1000 7 5
2.125E7
2.75E7
1.75E7
562 7 5
8750000.0
1.125E7
8125000.0
562 7 5
8750000.0
1.25E7
7500000.0
562 7 5
8750000.0
1.125E7
7500000.0
1000 7 5
2.25E7
3.25E7
2.0E7
1000 7 5
2.0E7
3.75E7
1.75E7
1000 7 5
2.25E7
3.5E7
1.875E7
1000 7 5
2.125E7
3.5E7
1.875E7
1000 7 5
2.0E7
3.5E7
1.875E7
1000 7 5
2.125E7
3.75E7
1.875E7
1778 7 5
5.5E7
9.0E7
5.0E7
1000 7 5
2.125E7
4.0E7
1.875E7
1000 7 5
2.25E7
3.75E7
1.875E7
1000 7 5
2.125E7
3.25E7
1.875E7
3162 7 5
1.3E8
3.3E8
1.2E8
3162 7 5
1.2E8
2.6E8
1.2E8
3162 7 5
1.2E8
2.8E8
1.3E8
3162 7 5
1.3E8
2.8E8
1.2E8
1778 7 5
5.75E7
1.2E8
5.0E7
1778 7 5
5.75E7
1.1E8
5.0E7
1778 7 5
5.75E7
1.1E8
4.75E7
1778 7 5
5.5E7
1.1E8
5.0E7
1778 7 5
5.5E7
8.5E7
5.0E7
1778 7 5
5.5E7
8.0E7
5.0E7
1778 7 5
5.75E7
8.0E7
5.25E7
3162 7 5
1.3E8
2.3E8
1.2E8
3162 7 5
1.3E8
2.3E8
1.2E8
3162 7 5
1.2E8
2.3E8
1.2E8
3162 7 5
1.3E8
2.3E8
1.3E8
3162 7 5
1.3E8
2.2E8
1.2E8
3162 7 5
1.3E8
2.3E8
1.3E8
5623 7 5
3.1E8
7.4E8
3.2E8
5623 7 5
3.1E8
7.4E8
3.1E8
5623 7 5
3.0E8
8.0E8
3.1E8
5623 7 5
3.1E8
8.2E8
3.1E8
5623 7 5
3.0E8
7.9E8
3.2E8
5623 7 5
3.0E8
8.0E8
3.2E8
5623 7 5
3.1E8
8.0E8
3.1E8
5623 7 5
3.1E8
8.4E8
3.1E8
5623 7 5
3.1E8
8.2E8
3.1E8
5623 7 5
3.2E8
8.6E8
3.1E8
10000 7 5
7.3E8
2.75E9
7.3E8
10000 7 5
7.3E8
2.91E9
7.7E8
10000 7 5
7.3E8
2.79E9
7.4E8
10000 7 5
8.3E8
2.8E9
7.6E8
10000 7 5
7.3E8
2.78E9
8.1E8
10000 7 5
7.3E8
2.97E9
7.8E8
10000 7 5
7.3E8
2.93E9
7.8E8
10000 7 5
7.8E8
2.95E9
7.5E8
10000 7 5
7.4E8
3.11E9
7.4E8
10000 7 5
7.3E8
2.97E9
7.5E8
17782 7 5
1.91E9
1.021E10
1.76E9
17782 7 5
1.72E9
1.001E10
1.76E9
17782 7 5
1.77E9
1.03E10
1.79E9
17782 7 5
1.76E9
1.077E10
1.87E9
17782 7 5
1.73E9
1.085E10
1.8E9
17782 7 5
1.74E9
1.128E10
1.79E9
17782 7 5
1.74E9
1.108E10
1.79E9
17782 7 5
1.71E9
1.139E10
1.77E9
17782 7 5
1.76E9
1.173E10
1.75E9
17782 7 5
1.75E9
1.17E10
2.03E9
31622 7 5
4.43E9
3.886E10
4.16E9
31622 7 5
4.08E9
4.265E10
4.24E9
31622 7 5
4.19E9
4.33E10
4.48E9
31622 7 5
4.35E9
4.357E10
4.36E9
31622 7 5
4.45E9
4.547E10
4.22E9
31622 7 5
4.3E9
4.421E10
4.13E9
31622 7 5
4.29E9
4.588E10
4.28E9
31622 7 5
4.44E9
4.613E10
4.3E9
31622 7 5
4.11E9
4.79E10
4.37E9
31622 7 5
4.29E9
4.891E10
4.54E9
56234 7 5
1.026E10
1.3857E11
8.24E9
56234 7 5
9.53E9
1.4135E11
8.59E9
56234 7 5
1.021E10
1.4118E11
8.61E9
56234 7 5
9.81E9
1.4143E11
8.77E9
56234 7 5
1.022E10
1.4317E11
8.67E9
56234 7 5
9.97E9
1.5076E11
7.83E9
56234 7 5
9.73E9
1.5374E11
8.0E9
56234 7 5
9.88E9
1.5761E11
7.77E9
56234 7 5
1.015E10
1.5829E11
8.08E9
56234 7 5
1.107E10
1.5448E11
8.35E9
100000 7 5
2.399E10
3.5588E11
1.739E10
100000 7 5
2.219E10
3.6672E11
1.75E10
100000 7 5
2.328E10
3.7236E11
1.701E10
100000 7 5
2.194E10
3.9769E11
1.473E10
100000 7 5
2.275E10
4.0161E11
1.528E10
100000 7 5
2.198E10
4.0165E11
1.849E10
100000 7 5
2.275E10
4.1754E11
1.609E10
100000 7 5
2.215E10
4.2998E11
1.582E10
100000 7 5
2.264E10
4.306E11
1.624E10
100000 7 5
2.238E10
4.2761E11
1.486E10
