316 20 2
3750000.0
3437500.0
3437500.0
316 20 2
4062500.0
3437500.0
3437500.0
316 20 2
4062500.0
3437500.0
3437500.0
316 20 2
3750000.0
3437500.0
3437500.0
316 20 2
3750000.0
3437500.0
4062500.0
316 20 2
3750000.0
3281250.0
3437500.0
100 20 2
546875.0
585937.5
625000.0
100 20 2
585937.5
585937.5
664062.5
562 20 2
1.0E7
8750000.0
9375000.0
100 20 2
585937.5
585937.5
625000.0
562 20 2
1.0E7
8750000.0
9375000.0
316 20 2
4062500.0
3437500.0
4062500.0
100 20 2
585937.5
625000.0
742187.5
316 20 2
4062500.0
3593750.0
3437500.0
316 20 2
4062500.0
3281250.0
3750000.0
316 20 2
4062500.0
3437500.0
3437500.0
100 20 2
625000.0
585937.5
664062.5
100 20 2
585937.5
625000.0
703125.0
100 20 2
585937.5
585937.5
625000.0
100 20 2
546875.0
664062.5
703125.0
100 20 2
585937.5
625000.0
703125.0
100 20 2
585937.5
625000.0
625000.0
177 20 2
1484375.0
1328125.0
1328125.0
177 20 2
1562500.0
1328125.0
1406250.0
177 20 2
1484375.0
1406250.0
1406250.0
177 20 2
1562500.0
1406250.0
1328125.0
177 20 2
1562500.0
1250000.0
1328125.0
177 20 2
1484375.0
1406250.0
1406250.0
177 20 2
1562500.0
1328125.0
1328125.0
177 20 2
1484375.0
1406250.0
1406250.0
177 20 2
1484375.0
1406250.0
1328125.0
177 20 2
1484375.0
1406250.0
1406250.0
562 20 2
1.0E7
8750000.0
1.625E7
562 20 2
1.0E7
8750000.0
1.875E7
1778 20 2
6.5E7
7.0E7
1.1E8
562 20 2
1.0E7
8125000.0
1.125E7
562 20 2
9375000.0
8750000.0
1.0625E7
1778 20 2
6.5E7
7.5E7
8.5E7
1778 20 2
6.0E7
7.5E7
1.6E8
1000 20 2
2.75E7
2.5E7
3.0E7
1000 20 2
2.625E7
5.5E7
3.25E7
1000 20 2
2.5E7
3.0E7
3.0E7
1778 20 2
6.0E7
6.5E7
8.5E7
1000 20 2
2.625E7
3.25E7
4.0E7
1000 20 2
2.5E7
3.5E7
3.25E7
1000 20 2
2.625E7
3.25E7
3.25E7
1000 20 2
2.5E7
4.0E7
6.5E7
1000 20 2
2.5E7
3.25E7
3.25E7
562 20 2
9375000.0
1.125E7
8750000.0
1778 20 2
6.0E7
9.0E7
1.1E8
1000 20 2
2.625E7
2.75E7
3.25E7
1778 20 2
6.5E7
8.0E7
7.0E7
562 20 2
8750000.0
1.125E7
8750000.0
1778 20 2
6.5E7
1.25E8
1.2E8
1778 20 2
6.5E7
8.5E7
7.0E7
562 20 2
1.0E7
1.125E7
1.125E7
1778 20 2
6.5E7
9.5E7
9.0E7
3162 20 2
1.6E8
3.0E8
2.1E8
1778 20 2
6.5E7
1.0E8
1.2E8
1000 20 2
2.5E7
4.5E7
2.25E7
3162 20 2
1.6E8
2.9E8
2.6E8
562 20 2
1.0E7
1.5625E7
1.0E7
3162 20 2
1.5E8
3.1E8
2.4E8
3162 20 2
1.8E8
2.9E8
2.6E8
3162 20 2
2.0E8
2.3E8
1.6E8
3162 20 2
1.8E8
1.7E8
1.6E8
3162 20 2
2.3E8
2.6E8
1.9E8
3162 20 2
2.5E8
2.2E8
1.9E8
3162 20 2
2.1E8
2.3E8
1.9E8
3162 20 2
2.4E8
1.9E8
1.8E8
5623 20 2
4.2E8
4.9E8
4.1E8
5623 20 2
4.1E8
5.0E8
5.0E8
5623 20 2
4.3E8
6.4E8
4.6E8
5623 20 2
4.3E8
7.4E8
4.8E8
5623 20 2
4.1E8
7.7E8
4.9E8
5623 20 2
4.5E8
6.6E8
6.2E8
5623 20 2
4.2E8
7.4E8
5.7E8
5623 20 2
4.2E8
8.2E8
5.3E8
5623 20 2
4.3E8
8.0E8
5.2E8
5623 20 2
4.0E8
7.1E8
4.8E8
10000 20 2
1.02E9
1.75E9
1.04E9
10000 20 2
1.03E9
1.97E9
1.11E9
10000 20 2
1.03E9
1.82E9
1.23E9
10000 20 2
9.9E8
1.88E9
1.13E9
10000 20 2
1.0E9
2.01E9
1.05E9
10000 20 2
1.01E9
1.95E9
1.12E9
10000 20 2
1.0E9
1.83E9
1.35E9
10000 20 2
1.0E9
2.01E9
1.23E9
10000 20 2
1.03E9
2.08E9
1.17E9
10000 20 2
9.9E8
2.29E9
1.15E9
17782 20 2
2.53E9
5.89E9
2.55E9
17782 20 2
2.85E9
6.35E9
2.8E9
17782 20 2
2.78E9
6.46E9
2.73E9
17782 20 2
2.51E9
8.17E9
2.55E9
17782 20 2
2.5E9
7.54E9
2.73E9
17782 20 2
2.84E9
7.16E9
2.75E9
17782 20 2
2.51E9
7.61E9
3.01E9
17782 20 2
2.54E9
8.33E9
2.58E9
17782 20 2
2.59E9
7.98E9
2.82E9
17782 20 2
2.55E9
8.45E9
2.69E9
31622 20 2
6.39E9
2.198E10
6.34E9
31622 20 2
6.14E9
2.353E10
6.17E9
31622 20 2
6.22E9
2.501E10
6.44E9
31622 20 2
6.2E9
2.637E10
6.31E9
31622 20 2
6.65E9
2.591E10
6.13E9
31622 20 2
6.62E9
2.638E10
5.86E9
31622 20 2
7.75E9
2.509E10
6.0E9
31622 20 2
6.31E9
2.79E10
6.09E9
31622 20 2
7.36E9
2.751E10
6.14E9
31622 20 2
7.19E9
2.79E10
6.12E9
56234 20 2
1.58E10
7.335E10
1.413E10
56234 20 2
1.562E10
7.743E10
1.395E10
56234 20 2
1.544E10
7.776E10
1.465E10
56234 20 2
1.794E10
7.864E10
1.419E10
56234 20 2
1.628E10
8.309E10
1.347E10
56234 20 2
1.553E10
8.286E10
1.411E10
56234 20 2
1.731E10
7.967E10
1.44E10
56234 20 2
1.555E10
8.338E10
1.357E10
56234 20 2
1.55E10
8.581E10
1.37E10
56234 20 2
1.653E10
8.672E10
1.427E10
100000 20 2
3.723E10
1.8795E11
2.805E10
100000 20 2
3.69E10
1.9172E11
3.005E10
100000 20 2
3.924E10
2.031E11
2.8E10
100000 20 2
3.745E10
1.9795E11
2.878E10
100000 20 2
3.63E10
2.0345E11
2.646E10
100000 20 2
3.865E10
2.1118E11
3.025E10
100000 20 2
3.755E10
2.0258E11
3.041E10
100000 20 2
3.64E10
2.0533E11
3.043E10
100000 20 2
3.706E10
2.0446E11
3.055E10
100000 20 2
3.77E10
2.1057E11
3.032E10
