100 15 1
546875.0
546875.0
507812.5
100 15 1
546875.0
507812.5
546875.0
100 15 1
546875.0
585937.5
507812.5
100 15 1
546875.0
507812.5
507812.5
100 15 1
585937.5
546875.0
468750.0
100 15 1
585937.5
507812.5
507812.5
100 15 1
585937.5
507812.5
585937.5
100 15 1
507812.5
507812.5
546875.0
100 15 1
585937.5
507812.5
546875.0
100 15 1
546875.0
546875.0
585937.5
316 15 1
3750000.0
3437500.0
3125000.0
177 15 1
1406250.0
1171875.0
1250000.0
177 15 1
1406250.0
1171875.0
1250000.0
177 15 1
1406250.0
1250000.0
1250000.0
562 15 1
1.0E7
8125000.0
8750000.0
562 15 1
1.0625E7
8750000.0
8125000.0
177 15 1
1484375.0
1171875.0
1171875.0
177 15 1
1406250.0
1171875.0
1171875.0
177 15 1
1328125.0
1171875.0
1328125.0
177 15 1
1484375.0
1250000.0
1250000.0
177 15 1
1328125.0
1250000.0
1250000.0
177 15 1
1328125.0
1171875.0
1171875.0
316 15 1
3750000.0
3281250.0
2812500.0
177 15 1
1562500.0
1250000.0
1250000.0
316 15 1
4062500.0
3281250.0
2968750.0
316 15 1
4062500.0
3125000.0
2968750.0
316 15 1
3750000.0
3437500.0
3125000.0
316 15 1
3437500.0
2968750.0
2812500.0
316 15 1
3750000.0
2968750.0
2968750.0
316 15 1
3750000.0
3125000.0
2812500.0
316 15 1
3750000.0
2968750.0
3125000.0
316 15 1
3750000.0
3281250.0
2812500.0
562 15 1
9375000.0
8125000.0
1.75E7
1778 15 1
6.0E7
9.0E7
1.1E8
562 15 1
1.0E7
8750000.0
1.0625E7
562 15 1
9375000.0
7500000.0
1.3125E7
562 15 1
1.0E7
8125000.0
1.0E7
1778 15 1
6.5E7
8.0E7
1.2E8
1000 15 1
2.5E7
2.75E7
6.0E7
1000 15 1
2.5E7
3.25E7
3.0E7
1000 15 1
2.375E7
3.25E7
4.25E7
562 15 1
9375000.0
8750000.0
1.375E7
1778 15 1
6.0E7
7.5E7
8.5E7
1778 15 1
6.0E7
9.5E7
1.4E8
562 15 1
8750000.0
8125000.0
1.125E7
1778 15 1
6.5E7
1.0E8
1.4E8
562 15 1
9375000.0
1.0625E7
9375000.0
1778 15 1
6.0E7
8.0E7
1.1E8
562 15 1
9375000.0
1.25E7
8750000.0
1778 15 1
6.0E7
1.0E8
7.0E7
1778 15 1
6.5E7
9.5E7
6.0E7
1778 15 1
6.0E7
1.25E8
6.0E7
3162 15 1
1.6E8
2.7E8
1.8E8
1778 15 1
6.0E7
1.35E8
6.0E7
3162 15 1
1.5E8
2.6E8
1.8E8
1000 15 1
2.5E7
3.5E7
2.25E7
3162 15 1
1.4E8
3.6E8
1.8E8
1000 15 1
2.375E7
5.0E7
2.125E7
1000 15 1
2.25E7
3.5E7
2.125E7
1000 15 1
2.25E7
4.25E7
2.0E7
1000 15 1
2.25E7
4.0E7
2.375E7
3162 15 1
1.5E8
3.1E8
1.6E8
1000 15 1
2.25E7
2.75E7
2.0E7
1000 15 1
2.375E7
3.375E7
2.125E7
3162 15 1
1.4E8
1.8E8
1.4E8
3162 15 1
1.5E8
1.8E8
1.3E8
3162 15 1
1.8E8
2.0E8
1.5E8
3162 15 1
1.7E8
1.9E8
1.4E8
3162 15 1
1.7E8
1.8E8
1.4E8
3162 15 1
1.6E8
1.9E8
1.5E8
5623 15 1
3.9E8
5.4E8
3.4E8
5623 15 1
3.9E8
5.2E8
3.6E8
5623 15 1
4.0E8
5.5E8
3.7E8
5623 15 1
4.1E8
5.4E8
3.6E8
5623 15 1
3.9E8
5.8E8
3.7E8
5623 15 1
4.0E8
5.7E8
3.7E8
5623 15 1
4.4E8
5.6E8
3.7E8
5623 15 1
3.8E8
5.9E8
3.7E8
5623 15 1
4.2E8
5.7E8
3.7E8
5623 15 1
3.9E8
5.3E8
3.7E8
10000 15 1
9.9E8
2.01E9
9.1E8
10000 15 1
9.3E8
2.12E9
1.02E9
10000 15 1
9.6E8
2.12E9
9.9E8
10000 15 1
1.07E9
1.93E9
1.01E9
10000 15 1
9.6E8
2.41E9
9.5E8
10000 15 1
1.08E9
2.17E9
1.03E9
10000 15 1
1.25E9
1.93E9
1.14E9
10000 15 1
9.4E8
2.3E9
9.6E8
10000 15 1
1.0E9
2.26E9
9.5E8
10000 15 1
9.8E8
2.22E9
9.5E8
17782 15 1
2.39E9
7.65E9
2.62E9
17782 15 1
2.27E9
7.02E9
2.54E9
17782 15 1
2.38E9
7.58E9
2.48E9
17782 15 1
2.36E9
7.21E9
2.65E9
17782 15 1
2.36E9
8.13E9
2.46E9
17782 15 1
2.33E9
8.47E9
2.48E9
17782 15 1
2.54E9
8.33E9
2.44E9
17782 15 1
2.51E9
8.42E9
2.52E9
17782 15 1
2.47E9
8.71E9
2.45E9
17782 15 1
2.39E9
9.07E9
2.48E9
31622 15 1
5.86E9
2.8E10
5.84E9
31622 15 1
6.02E9
2.867E10
5.98E9
31622 15 1
6.13E9
2.822E10
6.07E9
31622 15 1
5.82E9
2.818E10
6.02E9
31622 15 1
5.81E9
2.862E10
6.34E9
31622 15 1
6.11E9
2.916E10
6.09E9
31622 15 1
6.15E9
2.934E10
6.22E9
31622 15 1
5.89E9
3.141E10
5.93E9
31622 15 1
5.82E9
3.381E10
5.78E9
31622 15 1
5.87E9
3.29E10
6.59E9
56234 15 1
1.528E10
1.0068E11
1.346E10
56234 15 1
1.469E10
1.028E11
1.344E10
56234 15 1
1.758E10
1.0047E11
1.342E10
56234 15 1
1.463E10
1.072E11
1.417E10
56234 15 1
1.632E10
1.0337E11
1.327E10
56234 15 1
1.478E10
1.0735E11
1.367E10
56234 15 1
1.469E10
1.09E11
1.273E10
56234 15 1
1.473E10
1.1168E11
1.292E10
56234 15 1
1.468E10
1.1288E11
1.345E10
56234 15 1
1.453E10
1.1509E11
1.355E10
100000 15 1
3.63E10
2.3588E11
2.652E10
100000 15 1
3.607E10
2.4507E11
2.522E10
100000 15 1
3.589E10
2.4339E11
2.87E10
100000 15 1
3.733E10
2.6322E11
2.598E10
100000 15 1
3.605E10
2.5356E11
2.906E10
100000 15 1
3.592E10
2.5493E11
2.883E10
100000 15 1
3.619E10
2.5167E11
2.996E10
100000 15 1
3.568E10
2.669E11
3.166E10
100000 15 1
3.636E10
2.5816E11
3.196E10
100000 15 1
3.808E10
2.5568E11
3.107E10
