177 3 3
546875.0
859375.0
859375.0
316 3 3
1718750.0
2500000.0
2187500.0
177 3 3
585937.5
859375.0
859375.0
100 3 3
332031.25
292968.75
429687.5
100 3 3
253906.25
292968.75
234375.0
177 3 3
664062.5
937500.0
1093750.0
316 3 3
1562500.0
6875000.0
8125000.0
177 3 3
585937.5
859375.0
507812.5
100 3 3
273437.5
312500.0
429687.5
100 3 3
351562.5
332031.25
468750.0
316 3 3
1484375.0
2500000.0
2031250.0
177 3 3
937500.0
1484375.0
742187.5
100 3 3
371093.75
664062.5
1406250.0
100 3 3
312500.0
371093.75
429687.5
316 3 3
1328125.0
2968750.0
1875000.0
100 3 3
253906.25
312500.0
410156.25
316 3 3
1484375.0
2812500.0
2968750.0
316 3 3
1484375.0
2500000.0
1093750.0
100 3 3
332031.25
371093.75
390625.0
562 3 3
3437500.0
6562500.0
2500000.0
177 3 3
664062.5
781250.0
585937.5
177 3 3
703125.0
2421875.0
1718750.0
100 3 3
371093.75
390625.0
371093.75
177 3 3
546875.0
1093750.0
507812.5
316 3 3
1171875.0
1.375E7
1718750.0
316 3 3
1328125.0
5625000.0
1250000.0
562 3 3
3906250.0
5.25E7
4687500.0
177 3 3
703125.0
1054687.5
859375.0
100 3 3
312500.0
1113281.25
273437.5
316 3 3
1171875.0
5000000.0
1718750.0
177 3 3
468750.0
820312.5
1093750.0
316 3 3
1875000.0
9687500.0
1328125.0
562 3 3
3750000.0
8750000.0
4687500.0
562 3 3
3750000.0
8125000.0
4687500.0
562 3 3
4375000.0
1.125E7
2343750.0
562 3 3
2343750.0
8750000.0
2500000.0
562 3 3
4062500.0
9375000.0
8125000.0
562 3 3
2343750.0
1.125E7
4375000.0
1000 3 3
6562500.0
3.25E7
9375000.0
1000 3 3
4687500.0
1.875E7
6875000.0
1000 3 3
8437500.0
3.25E7
7500000.0
562 3 3
2343750.0
2.75E7
4062500.0
1000 3 3
5625000.0
1.625E7
4687500.0
1778 3 3
1.5E7
1.1E8
2.5E7
1000 3 3
7812500.0
3.0E7
4687500.0
1778 3 3
1.875E7
1.6E8
2.75E7
1000 3 3
5312500.0
1.1E8
6875000.0
1000 3 3
9375000.0
1.15E8
1.625E7
1000 3 3
6875000.0
7.0E7
1.5E7
1778 3 3
7500000.0
5.5E7
1.0E7
1778 3 3
1.625E7
8.0E7
1.875E7
1000 3 3
6562500.0
3.0E7
8125000.0
3162 3 3
1.75E7
2.2E8
1.875E7
1778 3 3
2.5E7
6.5E7
1.75E7
1778 3 3
8750000.0
5.5E7
1.3125E7
1778 3 3
9375000.0
5.5E7
1.0E7
1778 3 3
1.0625E7
1.7E8
2.25E7
3162 3 3
3.25E7
2.7E8
4.25E7
562 3 3
2968750.0
8750000.0
3750000.0
3162 3 3
3.75E7
3.2E8
3.5E7
1778 3 3
3.8125E7
1.8E8
1.75E7
1000 3 3
2.25E7
7.0E7
1.875E7
3162 3 3
2.75E7
3.2E8
4.0E7
1778 3 3
2.875E7
2.0E8
1.9375E7
3162 3 3
3.25E7
3.3E8
3.0E7
3162 3 3
3.0E7
2.7E8
2.75E7
3162 3 3
3.5E7
3.0E8
3.625E7
3162 3 3
1.625E7
3.4E8
1.875E7
3162 3 3
1.625E7
2.8E8
4.25E7
3162 3 3
4.75E7
3.3E8
3.25E7
5623 3 3
6.0E7
7.2E8
4.0E7
5623 3 3
3.25E7
7.7E8
3.25E7
5623 3 3
5.5E7
9.6E8
5.5E7
5623 3 3
7.0E7
6.5E8
5.5E7
5623 3 3
1.1E8
1.01E9
3.25E7
5623 3 3
1.1E8
1.06E9
6.0E7
5623 3 3
7.5E7
1.0E9
5.75E7
5623 3 3
1.3E8
1.09E9
3.5E7
5623 3 3
4.75E7
9.4E8
3.75E7
5623 3 3
6.0E7
1.46E9
1.8E8
10000 3 3
1.6E8
2.1E9
5.5E7
10000 3 3
6.5E7
2.32E9
6.0E7
10000 3 3
1.8E8
2.49E9
7.0E7
10000 3 3
1.3E8
2.9E9
1.0E8
10000 3 3
1.1E8
3.0E9
1.1E8
10000 3 3
1.5E8
3.08E9
9.0E7
10000 3 3
7.0E7
2.82E9
9.0E7
10000 3 3
1.6E8
3.03E9
8.0E7
10000 3 3
7.0E7
3.98E9
2.0E8
10000 3 3
2.6E8
4.05E9
9.5E7
17782 3 3
2.1E8
8.76E9
3.4E8
17782 3 3
2.0E8
1.059E10
1.6E8
17782 3 3
3.3E8
1.041E10
1.2E8
17782 3 3
6.2E8
1.093E10
1.5E8
17782 3 3
1.6E8
1.165E10
1.9E8
17782 3 3
3.1E8
1.445E10
3.3E8
17782 3 3
3.2E8
1.496E10
3.3E8
17782 3 3
1.23E9
1.689E10
2.3E8
17782 3 3
1.31E9
1.901E10
1.9E8
17782 3 3
2.0E8
2.207E10
1.5E8
31622 3 3
3.1E8
3.143E10
2.6E8
31622 3 3
3.1E8
3.336E10
2.8E8
31622 3 3
7.7E8
3.464E10
2.5E8
31622 3 3
5.7E8
3.463E10
2.5E8
31622 3 3
3.4E8
3.443E10
3.4E8
31622 3 3
2.9E8
3.484E10
2.1E8
31622 3 3
3.1E8
3.634E10
2.7E8
31622 3 3
1.27E9
3.75E10
2.1E8
31622 3 3
5.7E8
3.846E10
2.1E8
31622 3 3
4.6E8
4.313E10
2.3E8
56234 3 3
1.8E9
9.994E10
3.8E8
56234 3 3
1.11E9
1.0101E11
4.0E8
56234 3 3
9.9E8
1.0145E11
4.0E8
56234 3 3
9.9E8
1.0502E11
3.7E8
56234 3 3
1.08E9
1.0588E11
4.8E8
56234 3 3
6.5E8
1.0619E11
3.8E8
56234 3 3
6.9E8
1.0653E11
4.2E8
56234 3 3
1.32E9
1.1042E11
3.5E8
56234 3 3
1.09E9
1.0824E11
4.4E8
56234 3 3
9.2E8
1.0986E11
3.3E8
100000 3 3
2.7E9
2.5803E11
7.1E8
100000 3 3
4.17E9
2.7853E11
6.8E8
100000 3 3
4.25E9
2.7839E11
6.6E8
100000 3 3
2.94E9
2.9621E11
7.0E8
100000 3 3
1.69E9
2.9067E11
7.5E8
100000 3 3
1.33E9
2.9319E11
6.1E8
100000 3 3
1.91E9
2.9101E11
6.3E8
100000 3 3
1.46E9
2.931E11
6.0E8
100000 3 3
3.0E9
2.9336E11
5.2E8
100000 3 3
3.86E9
2.9514E11
5.2E8
