316 25 5
3750000.0
3437500.0
4062500.0
316 25 5
3750000.0
3437500.0
3750000.0
316 25 5
3750000.0
3750000.0
4062500.0
316 25 5
3750000.0
3750000.0
4062500.0
316 25 5
4062500.0
3750000.0
3437500.0
316 25 5
3750000.0
3750000.0
4062500.0
316 25 5
3750000.0
3750000.0
4062500.0
316 25 5
3750000.0
3437500.0
4375000.0
316 25 5
4062500.0
3750000.0
3437500.0
177 25 5
1328125.0
1718750.0
1718750.0
316 25 5
3437500.0
3750000.0
4062500.0
177 25 5
1562500.0
1718750.0
1718750.0
562 25 5
1.0E7
8750000.0
8750000.0
100 25 5
546875.0
742187.5
742187.5
177 25 5
1562500.0
1718750.0
1640625.0
562 25 5
8750000.0
9375000.0
8125000.0
100 25 5
546875.0
703125.0
742187.5
100 25 5
546875.0
703125.0
703125.0
100 25 5
585937.5
664062.5
742187.5
100 25 5
625000.0
742187.5
742187.5
100 25 5
546875.0
742187.5
703125.0
100 25 5
546875.0
703125.0
703125.0
100 25 5
546875.0
703125.0
703125.0
100 25 5
546875.0
703125.0
742187.5
100 25 5
546875.0
703125.0
703125.0
177 25 5
1406250.0
1640625.0
1562500.0
177 25 5
1562500.0
1484375.0
1484375.0
177 25 5
1484375.0
1562500.0
1562500.0
177 25 5
1484375.0
1640625.0
1484375.0
177 25 5
1484375.0
1640625.0
1640625.0
177 25 5
1640625.0
1562500.0
1562500.0
177 25 5
1640625.0
1484375.0
1484375.0
1000 25 5
2.625E7
3.0E7
3.25E7
562 25 5
1.0E7
8750000.0
2.0E7
562 25 5
1.0E7
8125000.0
1.0625E7
1000 25 5
2.5E7
3.0E7
3.0E7
562 25 5
1.0E7
8125000.0
1.0625E7
562 25 5
1.0E7
8125000.0
1.0E7
562 25 5
1.0E7
7500000.0
1.0625E7
1000 25 5
2.5E7
2.375E7
2.75E7
1778 25 5
6.5E7
1.4E8
1.6E8
1000 25 5
2.625E7
2.75E7
4.0E7
562 25 5
1.0625E7
7500000.0
1.25E7
562 25 5
1.0E7
8750000.0
1.1875E7
562 25 5
1.0E7
8750000.0
1.75E7
1778 25 5
6.5E7
1.1E8
1.0E8
1778 25 5
7.0E7
1.1E8
1.1E8
1778 25 5
6.5E7
1.4E8
1.0E8
1778 25 5
6.5E7
7.0E7
9.0E7
1778 25 5
6.0E7
9.5E7
6.5E7
1778 25 5
7.0E7
7.5E7
5.5E7
3162 25 5
1.7E8
2.1E8
1.6E8
1778 25 5
7.0E7
1.45E8
8.5E7
1000 25 5
2.625E7
3.25E7
3.25E7
1778 25 5
6.5E7
1.6E8
8.5E7
1000 25 5
2.625E7
2.75E7
2.625E7
1778 25 5
7.0E7
1.25E8
8.0E7
3162 25 5
1.6E8
2.4E8
2.0E8
1000 25 5
2.75E7
3.0E7
2.625E7
1000 25 5
2.625E7
3.5E7
2.75E7
1000 25 5
2.625E7
3.5E7
2.875E7
1000 25 5
2.5E7
5.5E7
2.625E7
3162 25 5
1.8E8
3.4E8
2.0E8
3162 25 5
2.1E8
2.3E8
2.0E8
3162 25 5
1.7E8
1.8E8
1.5E8
3162 25 5
1.7E8
2.2E8
1.8E8
3162 25 5
1.6E8
1.8E8
1.6E8
3162 25 5
1.6E8
2.1E8
1.7E8
3162 25 5
1.6E8
2.3E8
1.7E8
3162 25 5
1.9E8
2.6E8
1.7E8
5623 25 5
4.2E8
4.9E8
3.9E8
5623 25 5
4.2E8
4.8E8
3.8E8
5623 25 5
4.3E8
5.5E8
3.9E8
5623 25 5
4.4E8
5.0E8
4.1E8
5623 25 5
4.1E8
5.3E8
3.9E8
5623 25 5
4.4E8
5.3E8
3.9E8
5623 25 5
4.2E8
5.7E8
4.0E8
5623 25 5
4.2E8
5.3E8
3.9E8
5623 25 5
4.3E8
5.6E8
4.0E8
5623 25 5
4.2E8
6.1E8
4.0E8
10000 25 5
1.02E9
1.54E9
1.21E9
10000 25 5
9.9E8
1.72E9
1.32E9
10000 25 5
1.05E9
1.83E9
1.31E9
10000 25 5
1.09E9
1.68E9
1.24E9
10000 25 5
1.02E9
1.53E9
1.28E9
10000 25 5
1.0E9
1.73E9
1.59E9
10000 25 5
1.1E9
1.57E9
1.69E9
10000 25 5
1.01E9
1.73E9
1.74E9
10000 25 5
1.12E9
1.61E9
1.81E9
10000 25 5
1.1E9
1.75E9
1.7E9
17782 25 5
2.54E9
5.5E9
2.76E9
17782 25 5
2.57E9
5.73E9
3.06E9
17782 25 5
2.54E9
5.55E9
3.23E9
17782 25 5
2.76E9
5.89E9
3.13E9
17782 25 5
2.77E9
6.08E9
3.34E9
17782 25 5
2.75E9
6.34E9
3.17E9
17782 25 5
3.09E9
6.2E9
3.24E9
17782 25 5
2.73E9
6.48E9
3.15E9
17782 25 5
2.98E9
7.03E9
3.09E9
17782 25 5
2.75E9
7.31E9
3.18E9
31622 25 5
7.06E9
1.938E10
6.52E9
31622 25 5
6.69E9
2.12E10
6.63E9
31622 25 5
6.39E9
2.225E10
6.87E9
31622 25 5
6.58E9
2.18E10
6.59E9
31622 25 5
6.29E9
2.156E10
6.59E9
31622 25 5
6.17E9
2.296E10
6.65E9
31622 25 5
6.37E9
2.383E10
6.44E9
31622 25 5
6.37E9
2.456E10
6.6E9
31622 25 5
6.41E9
2.492E10
6.55E9
31622 25 5
7.21E9
2.53E10
6.46E9
56234 25 5
1.593E10
7.237E10
1.634E10
56234 25 5
1.616E10
7.279E10
1.44E10
56234 25 5
1.655E10
7.528E10
1.586E10
56234 25 5
1.583E10
7.426E10
1.506E10
56234 25 5
1.581E10
7.741E10
1.424E10
56234 25 5
1.67E10
7.762E10
1.508E10
56234 25 5
1.591E10
8.264E10
1.427E10
56234 25 5
1.617E10
8.482E10
1.424E10
56234 25 5
2.006E10
7.723E10
1.506E10
56234 25 5
2.061E10
7.809E10
1.437E10
100000 25 5
3.827E10
1.8253E11
3.062E10
100000 25 5
3.864E10
1.8606E11
3.075E10
100000 25 5
4.04E10
1.9659E11
3.073E10
100000 25 5
4.215E10
1.9671E11
3.056E10
100000 25 5
4.122E10
1.878E11
3.119E10
100000 25 5
3.919E10
1.8888E11
3.116E10
100000 25 5
3.973E10
1.9207E11
3.141E10
100000 25 5
3.878E10
1.9118E11
3.127E10
100000 25 5
4.538E10
1.8582E11
3.128E10
100000 25 5
3.782E10
1.9526E11
3.12E10
