316 7 1
3750000.0
3750000.0
4062500.0
316 7 1
3437500.0
3750000.0
4375000.0
100 7 1
585937.5
468750.0
507812.5
316 7 1
3437500.0
4687500.0
4687500.0
316 7 1
3437500.0
4375000.0
4062500.0
316 7 1
3437500.0
5000000.0
4687500.0
316 7 1
3437500.0
5312500.0
4687500.0
100 7 1
546875.0
625000.0
468750.0
100 7 1
507812.5
781250.0
1093750.0
100 7 1
468750.0
585937.5
546875.0
316 7 1
3437500.0
5937500.0
3750000.0
100 7 1
546875.0
507812.5
703125.0
316 7 1
3437500.0
5000000.0
5000000.0
177 7 1
1406250.0
1875000.0
2187500.0
100 7 1
546875.0
390625.0
429687.5
316 7 1
3750000.0
4375000.0
3593750.0
177 7 1
1250000.0
1875000.0
1171875.0
100 7 1
546875.0
449218.75
429687.5
316 7 1
3437500.0
4062500.0
3437500.0
100 7 1
468750.0
410156.25
468750.0
177 7 1
1406250.0
1171875.0
1093750.0
562 7 1
8750000.0
1.5E7
8125000.0
177 7 1
1406250.0
1328125.0
1250000.0
562 7 1
8750000.0
1.0625E7
8750000.0
177 7 1
1328125.0
2187500.0
1015625.0
177 7 1
1328125.0
1562500.0
1171875.0
177 7 1
1328125.0
2656250.0
1015625.0
177 7 1
1328125.0
1093750.0
1015625.0
177 7 1
1328125.0
1484375.0
1171875.0
100 7 1
507812.5
410156.25
390625.0
177 7 1
1406250.0
1796875.0
1093750.0
100 7 1
546875.0
546875.0
390625.0
1778 7 1
6.0E7
1.4E8
7.5E7
1778 7 1
5.5E7
1.4E8
7.5E7
562 7 1
8750000.0
9375000.0
7500000.0
562 7 1
9375000.0
1.125E7
1.0E7
562 7 1
8750000.0
1.1875E7
9375000.0
1778 7 1
6.0E7
1.6E8
7.0E7
1778 7 1
5.5E7
2.5E8
2.1E8
1000 7 1
2.125E7
2.75E7
2.125E7
1000 7 1
2.25E7
4.0E7
2.75E7
1778 7 1
5.5E7
1.65E8
6.5E7
3162 7 1
1.3E8
2.7E8
1.3E8
562 7 1
8750000.0
1.4375E7
8750000.0
1778 7 1
5.5E7
1.1E8
7.0E7
1000 7 1
2.125E7
2.75E7
2.0E7
1778 7 1
5.5E7
8.0E7
5.5E7
1778 7 1
6.0E7
8.5E7
5.5E7
1000 7 1
2.125E7
5.5E7
2.5E7
1000 7 1
2.25E7
4.5E7
2.5E7
1000 7 1
2.125E7
4.5E7
2.5E7
562 7 1
8750000.0
3.375E7
1.5E7
562 7 1
8750000.0
3.6875E7
1.5E7
1000 7 1
2.125E7
4.25E7
2.5E7
1778 7 1
5.5E7
8.0E7
5.5E7
1000 7 1
2.125E7
2.75E7
2.125E7
562 7 1
8750000.0
2.9375E7
1.1875E7
1000 7 1
2.25E7
1.225E8
3.25E7
562 7 1
8750000.0
2.75E7
1.25E7
1000 7 1
2.375E7
4.25E7
2.5E7
1778 7 1
1.025E8
2.6E8
7.5E7
3162 7 1
1.4E8
4.5E8
1.8E8
3162 7 1
1.7E8
4.1E8
1.7E8
3162 7 1
1.3E8
6.1E8
2.0E8
3162 7 1
1.4E8
2.9E8
1.2E8
3162 7 1
1.4E8
3.5E8
1.4E8
3162 7 1
1.4E8
3.5E8
1.3E8
3162 7 1
1.3E8
3.0E8
1.3E8
3162 7 1
1.3E8
3.2E8
1.3E8
3162 7 1
1.5E8
3.0E8
1.2E8
5623 7 1
3.2E8
8.4E8
3.3E8
5623 7 1
3.6E8
9.5E8
3.3E8
5623 7 1
3.2E8
1.6E9
3.2E8
5623 7 1
3.5E8
1.61E9
3.1E8
5623 7 1
3.8E8
1.6E9
3.9E8
5623 7 1
3.3E8
1.62E9
3.5E8
5623 7 1
3.2E8
1.68E9
3.7E8
5623 7 1
3.6E8
1.66E9
3.7E8
5623 7 1
4.3E8
1.82E9
3.6E8
5623 7 1
3.2E8
2.14E9
4.7E8
10000 7 1
7.6E8
2.97E9
7.7E8
10000 7 1
7.7E8
3.72E9
8.3E8
10000 7 1
8.0E8
3.57E9
9.1E8
10000 7 1
8.0E8
4.03E9
8.3E8
10000 7 1
8.6E8
4.15E9
8.5E8
10000 7 1
8.5E8
4.55E9
8.3E8
10000 7 1
8.3E8
7.24E9
1.05E9
10000 7 1
8.6E8
7.27E9
1.01E9
10000 7 1
8.9E8
7.81E9
8.0E8
10000 7 1
8.5E8
7.54E9
1.04E9
17782 7 1
1.83E9
1.002E10
1.89E9
17782 7 1
1.78E9
1.039E10
2.01E9
17782 7 1
2.21E9
1.211E10
1.79E9
17782 7 1
1.9E9
1.178E10
1.84E9
17782 7 1
2.04E9
1.24E10
1.91E9
17782 7 1
1.8E9
1.36E10
1.78E9
17782 7 1
2.02E9
1.228E10
1.8E9
17782 7 1
2.42E9
1.3E10
1.77E9
17782 7 1
2.32E9
1.463E10
1.88E9
17782 7 1
2.23E9
1.527E10
1.91E9
31622 7 1
4.14E9
5.648E10
4.55E9
31622 7 1
4.4E9
5.834E10
4.2E9
31622 7 1
4.3E9
6.035E10
4.07E9
31622 7 1
4.93E9
6.081E10
5.22E9
31622 7 1
4.74E9
6.002E10
4.58E9
31622 7 1
4.91E9
6.422E10
4.68E9
31622 7 1
4.41E9
6.624E10
3.7E9
31622 7 1
4.13E9
6.519E10
4.05E9
31622 7 1
4.53E9
6.518E10
4.5E9
31622 7 1
4.5E9
6.677E10
4.21E9
56234 7 1
1.162E10
1.5878E11
8.06E9
56234 7 1
9.93E9
1.6988E11
8.0E9
56234 7 1
1.1E10
1.7309E11
9.73E9
56234 7 1
1.228E10
1.823E11
8.7E9
56234 7 1
9.98E9
1.8677E11
8.36E9
56234 7 1
1.065E10
1.835E11
7.62E9
56234 7 1
9.99E9
1.8794E11
8.37E9
56234 7 1
1.053E10
1.8631E11
8.57E9
56234 7 1
1.009E10
1.8845E11
8.16E9
56234 7 1
9.88E9
1.9768E11
7.96E9
100000 7 1
2.639E10
3.715E11
1.454E10
100000 7 1
2.381E10
4.1905E11
1.571E10
100000 7 1
2.382E10
4.2843E11
1.59E10
100000 7 1
2.283E10
4.2434E11
1.699E10
100000 7 1
2.381E10
4.2705E11
1.795E10
100000 7 1
2.331E10
4.4098E11
1.671E10
100000 7 1
2.301E10
4.4491E11
1.794E10
100000 7 1
2.282E10
4.4705E11
1.718E10
100000 7 1
2.144E10
4.6221E11
1.707E10
100000 7 1
2.348E10
4.6196E11
1.635E10
