100 5 3
468750.0
429687.5
546875.0
100 5 3
507812.5
429687.5
468750.0
100 5 3
507812.5
429687.5
507812.5
100 5 3
507812.5
429687.5
507812.5
100 5 3
507812.5
429687.5
468750.0
562 5 3
6875000.0
1.0E7
8125000.0
177 5 3
1093750.0
1171875.0
1015625.0
100 5 3
468750.0
429687.5
429687.5
177 5 3
1171875.0
1250000.0
1015625.0
177 5 3
1171875.0
1171875.0
1015625.0
177 5 3
1171875.0
1171875.0
1093750.0
177 5 3
1171875.0
1250000.0
1015625.0
177 5 3
1171875.0
1093750.0
1015625.0
177 5 3
1171875.0
1171875.0
937500.0
177 5 3
1171875.0
1171875.0
1093750.0
177 5 3
1250000.0
1093750.0
1015625.0
316 5 3
2812500.0
4062500.0
2656250.0
316 5 3
2656250.0
3437500.0
2656250.0
316 5 3
2812500.0
3750000.0
2656250.0
316 5 3
2656250.0
3750000.0
2656250.0
316 5 3
2812500.0
3750000.0
2812500.0
316 5 3
3125000.0
4062500.0
2500000.0
316 5 3
2812500.0
3750000.0
2656250.0
316 5 3
2656250.0
4375000.0
2500000.0
316 5 3
2812500.0
4062500.0
2812500.0
177 5 3
1171875.0
1562500.0
1015625.0
100 5 3
507812.5
449218.75
390625.0
100 5 3
468750.0
390625.0
390625.0
100 5 3
468750.0
449218.75
371093.75
562 5 3
6875000.0
1.25E7
6562500.0
100 5 3
507812.5
449218.75
410156.25
316 5 3
2812500.0
3437500.0
2812500.0
562 5 3
6875000.0
1.0625E7
1.625E7
562 5 3
6875000.0
9375000.0
8125000.0
562 5 3
6875000.0
1.125E7
6875000.0
562 5 3
6875000.0
1.1875E7
8750000.0
562 5 3
6875000.0
1.125E7
8750000.0
1778 5 3
3.5E7
1.1E8
3.75E7
562 5 3
6875000.0
1.1875E7
6875000.0
1000 5 3
1.625E7
4.0E7
1.5E7
1000 5 3
1.625E7
3.25E7
1.5E7
1000 5 3
1.5E7
3.5E7
1.625E7
1000 5 3
1.5E7
4.25E7
1.625E7
1778 5 3
4.0E7
1.1E8
4.5E7
1778 5 3
3.75E7
2.0E8
3.5E7
1778 5 3
3.5E7
1.4E8
3.75E7
1000 5 3
1.5E7
5.5E7
1.625E7
1000 5 3
1.625E7
4.25E7
1.625E7
1000 5 3
1.625E7
5.0E7
1.5E7
1000 5 3
1.625E7
4.75E7
1.5E7
1000 5 3
1.5E7
7.0E7
1.625E7
1000 5 3
1.5E7
4.75E7
1.5E7
1778 5 3
4.0E7
2.2E8
3.5E7
1778 5 3
3.5E7
9.0E7
3.25E7
562 5 3
6875000.0
1.3125E7
6250000.0
1778 5 3
3.75E7
1.8E8
3.75E7
1778 5 3
3.5E7
1.8E8
4.0E7
1778 5 3
3.75E7
2.4E8
3.5E7
1778 5 3
3.25E7
9.5E7
3.5E7
3162 5 3
9.5E7
3.3E8
8.0E7
562 5 3
7500000.0
1.1875E7
7500000.0
3162 5 3
1.15E8
3.9E8
1.0E8
3162 5 3
9.0E7
4.7E8
1.2E8
3162 5 3
1.2E8
3.3E8
1.6E8
3162 5 3
1.3E8
3.7E8
1.05E8
3162 5 3
8.5E7
4.5E8
1.2E8
3162 5 3
8.5E7
3.2E8
8.5E7
3162 5 3
8.0E7
4.3E8
8.0E7
3162 5 3
8.5E7
4.7E8
1.2E8
3162 5 3
8.5E7
6.4E8
1.65E8
5623 5 3
1.8E8
1.37E9
1.9E8
5623 5 3
1.8E8
1.31E9
2.2E8
5623 5 3
1.9E8
1.47E9
2.4E8
5623 5 3
1.8E8
1.51E9
2.3E8
5623 5 3
1.8E8
1.44E9
3.7E8
5623 5 3
1.9E8
1.56E9
2.3E8
5623 5 3
1.9E8
1.69E9
1.8E8
5623 5 3
2.0E8
1.67E9
1.8E8
5623 5 3
1.8E8
1.75E9
2.2E8
5623 5 3
1.9E8
1.63E9
2.2E8
10000 5 3
4.1E8
3.4E9
4.4E8
10000 5 3
4.3E8
3.45E9
4.7E8
10000 5 3
4.6E8
3.59E9
4.3E8
10000 5 3
6.0E8
3.82E9
4.3E8
10000 5 3
4.4E8
4.21E9
4.2E8
10000 5 3
5.0E8
3.77E9
5.1E8
10000 5 3
4.8E8
3.73E9
4.6E8
10000 5 3
4.1E8
4.15E9
4.1E8
10000 5 3
6.3E8
5.8E9
6.0E8
10000 5 3
5.3E8
5.97E9
5.7E8
17782 5 3
1.0E9
1.235E10
9.9E8
17782 5 3
1.18E9
1.231E10
9.7E8
17782 5 3
9.6E8
1.294E10
9.9E8
17782 5 3
8.9E8
1.366E10
9.6E8
17782 5 3
9.3E8
1.347E10
1.0E9
17782 5 3
1.09E9
1.419E10
9.9E8
17782 5 3
1.2E9
1.43E10
1.04E9
17782 5 3
1.39E9
1.729E10
1.1E9
17782 5 3
1.62E9
1.744E10
1.04E9
17782 5 3
1.25E9
1.883E10
1.01E9
31622 5 3
2.27E9
5.417E10
2.23E9
31622 5 3
2.26E9
5.648E10
2.33E9
31622 5 3
2.33E9
5.895E10
2.18E9
31622 5 3
2.48E9
6.026E10
2.19E9
31622 5 3
2.18E9
6.063E10
2.03E9
31622 5 3
2.66E9
6.226E10
2.05E9
31622 5 3
2.18E9
6.321E10
2.07E9
31622 5 3
2.58E9
6.39E10
2.05E9
31622 5 3
3.25E9
6.502E10
1.94E9
31622 5 3
2.48E9
6.616E10
2.15E9
56234 5 3
5.79E9
1.5068E11
3.66E9
56234 5 3
4.82E9
1.5137E11
4.57E9
56234 5 3
4.92E9
1.5304E11
4.23E9
56234 5 3
5.34E9
1.5458E11
4.67E9
56234 5 3
5.18E9
1.5798E11
4.25E9
56234 5 3
5.08E9
1.6049E11
4.11E9
56234 5 3
4.61E9
1.6221E11
4.1E9
56234 5 3
4.86E9
1.6236E11
3.7E9
56234 5 3
4.83E9
1.6647E11
3.7E9
56234 5 3
7.03E9
1.6858E11
3.52E9
100000 5 3
9.93E9
3.72E11
8.55E9
100000 5 3
1.295E10
3.7958E11
8.62E9
100000 5 3
1.062E10
3.7998E11
7.95E9
100000 5 3
1.109E10
3.7689E11
8.36E9
100000 5 3
1.16E10
3.8122E11
8.34E9
100000 5 3
1.112E10
3.876E11
8.55E9
100000 5 3
1.227E10
3.9478E11
7.92E9
100000 5 3
1.08E10
3.9765E11
8.01E9
100000 5 3
1.15E10
3.9867E11
8.31E9
100000 5 3
1.243E10
4.1081E11
7.2E9
