316 25 2
3750000.0
3437500.0
3750000.0
316 25 2
3750000.0
3750000.0
4062500.0
316 25 2
3750000.0
3437500.0
3750000.0
316 25 2
3750000.0
3437500.0
4062500.0
316 25 2
3437500.0
3750000.0
3750000.0
316 25 2
3750000.0
3437500.0
3437500.0
316 25 2
3750000.0
3437500.0
3750000.0
316 25 2
4062500.0
3437500.0
3437500.0
316 25 2
3750000.0
3750000.0
3437500.0
562 25 2
1.0E7
8750000.0
7500000.0
316 25 2
3750000.0
3593750.0
3750000.0
100 25 2
546875.0
664062.5
703125.0
100 25 2
546875.0
664062.5
703125.0
100 25 2
585937.5
703125.0
742187.5
100 25 2
585937.5
703125.0
703125.0
562 25 2
1.0E7
8750000.0
9375000.0
100 25 2
625000.0
703125.0
703125.0
100 25 2
585937.5
664062.5
742187.5
177 25 2
1484375.0
1875000.0
1562500.0
177 25 2
1562500.0
1718750.0
1562500.0
100 25 2
664062.5
742187.5
742187.5
100 25 2
546875.0
703125.0
742187.5
177 25 2
1562500.0
1718750.0
1562500.0
100 25 2
585937.5
703125.0
742187.5
177 25 2
1562500.0
1562500.0
1718750.0
100 25 2
585937.5
664062.5
703125.0
177 25 2
1484375.0
1562500.0
1562500.0
177 25 2
1562500.0
1562500.0
1562500.0
177 25 2
1484375.0
1484375.0
1562500.0
177 25 2
1484375.0
1562500.0
1562500.0
177 25 2
1484375.0
1562500.0
1640625.0
177 25 2
1562500.0
1562500.0
1562500.0
562 25 2
1.0E7
8750000.0
1.375E7
562 25 2
8125000.0
8750000.0
1.125E7
562 25 2
8750000.0
8750000.0
1.1875E7
562 25 2
9375000.0
8750000.0
1.0625E7
562 25 2
1.0E7
8750000.0
1.125E7
562 25 2
1.0625E7
8750000.0
1.0625E7
562 25 2
1.0E7
9375000.0
1.125E7
1000 25 2
2.75E7
2.75E7
2.75E7
1000 25 2
2.375E7
3.0E7
2.75E7
1778 25 2
6.5E7
7.5E7
7.0E7
1778 25 2
6.5E7
7.0E7
8.0E7
1778 25 2
6.5E7
8.0E7
8.0E7
1778 25 2
6.5E7
8.0E7
7.5E7
1000 25 2
2.625E7
2.75E7
2.75E7
562 25 2
1.0E7
9375000.0
1.25E7
1000 25 2
2.625E7
3.25E7
3.75E7
1778 25 2
6.5E7
9.0E7
7.5E7
1778 25 2
6.5E7
8.5E7
9.0E7
1000 25 2
2.5E7
2.75E7
4.75E7
1778 25 2
6.5E7
8.5E7
1.1E8
1778 25 2
7.0E7
8.0E7
8.5E7
1778 25 2
6.5E7
8.0E7
1.15E8
1000 25 2
2.375E7
3.0E7
4.5E7
1000 25 2
2.5E7
3.0E7
3.5E7
1000 25 2
2.625E7
2.75E7
2.125E7
1778 25 2
6.5E7
7.5E7
9.5E7
1000 25 2
2.75E7
3.0E7
2.25E7
3162 25 2
1.7E8
2.5E8
2.4E8
3162 25 2
1.6E8
2.4E8
3.1E8
3162 25 2
1.7E8
2.5E8
2.1E8
3162 25 2
1.8E8
2.6E8
2.8E8
1000 25 2
2.5E7
3.25E7
2.125E7
3162 25 2
1.6E8
2.5E8
1.4E8
3162 25 2
1.7E8
1.9E8
1.6E8
3162 25 2
1.5E8
1.9E8
1.5E8
3162 25 2
2.0E8
1.5E8
1.6E8
3162 25 2
1.8E8
1.5E8
1.4E8
3162 25 2
2.1E8
1.5E8
1.5E8
5623 25 2
4.4E8
4.7E8
4.0E8
5623 25 2
4.2E8
4.9E8
4.0E8
5623 25 2
4.0E8
5.0E8
4.0E8
5623 25 2
4.1E8
5.0E8
3.9E8
5623 25 2
4.3E8
4.9E8
4.7E8
5623 25 2
4.2E8
4.7E8
4.4E8
5623 25 2
4.0E8
4.9E8
4.5E8
5623 25 2
4.2E8
5.0E8
4.6E8
5623 25 2
4.0E8
4.9E8
4.7E8
5623 25 2
4.1E8
5.1E8
4.4E8
10000 25 2
1.08E9
1.7E9
1.24E9
10000 25 2
1.05E9
1.75E9
1.42E9
10000 25 2
1.09E9
1.8E9
1.45E9
10000 25 2
1.09E9
1.61E9
1.53E9
10000 25 2
1.03E9
1.65E9
1.39E9
10000 25 2
1.03E9
1.82E9
1.3E9
10000 25 2
1.05E9
1.81E9
1.44E9
10000 25 2
1.05E9
2.14E9
1.36E9
10000 25 2
9.9E8
2.16E9
1.59E9
10000 25 2
1.12E9
2.18E9
1.45E9
17782 25 2
2.59E9
5.83E9
2.94E9
17782 25 2
2.53E9
5.99E9
2.99E9
17782 25 2
2.66E9
6.29E9
2.89E9
17782 25 2
2.77E9
6.01E9
2.84E9
17782 25 2
2.69E9
6.53E9
2.93E9
17782 25 2
2.64E9
6.4E9
2.86E9
17782 25 2
2.54E9
6.09E9
2.85E9
17782 25 2
2.91E9
6.04E9
2.87E9
17782 25 2
2.66E9
6.55E9
2.92E9
17782 25 2
2.91E9
6.84E9
3.13E9
31622 25 2
6.49E9
2.181E10
6.76E9
31622 25 2
6.3E9
2.288E10
6.49E9
31622 25 2
6.44E9
2.261E10
6.94E9
31622 25 2
6.47E9
2.316E10
6.95E9
31622 25 2
6.42E9
2.506E10
7.03E9
31622 25 2
6.63E9
2.398E10
6.73E9
31622 25 2
6.61E9
2.456E10
6.82E9
31622 25 2
6.4E9
2.463E10
6.72E9
31622 25 2
6.68E9
2.511E10
7.19E9
31622 25 2
6.47E9
2.548E10
6.91E9
56234 25 2
1.581E10
7.391E10
1.525E10
56234 25 2
1.573E10
7.365E10
1.538E10
56234 25 2
1.618E10
7.458E10
1.54E10
56234 25 2
1.622E10
7.29E10
1.351E10
56234 25 2
1.599E10
7.781E10
1.393E10
56234 25 2
1.548E10
7.682E10
1.398E10
56234 25 2
1.745E10
7.295E10
1.419E10
56234 25 2
1.558E10
7.882E10
1.425E10
56234 25 2
1.785E10
7.944E10
1.375E10
56234 25 2
1.634E10
8.062E10
1.453E10
100000 25 2
3.871E10
1.7979E11
3.107E10
100000 25 2
3.93E10
1.8608E11
3.145E10
100000 25 2
4.011E10
1.875E11
3.484E10
100000 25 2
4.014E10
1.9559E11
3.536E10
100000 25 2
3.799E10
1.9773E11
3.001E10
100000 25 2
4.043E10
2.0398E11
2.976E10
100000 25 2
3.891E10
1.984E11
2.935E10
100000 25 2
3.783E10
2.0043E11
3.069E10
100000 25 2
3.859E10
2.0174E11
3.069E10
100000 25 2
3.819E10
2.0242E11
3.11E10
