316 3 10
3437500.0
2343750.0
1171875.0
177 3 10
1718750.0
703125.0
546875.0
177 3 10
1718750.0
781250.0
664062.5
100 3 10
253906.25
253906.25
253906.25
100 3 10
234375.0
273437.5
273437.5
177 3 10
1718750.0
820312.5
703125.0
100 3 10
273437.5
273437.5
312500.0
100 3 10
234375.0
292968.75
312500.0
177 3 10
585937.5
859375.0
664062.5
177 3 10
1718750.0
742187.5
703125.0
177 3 10
546875.0
937500.0
742187.5
100 3 10
292968.75
292968.75
312500.0
100 3 10
273437.5
292968.75
292968.75
177 3 10
546875.0
859375.0
742187.5
100 3 10
234375.0
332031.25
253906.25
100 3 10
253906.25
312500.0
312500.0
100 3 10
253906.25
312500.0
273437.5
100 3 10
292968.75
332031.25
273437.5
316 3 10
1093750.0
2343750.0
1250000.0
316 3 10
1171875.0
2343750.0
1093750.0
316 3 10
1250000.0
2656250.0
1171875.0
316 3 10
1093750.0
2656250.0
1171875.0
177 3 10
507812.5
781250.0
546875.0
316 3 10
1015625.0
2656250.0
1250000.0
316 3 10
1171875.0
2500000.0
1093750.0
316 3 10
1093750.0
2968750.0
1328125.0
316 3 10
1250000.0
2968750.0
1328125.0
177 3 10
507812.5
781250.0
625000.0
316 3 10
1093750.0
3125000.0
1171875.0
177 3 10
546875.0
859375.0
703125.0
562 3 10
2031250.0
6250000.0
2656250.0
562 3 10
2343750.0
7812500.0
2500000.0
562 3 10
2187500.0
7500000.0
2343750.0
562 3 10
2500000.0
8125000.0
2187500.0
1000 3 10
5000000.0
1.75E7
7500000.0
562 3 10
2500000.0
6875000.0
2968750.0
1778 3 10
1.5E7
5.5E7
1.25E7
1000 3 10
7187500.0
1.75E7
6875000.0
1778 3 10
8125000.0
4.5E7
1.375E7
3162 3 10
1.75E7
1.8E8
3.0E7
1000 3 10
6875000.0
1.625E7
6875000.0
1000 3 10
6875000.0
1.625E7
6875000.0
562 3 10
2187500.0
6875000.0
3437500.0
1000 3 10
6875000.0
1.75E7
6875000.0
3162 3 10
2.75E7
1.8E8
2.125E7
562 3 10
3125000.0
9375000.0
2968750.0
1778 3 10
1.375E7
6.0E7
1.25E7
562 3 10
3125000.0
9375000.0
2968750.0
562 3 10
2343750.0
6562500.0
2656250.0
1000 3 10
7500000.0
1.5E7
5625000.0
1778 3 10
1.375E7
5.5E7
1.0625E7
562 3 10
2343750.0
6250000.0
2656250.0
1778 3 10
8750000.0
4.25E7
1.0E7
1000 3 10
6562500.0
2.0E7
5000000.0
1000 3 10
6562500.0
1.75E7
5937500.0
3162 3 10
2.25E7
2.0E8
2.125E7
1778 3 10
1.5E7
4.75E7
1.25E7
1778 3 10
1.1875E7
4.0E7
1.0625E7
1000 3 10
7187500.0
1.875E7
6250000.0
1000 3 10
7500000.0
1.75E7
6250000.0
1778 3 10
1.5E7
4.5E7
1.3125E7
3162 3 10
2.375E7
2.2E8
2.25E7
1778 3 10
9375000.0
5.5E7
1.1875E7
1778 3 10
1.125E7
5.75E7
1.1875E7
3162 3 10
3.0E7
2.1E8
1.875E7
3162 3 10
2.375E7
1.8E8
1.875E7
3162 3 10
2.375E7
1.9E8
2.75E7
3162 3 10
2.5E7
1.9E8
2.75E7
3162 3 10
2.25E7
1.9E8
1.875E7
3162 3 10
2.75E7
2.2E8
3.0E7
5623 3 10
5.5E7
6.4E8
5.5E7
5623 3 10
5.5E7
5.4E8
4.25E7
5623 3 10
3.75E7
4.8E8
4.0E7
5623 3 10
3.75E7
5.9E8
5.5E7
5623 3 10
4.0E7
5.7E8
3.75E7
5623 3 10
5.5E7
6.2E8
4.5E7
5623 3 10
3.75E7
5.7E8
3.75E7
5623 3 10
4.5E7
5.4E8
4.5E7
5623 3 10
4.5E7
5.6E8
4.0E7
5623 3 10
4.75E7
6.3E8
4.25E7
10000 3 10
8.0E7
1.49E9
1.1E8
10000 3 10
9.0E7
1.54E9
8.0E7
10000 3 10
7.5E7
1.59E9
9.0E7
10000 3 10
9.5E7
1.64E9
8.5E7
10000 3 10
9.5E7
1.62E9
8.5E7
10000 3 10
9.0E7
1.67E9
8.0E7
10000 3 10
7.0E7
1.58E9
1.0E8
10000 3 10
8.0E7
1.66E9
1.0E8
10000 3 10
8.0E7
1.84E9
1.3E8
10000 3 10
9.0E7
1.79E9
8.5E7
17782 3 10
2.2E8
4.38E9
1.7E8
17782 3 10
2.3E8
4.75E9
1.5E8
17782 3 10
2.6E8
4.54E9
1.6E8
17782 3 10
1.9E8
4.83E9
1.5E8
17782 3 10
1.7E8
4.97E9
1.6E8
17782 3 10
1.7E8
5.3E9
1.7E8
17782 3 10
1.9E8
5.1E9
1.6E8
17782 3 10
1.9E8
5.7E9
1.8E8
17782 3 10
1.9E8
5.58E9
1.4E8
17782 3 10
1.8E8
5.69E9
1.7E8
31622 3 10
3.7E8
1.578E10
2.5E8
31622 3 10
4.2E8
1.771E10
2.8E8
31622 3 10
5.1E8
1.709E10
2.5E8
31622 3 10
4.4E8
1.799E10
2.8E8
31622 3 10
4.5E8
1.783E10
2.6E8
31622 3 10
3.9E8
1.9E10
2.4E8
31622 3 10
4.7E8
1.905E10
2.6E8
31622 3 10
4.4E8
1.914E10
2.7E8
31622 3 10
4.5E8
1.918E10
2.6E8
31622 3 10
4.8E8
1.941E10
2.5E8
56234 3 10
8.0E8
4.641E10
4.2E8
56234 3 10
9.0E8
4.873E10
4.0E8
56234 3 10
9.4E8
5.098E10
3.9E8
56234 3 10
9.6E8
5.146E10
4.9E8
56234 3 10
7.4E8
5.342E10
3.7E8
56234 3 10
1.06E9
5.392E10
4.4E8
56234 3 10
8.5E8
5.402E10
4.9E8
56234 3 10
1.11E9
5.419E10
4.1E8
56234 3 10
8.4E8
5.538E10
3.7E8
56234 3 10
1.0E9
5.688E10
3.7E8
100000 3 10
1.94E9
1.2476E11
7.8E8
100000 3 10
1.49E9
1.28E11
7.8E8
100000 3 10
1.72E9
1.283E11
6.9E8
100000 3 10
1.84E9
1.3063E11
5.8E8
100000 3 10
1.93E9
1.3428E11
6.8E8
100000 3 10
2.32E9
1.3813E11
6.4E8
100000 3 10
2.03E9
1.3744E11
5.9E8
100000 3 10
1.84E9
1.3872E11
6.5E8
100000 3 10
1.71E9
1.3912E11
5.8E8
100000 3 10
1.78E9
1.3984E11
6.0E8
