100 10 10
585937.5
429687.5
429687.5
100 10 10
546875.0
429687.5
585937.5
100 10 10
546875.0
429687.5
429687.5
100 10 10
546875.0
468750.0
507812.5
316 10 10
3437500.0
2968750.0
3437500.0
100 10 10
585937.5
468750.0
625000.0
316 10 10
3750000.0
2968750.0
4687500.0
316 10 10
3750000.0
3125000.0
4375000.0
316 10 10
3437500.0
3125000.0
3750000.0
562 10 10
8750000.0
1.3125E7
2.0E7
316 10 10
3750000.0
3125000.0
4375000.0
316 10 10
3437500.0
3437500.0
3750000.0
562 10 10
9375000.0
8750000.0
1.0625E7
177 10 10
1406250.0
1015625.0
1093750.0
177 10 10
1484375.0
1171875.0
1875000.0
177 10 10
1406250.0
1093750.0
1171875.0
100 10 10
585937.5
410156.25
468750.0
100 10 10
546875.0
410156.25
468750.0
100 10 10
546875.0
410156.25
429687.5
316 10 10
3437500.0
3750000.0
4062500.0
316 10 10
3437500.0
3593750.0
4062500.0
177 10 10
1484375.0
1015625.0
1015625.0
100 10 10
546875.0
390625.0
429687.5
177 10 10
1484375.0
1093750.0
1015625.0
177 10 10
1484375.0
1015625.0
1093750.0
177 10 10
1484375.0
1015625.0
1093750.0
177 10 10
1328125.0
1015625.0
1015625.0
316 10 10
3437500.0
2968750.0
2812500.0
177 10 10
1562500.0
1093750.0
1093750.0
316 10 10
3437500.0
3125000.0
2812500.0
177 10 10
1406250.0
1171875.0
1015625.0
100 10 10
546875.0
390625.0
410156.25
1778 10 10
5.5E7
1.6E8
7.0E7
1778 10 10
6.0E7
1.8E8
8.0E7
1778 10 10
6.0E7
8.0E7
6.0E7
1778 10 10
6.0E7
9.0E7
7.0E7
1778 10 10
6.0E7
8.5E7
7.5E7
1778 10 10
5.5E7
8.5E7
6.0E7
1778 10 10
5.5E7
9.0E7
6.5E7
562 10 10
9375000.0
1.125E7
8750000.0
1778 10 10
6.0E7
8.5E7
7.5E7
1778 10 10
6.0E7
7.5E7
6.5E7
3162 10 10
1.4E8
3.0E8
1.4E8
562 10 10
9375000.0
1.375E7
1.0625E7
562 10 10
8750000.0
1.0E7
8125000.0
1000 10 10
2.5E7
3.5E7
3.0E7
1778 10 10
6.0E7
8.5E7
7.0E7
562 10 10
9375000.0
8750000.0
8750000.0
1000 10 10
2.875E7
3.5E7
3.0E7
562 10 10
8750000.0
9375000.0
1.0E7
562 10 10
8750000.0
1.0625E7
1.5625E7
562 10 10
9375000.0
1.625E7
1.375E7
562 10 10
9375000.0
1.5E7
1.4375E7
3162 10 10
1.5E8
3.5E8
1.5E8
1000 10 10
3.0E7
4.0E7
3.0E7
1000 10 10
2.375E7
3.0E7
2.25E7
3162 10 10
1.6E8
2.9E8
1.6E8
1000 10 10
2.625E7
2.75E7
2.25E7
1000 10 10
2.375E7
3.0E7
2.25E7
1000 10 10
2.5E7
2.75E7
2.125E7
1000 10 10
2.25E7
2.75E7
3.0E7
1000 10 10
2.625E7
2.75E7
2.375E7
3162 10 10
1.7E8
3.9E8
2.3E8
1000 10 10
2.625E7
2.625E7
2.25E7
3162 10 10
1.6E8
2.6E8
1.3E8
3162 10 10
1.5E8
2.3E8
1.4E8
3162 10 10
1.6E8
2.2E8
1.4E8
3162 10 10
1.6E8
2.3E8
1.4E8
3162 10 10
2.1E8
2.2E8
1.4E8
3162 10 10
1.6E8
2.0E8
1.5E8
5623 10 10
3.8E8
6.3E8
3.7E8
5623 10 10
4.0E8
6.3E8
3.5E8
5623 10 10
3.7E8
6.3E8
3.6E8
5623 10 10
3.8E8
6.8E8
3.9E8
5623 10 10
4.2E8
6.3E8
4.1E8
5623 10 10
4.1E8
7.8E8
4.1E8
5623 10 10
3.9E8
7.7E8
4.2E8
5623 10 10
4.0E8
7.5E8
4.3E8
5623 10 10
3.7E8
8.9E8
3.9E8
5623 10 10
3.8E8
9.9E8
3.7E8
10000 10 10
9.1E8
2.86E9
8.8E8
10000 10 10
9.1E8
2.62E9
9.5E8
10000 10 10
9.4E8
2.79E9
9.0E8
10000 10 10
9.3E8
3.15E9
9.3E8
10000 10 10
1.02E9
2.83E9
1.03E9
10000 10 10
9.3E8
3.53E9
9.2E8
10000 10 10
9.2E8
3.41E9
9.8E8
10000 10 10
8.8E8
3.92E9
9.0E8
10000 10 10
9.2E8
3.6E9
8.8E8
10000 10 10
9.5E8
4.03E9
9.2E8
17782 10 10
2.24E9
9.64E9
2.16E9
17782 10 10
2.38E9
9.88E9
2.16E9
17782 10 10
2.26E9
9.86E9
2.22E9
17782 10 10
2.32E9
9.99E9
2.23E9
17782 10 10
2.21E9
1.085E10
2.15E9
17782 10 10
2.33E9
1.116E10
2.18E9
17782 10 10
2.31E9
1.075E10
2.18E9
17782 10 10
2.18E9
1.159E10
2.29E9
17782 10 10
2.44E9
1.205E10
2.44E9
17782 10 10
2.32E9
1.284E10
2.15E9
31622 10 10
5.5E9
3.309E10
5.27E9
31622 10 10
5.61E9
3.242E10
5.3E9
31622 10 10
6.13E9
3.24E10
5.33E9
31622 10 10
6.5E9
3.246E10
5.13E9
31622 10 10
5.64E9
3.402E10
5.37E9
31622 10 10
5.75E9
3.82E10
5.29E9
31622 10 10
5.87E9
3.734E10
5.25E9
31622 10 10
5.23E9
3.855E10
5.17E9
31622 10 10
6.69E9
3.851E10
5.13E9
31622 10 10
5.55E9
3.954E10
5.19E9
56234 10 10
1.315E10
1.2001E11
1.202E10
56234 10 10
1.318E10
1.1645E11
1.096E10
56234 10 10
1.317E10
1.2239E11
1.22E10
56234 10 10
1.31E10
1.2353E11
1.184E10
56234 10 10
1.336E10
1.2856E11
1.144E10
56234 10 10
1.3E10
1.2568E11
1.179E10
56234 10 10
1.362E10
1.2641E11
1.224E10
56234 10 10
1.325E10
1.3164E11
1.154E10
56234 10 10
1.39E10
1.3221E11
1.175E10
56234 10 10
1.855E10
1.3831E11
1.129E10
100000 10 10
3.181E10
3.0904E11
2.546E10
100000 10 10
3.403E10
3.1481E11
2.508E10
100000 10 10
3.135E10
3.1849E11
2.557E10
100000 10 10
3.238E10
3.3329E11
2.491E10
100000 10 10
3.658E10
3.1786E11
2.515E10
100000 10 10
3.205E10
3.2779E11
2.561E10
100000 10 10
3.206E10
3.3964E11
2.566E10
100000 10 10
3.303E10
3.2784E11
2.587E10
100000 10 10
3.252E10
3.2926E11
2.563E10
100000 10 10
3.218E10
3.3242E11
2.589E10
