5 3 5
1678.466796875
1983.642578125
1831.0546875
5 3 5
1678.466796875
1831.0546875
1831.0546875
5 3 5
1525.87890625
1449.5849609375
1983.642578125
5 3 5
1525.87890625
1373.291015625
1831.0546875
5 3 5
1678.466796875
1602.1728515625
1831.0546875
5 3 5
1678.466796875
1525.87890625
1983.642578125
5 3 5
1678.466796875
1449.5849609375
1831.0546875
5 3 5
1602.1728515625
1525.87890625
2288.818359375
5 3 5
1678.466796875
1449.5849609375
1831.0546875
5 3 5
1678.466796875
1525.87890625
1983.642578125
10 3 5
4882.8125
3662.109375
5187.98828125
10 3 5
3967.28515625
3662.109375
4272.4609375
10 3 5
4577.63671875
3967.28515625
4577.63671875
10 3 5
4882.8125
4272.4609375
5187.98828125
10 3 5
3662.109375
3967.28515625
3967.28515625
10 3 5
3662.109375
3967.28515625
4272.4609375
10 3 5
5187.98828125
3967.28515625
5187.98828125
10 3 5
4272.4609375
3662.109375
4577.63671875
10 3 5
4882.8125
3662.109375
5187.98828125
10 3 5
4577.63671875
3662.109375
5187.98828125
17 3 5
7934.5703125
9765.625
9155.2734375
17 3 5
10375.9765625
9765.625
11596.6796875
17 3 5
9765.625
9155.2734375
9765.625
17 3 5
9765.625
9155.2734375
10375.9765625
17 3 5
9155.2734375
8544.921875
9155.2734375
17 3 5
9155.2734375
9155.2734375
9765.625
17 3 5
9765.625
9155.2734375
10375.9765625
17 3 5
9155.2734375
9765.625
10375.9765625
17 3 5
10375.9765625
8544.921875
11596.6796875
17 3 5
11596.6796875
9155.2734375
12817.3828125
31 3 5
24414.0625
26855.46875
26855.46875
31 3 5
26855.46875
24414.0625
26855.46875
31 3 5
24414.0625
25634.765625
26855.46875
31 3 5
23193.359375
26855.46875
25634.765625
31 3 5
29296.875
24414.0625
26855.46875
31 3 5
26855.46875
25634.765625
26855.46875
31 3 5
26855.46875
26855.46875
26855.46875
31 3 5
25634.765625
24414.0625
29296.875
31 3 5
26855.46875
23193.359375
26855.46875
56 3 5
58593.75
68359.375
58593.75
56 3 5
58593.75
73242.1875
58593.75
31 3 5
24414.0625
24414.0625
25634.765625
56 3 5
58593.75
78125.0
53710.9375
56 3 5
53710.9375
73242.1875
58593.75
56 3 5
53710.9375
73242.1875
53710.9375
56 3 5
58593.75
83007.8125
58593.75
56 3 5
63476.5625
68359.375
58593.75
56 3 5
58593.75
68359.375
58593.75
56 3 5
53710.9375
73242.1875
53710.9375
56 3 5
53710.9375
63476.5625
29296.875
100 3 5
292968.75
292968.75
468750.0
100 3 5
312500.0
273437.5
546875.0
100 3 5
292968.75
292968.75
273437.5
562 3 5
2343750.0
5625000.0
6875000.0
177 3 5
546875.0
859375.0
625000.0
177 3 5
546875.0
859375.0
585937.5
177 3 5
507812.5
859375.0
664062.5
316 3 5
1406250.0
3750000.0
1250000.0
177 3 5
585937.5
1015625.0
625000.0
100 3 5
273437.5
312500.0
273437.5
316 3 5
1328125.0
3437500.0
1406250.0
177 3 5
546875.0
937500.0
664062.5
100 3 5
292968.75
292968.75
292968.75
100 3 5
292968.75
312500.0
546875.0
177 3 5
585937.5
937500.0
625000.0
100 3 5
332031.25
468750.0
449218.75
177 3 5
625000.0
937500.0
625000.0
100 3 5
253906.25
292968.75
371093.75
100 3 5
273437.5
332031.25
312500.0
316 3 5
1171875.0
2031250.0
1406250.0
316 3 5
1250000.0
2187500.0
1250000.0
316 3 5
1171875.0
2656250.0
1328125.0
177 3 5
625000.0
1015625.0
898437.5
100 3 5
332031.25
332031.25
292968.75
316 3 5
1171875.0
2343750.0
1093750.0
316 3 5
1093750.0
2187500.0
1328125.0
316 3 5
1250000.0
2343750.0
1171875.0
177 3 5
546875.0
1093750.0
1015625.0
562 3 5
2656250.0
5937500.0
3750000.0
177 3 5
585937.5
703125.0
664062.5
316 3 5
1406250.0
2187500.0
1250000.0
316 3 5
1562500.0
2343750.0
1250000.0
1778 3 5
1.0E7
7.0E7
1.375E7
562 3 5
2500000.0
6875000.0
2500000.0
562 3 5
2656250.0
6875000.0
2343750.0
1000 3 5
5937500.0
2.75E7
7500000.0
1778 3 5
1.3125E7
1.1E8
1.375E7
562 3 5
2343750.0
6875000.0
2656250.0
562 3 5
2500000.0
9375000.0
2187500.0
1778 3 5
1.0625E7
7.0E7
8750000.0
1000 3 5
6875000.0
2.75E7
5000000.0
1000 3 5
5312500.0
1.75E7
5312500.0
1778 3 5
1.3125E7
1.2E8
1.125E7
562 3 5
2500000.0
2.25E7
2656250.0
1000 3 5
6562500.0
2.75E7
5625000.0
3162 3 5
2.75E7
2.7E8
2.25E7
1000 3 5
6875000.0
2.25E7
6875000.0
3162 3 5
2.75E7
2.7E8
2.375E7
1000 3 5
7187500.0
2.75E7
5312500.0
1000 3 5
6250000.0
1.625E7
5625000.0
562 3 5
3437500.0
1.0625E7
2812500.0
1000 3 5
5625000.0
5.75E7
5937500.0
1778 3 5
1.625E7
6.5E7
1.3125E7
1000 3 5
6250000.0
6.0E7
5625000.0
3162 3 5
2.5E7
2.8E8
2.375E7
1778 3 5
1.25E7
4.75E7
1.0625E7
562 3 5
2968750.0
1.75E7
4531250.0
1000 3 5
9375000.0
2.75E7
1.4375E7
1778 3 5
1.1875E7
4.75E7
1.5E7
1778 3 5
1.25E7
5.5E7
1.375E7
3162 3 5
5.125E7
2.6E8
7.0E7
1778 3 5
1.3125E7
7.5E7
2.3125E7
562 3 5
2968750.0
2.25E7
6406250.0
1778 3 5
2.6875E7
1.2E8
1.375E7
3162 3 5
2.125E7
1.7E8
2.375E7
3162 3 5
1.875E7
1.8E8
2.125E7
3162 3 5
2.0E7
2.0E8
1.875E7
3162 3 5
3.25E7
4.4E8
5.75E7
3162 3 5
5.375E7
3.1E8
4.5E7
5623 3 5
3.75E7
5.6E8
5.5E7
3162 3 5
2.75E7
2.0E8
2.875E7
5623 3 5
6.5E7
7.9E8
5.5E7
5623 3 5
3.5E7
5.8E8
3.75E7
5623 3 5
5.5E7
7.2E8
4.5E7
5623 3 5
7.0E7
7.8E8
4.75E7
5623 3 5
6.5E7
7.9E8
4.75E7
5623 3 5
5.5E7
7.3E8
5.0E7
5623 3 5
5.5E7
7.1E8
4.75E7
5623 3 5
6.0E7
7.2E8
5.0E7
5623 3 5
6.25E7
7.3E8
9.0E7
10000 3 5
7.0E7
1.82E9
7.5E7
10000 3 5
1.2E8
1.87E9
1.1E8
10000 3 5
7.0E7
1.86E9
8.0E7
10000 3 5
1.1E8
2.1E9
9.5E7
10000 3 5
8.0E7
2.12E9
9.5E7
10000 3 5
1.3E8
2.48E9
6.5E7
10000 3 5
1.4E8
2.51E9
7.5E7
10000 3 5
1.4E8
2.68E9
1.1E8
10000 3 5
2.0E8
2.68E9
8.0E7
10000 3 5
1.9E8
3.26E9
1.1E8
17782 3 5
2.7E8
5.85E9
1.3E8
17782 3 5
1.5E8
6.56E9
1.3E8
17782 3 5
4.7E8
6.87E9
1.4E8
17782 3 5
3.0E8
7.14E9
1.3E8
17782 3 5
2.0E8
7.71E9
1.7E8
17782 3 5
2.7E8
7.18E9
2.0E8
17782 3 5
2.2E8
7.34E9
1.7E8
17782 3 5
3.0E8
8.49E9
2.0E8
17782 3 5
2.7E8
1.202E10
1.9E8
17782 3 5
3.1E8
1.389E10
1.9E8
31622 3 5
7.5E8
2.418E10
2.4E8
31622 3 5
7.8E8
2.644E10
3.3E8
31622 3 5
3.4E8
2.749E10
4.5E8
31622 3 5
6.7E8
2.775E10
2.6E8
31622 3 5
6.6E8
2.911E10
2.4E8
31622 3 5
5.0E8
2.982E10
2.4E8
31622 3 5
4.8E8
3.144E10
4.2E8
31622 3 5
6.9E8
3.494E10
2.2E8
31622 3 5
7.7E8
3.548E10
2.1E8
31622 3 5
8.6E8
3.562E10
2.1E8
56234 3 5
1.3E9
8.339E10
4.8E8
56234 3 5
1.27E9
8.557E10
5.9E8
56234 3 5
1.07E9
8.716E10
5.0E8
56234 3 5
1.03E9
8.613E10
5.6E8
56234 3 5
1.81E9
8.565E10
3.8E8
56234 3 5
9.7E8
8.794E10
4.0E8
56234 3 5
2.82E9
8.889E10
4.0E8
56234 3 5
7.7E8
9.261E10
3.5E8
56234 3 5
8.8E8
9.312E10
3.6E8
56234 3 5
1.04E9
9.33E10
3.4E8
100000 3 5
1.78E9
1.9956E11
6.2E8
100000 3 5
2.44E9
2.1547E11
6.0E8
100000 3 5
1.44E9
2.2014E11
6.3E8
100000 3 5
1.41E9
2.2225E11
7.0E8
100000 3 5
2.12E9
2.2215E11
6.5E8
100000 3 5
1.45E9
2.2564E11
6.8E8
100000 3 5
2.73E9
2.3218E11
6.6E8
100000 3 5
2.48E9
2.3087E11
5.3E8
100000 3 5
3.02E9
2.3858E11
6.1E8
100000 3 5
1.89E9
2.3975E11
5.2E8
