316 10 5
4062500.0
3437500.0
3750000.0
316 10 5
3750000.0
3437500.0
4375000.0
316 10 5
3750000.0
3750000.0
4062500.0
100 10 5
546875.0
429687.5
429687.5
100 10 5
546875.0
429687.5
468750.0
100 10 5
585937.5
429687.5
429687.5
100 10 5
546875.0
429687.5
429687.5
100 10 5
585937.5
468750.0
468750.0
100 10 5
546875.0
468750.0
468750.0
100 10 5
507812.5
468750.0
468750.0
100 10 5
468750.0
429687.5
468750.0
100 10 5
585937.5
585937.5
429687.5
177 10 5
1328125.0
1171875.0
1093750.0
177 10 5
1328125.0
1015625.0
1093750.0
562 10 5
8750000.0
1.3125E7
8125000.0
177 10 5
1406250.0
1171875.0
1093750.0
100 10 5
585937.5
468750.0
429687.5
177 10 5
1406250.0
1015625.0
1093750.0
177 10 5
1484375.0
1015625.0
1093750.0
316 10 5
4062500.0
3437500.0
2812500.0
177 10 5
1484375.0
1406250.0
1093750.0
177 10 5
1406250.0
1562500.0
1093750.0
316 10 5
3750000.0
3281250.0
2656250.0
177 10 5
1484375.0
1093750.0
1093750.0
316 10 5
3750000.0
3281250.0
2812500.0
177 10 5
1328125.0
1562500.0
1093750.0
316 10 5
3437500.0
3125000.0
2812500.0
316 10 5
3437500.0
3281250.0
2812500.0
562 10 5
9375000.0
8750000.0
7500000.0
316 10 5
3437500.0
3593750.0
2812500.0
316 10 5
3750000.0
3281250.0
2812500.0
177 10 5
1406250.0
1640625.0
1093750.0
562 10 5
9375000.0
6875000.0
1.1875E7
562 10 5
8750000.0
7500000.0
9375000.0
1778 10 5
5.5E7
1.2E8
1.9E8
1778 10 5
6.0E7
1.3E8
1.9E8
1778 10 5
5.5E7
1.4E8
1.9E8
562 10 5
9375000.0
8125000.0
1.3125E7
562 10 5
8750000.0
7500000.0
1.0625E7
562 10 5
8750000.0
7500000.0
1.1875E7
562 10 5
8750000.0
7500000.0
1.125E7
562 10 5
9375000.0
8125000.0
9375000.0
562 10 5
9375000.0
9375000.0
8750000.0
1000 10 5
2.375E7
4.0E7
3.0E7
1778 10 5
6.0E7
8.0E7
9.0E7
1778 10 5
6.0E7
1.0E8
6.5E7
1778 10 5
6.0E7
1.3E8
6.5E7
1778 10 5
6.0E7
8.0E7
8.0E7
1778 10 5
5.5E7
1.15E8
7.0E7
1778 10 5
6.0E7
1.15E8
7.0E7
1000 10 5
2.5E7
3.5E7
2.75E7
1000 10 5
2.25E7
2.625E7
3.0E7
1778 10 5
6.0E7
1.5E8
6.0E7
3162 10 5
1.4E8
3.3E8
1.7E8
3162 10 5
1.3E8
3.6E8
1.6E8
3162 10 5
1.5E8
3.3E8
1.5E8
3162 10 5
1.4E8
4.5E8
1.5E8
1000 10 5
2.5E7
6.0E7
2.625E7
1000 10 5
2.5E7
3.25E7
2.25E7
1000 10 5
2.5E7
3.75E7
2.375E7
1000 10 5
2.25E7
5.0E7
2.375E7
1000 10 5
2.25E7
3.0E7
2.25E7
1000 10 5
2.375E7
3.375E7
2.25E7
1000 10 5
2.5E7
3.5E7
2.125E7
3162 10 5
1.7E8
2.3E8
1.3E8
3162 10 5
1.6E8
2.4E8
1.3E8
3162 10 5
1.8E8
2.1E8
1.4E8
3162 10 5
1.6E8
2.2E8
1.3E8
3162 10 5
1.4E8
2.5E8
1.4E8
3162 10 5
1.5E8
2.5E8
1.5E8
5623 10 5
4.2E8
6.7E8
3.5E8
5623 10 5
3.9E8
7.2E8
3.4E8
5623 10 5
3.7E8
7.4E8
3.5E8
5623 10 5
3.7E8
7.2E8
3.4E8
5623 10 5
3.7E8
7.5E8
3.5E8
5623 10 5
3.8E8
6.5E8
3.5E8
5623 10 5
3.6E8
7.2E8
3.6E8
5623 10 5
3.6E8
7.6E8
3.7E8
5623 10 5
3.8E8
6.7E8
3.6E8
5623 10 5
3.8E8
7.2E8
3.5E8
10000 10 5
9.0E8
2.61E9
9.0E8
10000 10 5
8.5E8
2.66E9
9.1E8
10000 10 5
9.5E8
2.92E9
8.7E8
10000 10 5
9.1E8
2.98E9
9.0E8
10000 10 5
8.9E8
3.03E9
9.4E8
10000 10 5
9.8E8
2.82E9
8.8E8
10000 10 5
1.0E9
2.92E9
9.0E8
10000 10 5
9.9E8
2.95E9
8.8E8
10000 10 5
9.4E8
2.94E9
9.9E8
10000 10 5
1.01E9
3.14E9
8.7E8
17782 10 5
2.18E9
8.51E9
2.14E9
17782 10 5
2.17E9
8.55E9
2.17E9
17782 10 5
2.2E9
8.47E9
2.19E9
17782 10 5
2.19E9
8.73E9
2.11E9
17782 10 5
2.15E9
8.87E9
2.14E9
17782 10 5
2.17E9
8.82E9
2.13E9
17782 10 5
2.14E9
8.98E9
2.12E9
17782 10 5
2.14E9
8.76E9
2.14E9
17782 10 5
2.19E9
8.58E9
2.16E9
17782 10 5
2.51E9
8.66E9
2.16E9
31622 10 5
5.34E9
3.251E10
5.32E9
31622 10 5
5.41E9
3.439E10
5.29E9
31622 10 5
5.45E9
3.413E10
5.12E9
31622 10 5
5.35E9
3.507E10
5.33E9
31622 10 5
5.37E9
3.453E10
5.21E9
31622 10 5
6.34E9
3.404E10
5.14E9
31622 10 5
5.44E9
3.487E10
5.29E9
31622 10 5
5.42E9
3.49E10
5.28E9
31622 10 5
6.16E9
3.511E10
5.13E9
31622 10 5
5.64E9
3.534E10
5.31E9
56234 10 5
1.415E10
1.1298E11
1.253E10
56234 10 5
1.366E10
1.1274E11
1.071E10
56234 10 5
1.503E10
1.1341E11
1.191E10
56234 10 5
1.307E10
1.1537E11
1.188E10
56234 10 5
1.329E10
1.1594E11
1.209E10
56234 10 5
1.518E10
1.1385E11
1.219E10
56234 10 5
1.333E10
1.1715E11
1.184E10
56234 10 5
1.315E10
1.172E11
1.133E10
56234 10 5
1.41E10
1.1902E11
1.224E10
56234 10 5
1.287E10
1.1994E11
1.188E10
100000 10 5
3.343E10
2.9638E11
2.339E10
100000 10 5
3.182E10
2.8791E11
2.579E10
100000 10 5
3.241E10
2.9253E11
2.403E10
100000 10 5
3.221E10
3.1061E11
2.472E10
100000 10 5
3.283E10
3.0607E11
2.508E10
100000 10 5
3.202E10
3.0775E11
2.525E10
100000 10 5
3.237E10
3.1E11
2.74E10
100000 10 5
3.225E10
3.1103E11
2.589E10
100000 10 5
3.248E10
3.1435E11
2.582E10
100000 10 5
3.209E10
3.1555E11
2.682E10
