316 7 20
3437500.0
3437500.0
5312500.0
316 7 20
3437500.0
2968750.0
3437500.0
316 7 20
3437500.0
2812500.0
3750000.0
316 7 20
3437500.0
2968750.0
3437500.0
100 7 20
546875.0
332031.25
429687.5
316 7 20
3437500.0
2968750.0
3750000.0
100 7 20
546875.0
332031.25
429687.5
100 7 20
546875.0
351562.5
507812.5
316 7 20
3437500.0
2968750.0
4687500.0
562 7 20
8750000.0
9375000.0
8125000.0
316 7 20
3437500.0
3125000.0
3437500.0
177 7 20
1406250.0
937500.0
1015625.0
177 7 20
1406250.0
1015625.0
1015625.0
177 7 20
1406250.0
937500.0
1093750.0
177 7 20
1406250.0
1015625.0
1093750.0
177 7 20
1328125.0
1015625.0
1093750.0
177 7 20
1484375.0
1015625.0
1093750.0
177 7 20
1484375.0
937500.0
1093750.0
100 7 20
546875.0
429687.5
429687.5
177 7 20
1484375.0
937500.0
1171875.0
100 7 20
546875.0
312500.0
332031.25
562 7 20
8750000.0
1.5E7
7500000.0
100 7 20
507812.5
332031.25
351562.5
177 7 20
1406250.0
1640625.0
859375.0
177 7 20
1328125.0
1640625.0
1015625.0
100 7 20
585937.5
371093.75
351562.5
100 7 20
585937.5
488281.25
332031.25
100 7 20
546875.0
410156.25
332031.25
100 7 20
585937.5
449218.75
351562.5
316 7 20
3437500.0
2968750.0
2656250.0
316 7 20
3437500.0
3281250.0
2812500.0
316 7 20
3593750.0
3437500.0
2812500.0
562 7 20
8750000.0
9375000.0
9375000.0
562 7 20
8750000.0
8750000.0
9375000.0
562 7 20
8750000.0
9375000.0
9375000.0
562 7 20
8750000.0
1.0E7
1.0E7
1778 7 20
5.5E7
1.0E8
5.5E7
562 7 20
9375000.0
1.0E7
1.0E7
1778 7 20
6.5E7
1.6E8
1.3E8
562 7 20
8750000.0
1.0E7
1.0E7
1000 7 20
2.125E7
3.75E7
2.75E7
562 7 20
8750000.0
1.0625E7
1.0E7
562 7 20
8750000.0
1.0E7
7500000.0
1000 7 20
2.125E7
3.25E7
2.0E7
1000 7 20
2.125E7
3.0E7
1.875E7
1000 7 20
2.125E7
3.25E7
2.0E7
1000 7 20
2.125E7
3.0E7
2.0E7
1000 7 20
2.125E7
2.75E7
2.375E7
1778 7 20
5.5E7
1.3E8
6.0E7
1000 7 20
2.125E7
3.25E7
2.125E7
1000 7 20
2.125E7
3.75E7
2.375E7
1778 7 20
5.5E7
1.0E8
5.5E7
1000 7 20
2.25E7
3.75E7
2.25E7
1778 7 20
5.5E7
3.4E8
6.5E7
1778 7 20
6.25E7
1.2E8
5.5E7
1778 7 20
6.5E7
3.1E8
6.0E7
1778 7 20
5.5E7
2.25E8
7.0E7
1778 7 20
7.5E7
2.4E8
6.0E7
1000 7 20
2.25E7
8.25E7
2.125E7
3162 7 20
1.3E8
4.1E8
1.4E8
3162 7 20
1.4E8
3.0E8
1.4E8
1778 7 20
5.5E7
2.25E8
6.0E7
3162 7 20
1.4E8
3.9E8
1.5E8
3162 7 20
1.3E8
6.2E8
1.3E8
3162 7 20
1.4E8
2.4E8
1.1E8
3162 7 20
1.5E8
2.2E8
1.2E8
3162 7 20
1.5E8
2.3E8
1.1E8
3162 7 20
1.4E8
2.6E8
1.4E8
3162 7 20
1.5E8
2.9E8
1.3E8
3162 7 20
1.4E8
2.5E8
1.3E8
5623 7 20
3.1E8
7.6E8
3.1E8
5623 7 20
3.0E8
7.8E8
3.0E8
5623 7 20
3.3E8
7.7E8
2.8E8
5623 7 20
3.4E8
9.5E8
2.9E8
5623 7 20
3.0E8
8.3E8
3.2E8
5623 7 20
3.1E8
8.7E8
3.8E8
5623 7 20
2.9E8
8.9E8
3.3E8
5623 7 20
3.3E8
1.02E9
3.3E8
5623 7 20
3.5E8
9.7E8
3.2E8
5623 7 20
3.2E8
8.9E8
3.3E8
10000 7 20
7.0E8
2.6E9
7.7E8
10000 7 20
7.0E8
3.02E9
8.1E8
10000 7 20
7.3E8
3.16E9
7.6E8
10000 7 20
8.1E8
3.18E9
7.8E8
10000 7 20
7.2E8
3.47E9
8.7E8
10000 7 20
7.3E8
3.81E9
8.1E8
10000 7 20
8.7E8
3.78E9
8.2E8
10000 7 20
7.9E8
4.63E9
1.01E9
10000 7 20
8.0E8
5.3E9
1.02E9
10000 7 20
7.7E8
5.67E9
1.17E9
17782 7 20
1.75E9
1.027E10
1.72E9
17782 7 20
1.97E9
1.124E10
1.7E9
17782 7 20
1.87E9
1.229E10
1.85E9
17782 7 20
1.85E9
1.28E10
1.8E9
17782 7 20
1.83E9
1.276E10
2.1E9
17782 7 20
1.89E9
1.31E10
1.75E9
17782 7 20
1.85E9
1.4E10
1.76E9
17782 7 20
1.82E9
1.698E10
1.8E9
17782 7 20
1.96E9
1.622E10
2.2E9
17782 7 20
2.13E9
1.74E10
2.11E9
31622 7 20
4.16E9
4.579E10
4.19E9
31622 7 20
4.34E9
4.665E10
4.16E9
31622 7 20
5.77E9
4.598E10
4.16E9
31622 7 20
4.13E9
4.802E10
4.15E9
31622 7 20
4.38E9
5.228E10
4.13E9
31622 7 20
4.11E9
5.442E10
4.1E9
31622 7 20
4.78E9
5.59E10
4.25E9
31622 7 20
4.55E9
5.569E10
4.04E9
31622 7 20
4.75E9
6.509E10
4.17E9
31622 7 20
5.29E9
6.7E10
3.97E9
56234 7 20
1.214E10
1.4875E11
8.6E9
56234 7 20
1.151E10
1.5415E11
8.18E9
56234 7 20
1.048E10
1.5558E11
7.85E9
56234 7 20
1.033E10
1.583E11
8.62E9
56234 7 20
1.082E10
1.5772E11
8.94E9
56234 7 20
1.257E10
1.5666E11
8.35E9
56234 7 20
1.231E10
1.5565E11
8.36E9
56234 7 20
9.85E9
1.5916E11
8.8E9
56234 7 20
1.036E10
1.6249E11
8.63E9
56234 7 20
1.146E10
1.6952E11
8.2E9
100000 7 20
2.291E10
3.8287E11
1.717E10
100000 7 20
2.414E10
3.8375E11
1.712E10
100000 7 20
2.606E10
4.0698E11
1.829E10
100000 7 20
2.679E10
4.1083E11
1.738E10
100000 7 20
2.269E10
4.0628E11
1.741E10
100000 7 20
2.39E10
4.1233E11
1.724E10
100000 7 20
2.892E10
4.0794E11
1.736E10
100000 7 20
2.272E10
4.1509E11
1.74E10
100000 7 20
2.331E10
4.143E11
1.744E10
100000 7 20
2.329E10
4.1785E11
1.728E10
