100 30 5
468750.0
859375.0
546875.0
316 30 5
3750000.0
4062500.0
4062500.0
316 30 5
4062500.0
4375000.0
4062500.0
316 30 5
3750000.0
4062500.0
4062500.0
100 30 5
546875.0
859375.0
585937.5
316 30 5
3750000.0
4062500.0
4062500.0
316 30 5
3750000.0
4375000.0
4062500.0
316 30 5
4062500.0
3750000.0
4062500.0
316 30 5
4062500.0
4062500.0
3750000.0
316 30 5
4062500.0
4062500.0
4062500.0
316 30 5
4062500.0
4062500.0
4062500.0
100 30 5
585937.5
859375.0
585937.5
316 30 5
4062500.0
3750000.0
4062500.0
177 30 5
1484375.0
1875000.0
1875000.0
177 30 5
1406250.0
1875000.0
1718750.0
177 30 5
1484375.0
1718750.0
1875000.0
177 30 5
1640625.0
1718750.0
1875000.0
177 30 5
1562500.0
1875000.0
1875000.0
177 30 5
1484375.0
1718750.0
1718750.0
177 30 5
1562500.0
1718750.0
1875000.0
100 30 5
507812.5
820312.5
546875.0
177 30 5
1562500.0
1718750.0
1718750.0
562 30 5
1.0E7
9375000.0
9375000.0
100 30 5
585937.5
820312.5
585937.5
100 30 5
585937.5
781250.0
625000.0
100 30 5
585937.5
781250.0
625000.0
100 30 5
625000.0
820312.5
664062.5
100 30 5
625000.0
859375.0
625000.0
100 30 5
585937.5
820312.5
625000.0
562 30 5
1.0625E7
1.0E7
9375000.0
177 30 5
1484375.0
1796875.0
1718750.0
177 30 5
1484375.0
1718750.0
1718750.0
1778 30 5
6.5E7
6.5E7
1.7E8
1778 30 5
6.5E7
8.5E7
1.3E8
1778 30 5
7.0E7
1.2E8
1.4E8
1778 30 5
6.5E7
7.0E7
8.5E7
1000 30 5
2.75E7
2.625E7
2.75E7
1000 30 5
2.625E7
2.75E7
2.75E7
1000 30 5
2.75E7
3.25E7
3.0E7
1000 30 5
2.5E7
4.25E7
3.5E7
1000 30 5
2.5E7
3.25E7
2.75E7
1000 30 5
2.625E7
3.5E7
3.75E7
1778 30 5
6.5E7
1.2E8
8.0E7
1000 30 5
2.375E7
3.0E7
3.0E7
1778 30 5
6.5E7
1.05E8
6.5E7
1778 30 5
6.5E7
1.05E8
7.0E7
1778 30 5
6.5E7
6.5E7
9.5E7
562 30 5
1.0E7
1.75E7
1.5625E7
1778 30 5
6.0E7
1.1E8
9.0E7
562 30 5
1.0E7
1.25E7
1.0625E7
1778 30 5
6.5E7
8.0E7
8.0E7
562 30 5
1.0E7
1.25E7
1.0625E7
562 30 5
1.0E7
1.3125E7
1.0625E7
562 30 5
9375000.0
1.625E7
1.125E7
562 30 5
1.0E7
1.1875E7
1.125E7
562 30 5
1.0625E7
1.625E7
1.0625E7
562 30 5
1.0E7
1.5625E7
1.0E7
3162 30 5
1.6E8
2.5E8
2.0E8
1000 30 5
2.5E7
4.5E7
2.5E7
1000 30 5
2.75E7
3.25E7
2.625E7
3162 30 5
1.5E8
3.3E8
2.8E8
3162 30 5
1.8E8
2.8E8
2.5E8
3162 30 5
1.8E8
2.6E8
2.4E8
1000 30 5
2.5E7
2.875E7
2.375E7
3162 30 5
1.9E8
2.0E8
1.7E8
3162 30 5
1.8E8
2.0E8
1.6E8
3162 30 5
1.7E8
1.9E8
1.7E8
3162 30 5
1.7E8
1.6E8
1.4E8
3162 30 5
1.8E8
1.7E8
1.5E8
3162 30 5
1.6E8
1.6E8
1.4E8
5623 30 5
4.1E8
5.2E8
5.1E8
5623 30 5
4.1E8
5.5E8
5.4E8
5623 30 5
4.2E8
5.4E8
5.8E8
5623 30 5
4.1E8
5.7E8
5.9E8
5623 30 5
4.1E8
6.1E8
5.7E8
5623 30 5
4.1E8
5.8E8
6.6E8
5623 30 5
4.1E8
5.3E8
7.4E8
5623 30 5
4.2E8
5.7E8
9.7E8
5623 30 5
4.0E8
5.9E8
9.7E8
5623 30 5
4.1E8
6.1E8
9.9E8
10000 30 5
1.01E9
1.74E9
1.33E9
10000 30 5
1.06E9
1.76E9
1.29E9
10000 30 5
1.01E9
1.77E9
1.33E9
10000 30 5
1.01E9
2.06E9
1.29E9
10000 30 5
1.01E9
1.83E9
1.34E9
10000 30 5
1.05E9
2.11E9
1.38E9
10000 30 5
1.1E9
2.0E9
1.56E9
10000 30 5
1.01E9
2.24E9
1.47E9
10000 30 5
1.03E9
2.36E9
1.4E9
10000 30 5
1.01E9
3.0E9
1.25E9
17782 30 5
2.69E9
5.32E9
2.93E9
17782 30 5
2.78E9
5.57E9
2.89E9
17782 30 5
2.76E9
5.93E9
2.86E9
17782 30 5
2.75E9
6.2E9
2.75E9
17782 30 5
2.76E9
6.04E9
2.84E9
17782 30 5
2.91E9
5.51E9
2.87E9
17782 30 5
2.88E9
6.21E9
2.79E9
17782 30 5
2.81E9
5.79E9
2.83E9
17782 30 5
2.61E9
7.03E9
2.93E9
17782 30 5
3.0E9
6.43E9
2.73E9
31622 30 5
6.58E9
1.866E10
6.97E9
31622 30 5
6.72E9
1.986E10
6.96E9
31622 30 5
7.02E9
1.808E10
7.39E9
31622 30 5
6.55E9
1.906E10
6.79E9
31622 30 5
6.59E9
1.974E10
6.86E9
31622 30 5
6.52E9
1.96E10
7.77E9
31622 30 5
8.31E9
1.932E10
6.92E9
31622 30 5
7.03E9
1.969E10
7.18E9
31622 30 5
6.61E9
1.985E10
7.45E9
31622 30 5
8.81E9
2.003E10
6.65E9
56234 30 5
1.633E10
6.621E10
1.459E10
56234 30 5
1.597E10
6.762E10
1.453E10
56234 30 5
1.629E10
6.746E10
1.536E10
56234 30 5
1.833E10
6.694E10
1.47E10
56234 30 5
1.878E10
6.624E10
1.448E10
56234 30 5
1.635E10
7.036E10
1.519E10
56234 30 5
1.632E10
7.253E10
1.571E10
56234 30 5
2.041E10
6.625E10
1.627E10
56234 30 5
1.635E10
7.073E10
1.538E10
56234 30 5
1.829E10
7.466E10
1.525E10
100000 30 5
4.131E10
1.6657E11
3.141E10
100000 30 5
4.615E10
1.6378E11
3.199E10
100000 30 5
4.015E10
1.7853E11
3.237E10
100000 30 5
4.017E10
1.7886E11
3.21E10
100000 30 5
4.284E10
1.6618E11
3.34E10
100000 30 5
3.835E10
1.7537E11
3.196E10
100000 30 5
3.897E10
1.8013E11
3.201E10
100000 30 5
4.14E10
1.766E11
3.664E10
100000 30 5
4.23E10
1.8358E11
3.638E10
100000 30 5
3.84E10
1.8558E11
3.238E10
