316 25 1
3750000.0
3750000.0
3437500.0
316 25 1
4062500.0
3750000.0
3437500.0
316 25 1
3750000.0
3437500.0
4062500.0
316 25 1
3750000.0
3750000.0
3750000.0
316 25 1
3750000.0
3750000.0
3750000.0
316 25 1
4062500.0
3437500.0
3750000.0
316 25 1
3750000.0
3750000.0
3437500.0
316 25 1
4062500.0
3750000.0
3437500.0
316 25 1
4062500.0
3437500.0
3437500.0
177 25 1
1562500.0
1718750.0
1718750.0
177 25 1
1562500.0
1718750.0
1718750.0
562 25 1
1.0625E7
8750000.0
8125000.0
177 25 1
1484375.0
1484375.0
1718750.0
100 25 1
585937.5
742187.5
703125.0
100 25 1
546875.0
742187.5
703125.0
316 25 1
4062500.0
3593750.0
3437500.0
100 25 1
468750.0
742187.5
703125.0
100 25 1
585937.5
703125.0
703125.0
100 25 1
546875.0
703125.0
742187.5
100 25 1
585937.5
703125.0
742187.5
562 25 1
1.0E7
8125000.0
7500000.0
100 25 1
585937.5
703125.0
703125.0
177 25 1
1562500.0
1484375.0
1718750.0
100 25 1
585937.5
664062.5
703125.0
100 25 1
546875.0
742187.5
703125.0
100 25 1
585937.5
703125.0
742187.5
177 25 1
1562500.0
1718750.0
1562500.0
177 25 1
1484375.0
1640625.0
1562500.0
177 25 1
1484375.0
1562500.0
1718750.0
177 25 1
1640625.0
1640625.0
1640625.0
177 25 1
1484375.0
1484375.0
1640625.0
177 25 1
1406250.0
1562500.0
1718750.0
562 25 1
1.0E7
1.25E7
1.375E7
1000 25 1
2.75E7
2.75E7
3.25E7
562 25 1
9375000.0
1.0625E7
1.875E7
1000 25 1
2.75E7
2.75E7
2.75E7
562 25 1
1.0625E7
1.0625E7
1.0625E7
1778 25 1
7.0E7
8.0E7
1.2E8
562 25 1
1.0E7
1.0E7
1.25E7
1778 25 1
6.5E7
7.0E7
7.5E7
1000 25 1
2.75E7
3.0E7
3.5E7
1000 25 1
2.5E7
2.75E7
3.25E7
562 25 1
1.0E7
1.0625E7
1.1875E7
1778 25 1
6.0E7
6.5E7
1.15E8
1778 25 1
6.5E7
7.0E7
6.0E7
1000 25 1
2.375E7
2.625E7
3.0E7
1778 25 1
6.0E7
7.0E7
1.05E8
1000 25 1
2.625E7
3.0E7
3.5E7
1778 25 1
6.0E7
7.0E7
1.35E8
562 25 1
9375000.0
1.125E7
2.0E7
562 25 1
1.0E7
1.0625E7
2.125E7
562 25 1
1.0E7
1.25E7
1.6875E7
1778 25 1
7.0E7
7.0E7
8.0E7
1778 25 1
6.5E7
7.0E7
9.0E7
1778 25 1
6.0E7
7.5E7
5.5E7
1778 25 1
7.0E7
6.5E7
1.5E8
3162 25 1
1.6E8
2.0E8
1.7E8
1000 25 1
2.875E7
3.125E7
2.75E7
1000 25 1
2.75E7
2.875E7
2.375E7
3162 25 1
1.6E8
2.7E8
2.4E8
3162 25 1
1.5E8
2.9E8
2.1E8
1000 25 1
2.875E7
2.5E7
2.0E7
3162 25 1
1.9E8
4.1E8
2.0E8
1000 25 1
2.75E7
4.375E7
2.125E7
3162 25 1
1.9E8
1.6E8
1.4E8
3162 25 1
1.6E8
1.6E8
1.5E8
3162 25 1
1.7E8
1.5E8
1.6E8
3162 25 1
2.7E8
1.7E8
1.5E8
3162 25 1
2.1E8
1.6E8
1.5E8
3162 25 1
1.4E8
1.6E8
1.5E8
5623 25 1
4.1E8
4.8E8
4.0E8
5623 25 1
4.2E8
5.0E8
4.3E8
5623 25 1
4.2E8
5.0E8
4.0E8
5623 25 1
4.1E8
4.8E8
3.9E8
5623 25 1
4.2E8
4.9E8
3.9E8
5623 25 1
4.0E8
4.8E8
3.9E8
5623 25 1
4.7E8
4.6E8
4.1E8
5623 25 1
4.1E8
5.0E8
4.3E8
5623 25 1
4.1E8
5.0E8
4.4E8
5623 25 1
4.3E8
4.9E8
4.4E8
10000 25 1
1.02E9
1.6E9
1.23E9
10000 25 1
1.03E9
1.58E9
1.19E9
10000 25 1
1.04E9
1.98E9
1.24E9
10000 25 1
1.02E9
2.14E9
1.31E9
10000 25 1
1.05E9
2.08E9
1.52E9
10000 25 1
1.05E9
2.03E9
1.54E9
10000 25 1
1.16E9
2.17E9
1.61E9
10000 25 1
9.9E8
2.0E9
1.56E9
10000 25 1
1.08E9
2.3E9
1.4E9
10000 25 1
1.13E9
2.12E9
1.76E9
17782 25 1
2.52E9
6.2E9
2.75E9
17782 25 1
2.51E9
5.72E9
2.8E9
17782 25 1
2.52E9
6.0E9
2.92E9
17782 25 1
2.81E9
6.31E9
2.72E9
17782 25 1
2.79E9
6.61E9
3.02E9
17782 25 1
2.73E9
7.4E9
3.12E9
17782 25 1
2.73E9
7.61E9
3.27E9
17782 25 1
2.75E9
7.93E9
3.07E9
17782 25 1
2.61E9
8.1E9
3.2E9
17782 25 1
2.77E9
8.83E9
2.96E9
31622 25 1
6.27E9
1.959E10
6.84E9
31622 25 1
6.36E9
1.95E10
7.17E9
31622 25 1
7.39E9
2.097E10
6.79E9
31622 25 1
6.48E9
2.192E10
6.89E9
31622 25 1
7.75E9
2.081E10
6.54E9
31622 25 1
6.2E9
2.229E10
6.16E9
31622 25 1
6.95E9
2.335E10
6.5E9
31622 25 1
6.69E9
2.166E10
6.79E9
31622 25 1
6.97E9
2.159E10
6.73E9
31622 25 1
9.47E9
2.19E10
6.57E9
56234 25 1
1.868E10
6.393E10
1.4E10
56234 25 1
1.571E10
7.246E10
1.4E10
56234 25 1
1.683E10
7.46E10
1.441E10
56234 25 1
1.518E10
7.524E10
1.382E10
56234 25 1
1.571E10
7.395E10
1.563E10
56234 25 1
1.591E10
7.601E10
1.526E10
56234 25 1
1.566E10
7.73E10
1.386E10
56234 25 1
1.628E10
7.561E10
1.546E10
56234 25 1
1.563E10
7.851E10
1.343E10
56234 25 1
1.675E10
7.718E10
1.42E10
100000 25 1
3.901E10
1.7764E11
3.047E10
100000 25 1
3.803E10
1.8597E11
3.397E10
100000 25 1
3.742E10
1.9091E11
3.19E10
100000 25 1
3.842E10
2.0322E11
3.037E10
100000 25 1
4.014E10
2.0154E11
3.05E10
100000 25 1
3.772E10
1.9449E11
3.26E10
100000 25 1
3.757E10
1.9369E11
3.254E10
100000 25 1
3.769E10
2.0198E11
3.099E10
100000 25 1
3.909E10
1.9898E11
3.176E10
100000 25 1
3.831E10
2.0583E11
3.253E10
