177 5 20
1171875.0
937500.0
937500.0
177 5 20
1093750.0
937500.0
937500.0
177 5 20
1171875.0
1015625.0
1015625.0
177 5 20
1093750.0
937500.0
859375.0
177 5 20
1171875.0
1093750.0
937500.0
177 5 20
1171875.0
1093750.0
937500.0
177 5 20
1171875.0
937500.0
937500.0
177 5 20
1171875.0
937500.0
1015625.0
177 5 20
1093750.0
1015625.0
937500.0
100 5 20
429687.5
332031.25
312500.0
100 5 20
507812.5
292968.75
312500.0
177 5 20
1093750.0
1015625.0
1015625.0
100 5 20
468750.0
312500.0
332031.25
100 5 20
507812.5
312500.0
332031.25
316 5 20
2812500.0
3437500.0
2656250.0
100 5 20
507812.5
312500.0
312500.0
100 5 20
507812.5
312500.0
292968.75
100 5 20
507812.5
332031.25
312500.0
100 5 20
507812.5
292968.75
312500.0
100 5 20
507812.5
332031.25
332031.25
316 5 20
2812500.0
3437500.0
2656250.0
316 5 20
2812500.0
3437500.0
2500000.0
316 5 20
2812500.0
3437500.0
2500000.0
316 5 20
2968750.0
3437500.0
2656250.0
562 5 20
6875000.0
1.0625E7
5937500.0
316 5 20
2812500.0
3437500.0
2500000.0
100 5 20
468750.0
332031.25
312500.0
316 5 20
2812500.0
4062500.0
2343750.0
316 5 20
2812500.0
2812500.0
2500000.0
316 5 20
2812500.0
2968750.0
2343750.0
562 5 20
6875000.0
9375000.0
5937500.0
316 5 20
2656250.0
3125000.0
2500000.0
1000 5 20
1.5E7
3.0E7
1.375E7
1000 5 20
1.5E7
3.25E7
1.5E7
1000 5 20
1.5E7
3.0E7
1.625E7
1000 5 20
1.5E7
3.0E7
1.5E7
1778 5 20
3.5E7
1.2E8
4.25E7
1000 5 20
1.5E7
3.25E7
1.375E7
1778 5 20
3.5E7
1.1E8
3.75E7
1778 5 20
3.5E7
1.4E8
3.75E7
1778 5 20
3.75E7
1.2E8
3.5E7
1778 5 20
3.75E7
1.3E8
3.25E7
1000 5 20
1.625E7
3.0E7
1.625E7
1000 5 20
1.625E7
3.0E7
1.5E7
1000 5 20
1.5E7
3.5E7
1.5E7
1778 5 20
3.5E7
9.0E7
3.5E7
1000 5 20
1.5E7
3.25E7
1.5E7
562 5 20
6875000.0
1.0E7
5937500.0
1778 5 20
3.25E7
1.0E8
3.25E7
1778 5 20
3.5E7
9.0E7
3.5E7
1000 5 20
1.375E7
3.25E7
1.4375E7
1778 5 20
3.5E7
8.5E7
3.5E7
1778 5 20
3.5E7
9.5E7
3.5E7
3162 5 20
8.5E7
2.9E8
8.0E7
562 5 20
6875000.0
8125000.0
6250000.0
562 5 20
6250000.0
8125000.0
5937500.0
3162 5 20
8.0E7
3.1E8
8.0E7
562 5 20
7187500.0
8750000.0
5937500.0
3162 5 20
9.0E7
3.2E8
8.0E7
562 5 20
7187500.0
8750000.0
6562500.0
562 5 20
6562500.0
8750000.0
6562500.0
562 5 20
7500000.0
9375000.0
7812500.0
562 5 20
6875000.0
8125000.0
7812500.0
3162 5 20
9.5E7
2.9E8
1.0E8
3162 5 20
8.0E7
3.1E8
8.0E7
3162 5 20
8.0E7
3.0E8
8.0E7
3162 5 20
8.0E7
3.7E8
8.0E7
3162 5 20
8.0E7
4.1E8
9.5E7
3162 5 20
7.5E7
3.6E8
9.5E7
3162 5 20
8.0E7
3.8E8
1.05E8
5623 5 20
1.7E8
1.08E9
2.2E8
5623 5 20
1.8E8
1.13E9
2.2E8
5623 5 20
1.9E8
1.07E9
2.2E8
5623 5 20
1.9E8
1.24E9
1.8E8
5623 5 20
1.8E8
1.26E9
2.0E8
5623 5 20
1.8E8
1.11E9
2.6E8
5623 5 20
1.9E8
1.28E9
1.9E8
5623 5 20
2.0E8
1.28E9
2.1E8
5623 5 20
1.9E8
1.38E9
1.9E8
5623 5 20
2.0E8
1.28E9
2.1E8
10000 5 20
4.1E8
3.67E9
4.5E8
10000 5 20
3.9E8
3.57E9
4.5E8
10000 5 20
3.9E8
3.62E9
4.3E8
10000 5 20
4.2E8
3.85E9
4.8E8
10000 5 20
3.9E8
3.68E9
5.0E8
10000 5 20
4.0E8
3.68E9
5.1E8
10000 5 20
4.2E8
4.01E9
4.4E8
10000 5 20
4.8E8
4.19E9
5.1E8
10000 5 20
4.1E8
4.18E9
4.8E8
10000 5 20
4.8E8
4.38E9
4.9E8
17782 5 20
1.14E9
1.347E10
9.8E8
17782 5 20
9.5E8
1.398E10
1.0E9
17782 5 20
1.12E9
1.381E10
1.07E9
17782 5 20
1.07E9
1.409E10
1.11E9
17782 5 20
9.2E8
1.471E10
1.13E9
17782 5 20
1.03E9
1.55E10
9.4E8
17782 5 20
1.04E9
1.731E10
9.3E8
17782 5 20
1.02E9
1.686E10
1.03E9
17782 5 20
1.01E9
1.789E10
1.03E9
17782 5 20
1.02E9
1.763E10
1.03E9
31622 5 20
2.29E9
5.564E10
2.3E9
31622 5 20
2.5E9
5.644E10
2.26E9
31622 5 20
2.53E9
5.906E10
2.14E9
31622 5 20
2.4E9
5.946E10
2.36E9
31622 5 20
2.47E9
5.948E10
2.32E9
31622 5 20
2.38E9
6.088E10
2.0E9
31622 5 20
2.56E9
6.124E10
2.16E9
31622 5 20
2.3E9
6.22E10
2.19E9
31622 5 20
2.42E9
6.337E10
2.06E9
31622 5 20
2.36E9
6.346E10
2.14E9
56234 5 20
8.69E9
1.3213E11
3.65E9
56234 5 20
5.35E9
1.464E11
5.2E9
56234 5 20
5.36E9
1.469E11
5.93E9
56234 5 20
5.69E9
1.4928E11
4.25E9
56234 5 20
6.96E9
1.473E11
4.97E9
56234 5 20
5.64E9
1.5288E11
3.95E9
56234 5 20
6.89E9
1.5411E11
4.29E9
56234 5 20
5.95E9
1.5553E11
4.62E9
56234 5 20
6.26E9
1.621E11
3.4E9
56234 5 20
7.05E9
1.6266E11
3.46E9
100000 5 20
1.188E10
3.5093E11
8.9E9
100000 5 20
1.122E10
3.547E11
9.91E9
100000 5 20
1.125E10
3.7477E11
7.3E9
100000 5 20
1.116E10
3.7344E11
8.15E9
100000 5 20
1.236E10
3.7624E11
7.53E9
100000 5 20
1.261E10
3.9458E11
8.49E9
100000 5 20
1.151E10
3.9408E11
6.46E9
100000 5 20
1.095E10
3.9205E11
7.86E9
100000 5 20
1.592E10
4.0857E11
7.21E9
100000 5 20
1.095E10
4.0508E11
7.28E9
