316 15 5
3750000.0
3437500.0
3437500.0
316 15 5
3750000.0
3750000.0
3750000.0
316 15 5
4062500.0
4062500.0
4062500.0
316 15 5
4062500.0
4062500.0
3750000.0
100 15 5
507812.5
507812.5
546875.0
100 15 5
546875.0
507812.5
546875.0
100 15 5
546875.0
507812.5
625000.0
100 15 5
585937.5
507812.5
546875.0
100 15 5
625000.0
507812.5
546875.0
100 15 5
625000.0
468750.0
546875.0
100 15 5
585937.5
507812.5
546875.0
100 15 5
585937.5
507812.5
585937.5
100 15 5
585937.5
546875.0
585937.5
100 15 5
546875.0
507812.5
585937.5
562 15 5
9375000.0
8750000.0
8125000.0
316 15 5
4062500.0
3437500.0
3125000.0
316 15 5
4062500.0
3437500.0
3125000.0
316 15 5
4062500.0
3437500.0
3125000.0
562 15 5
9375000.0
8125000.0
1.0E7
177 15 5
1328125.0
1250000.0
1250000.0
177 15 5
1484375.0
1250000.0
1250000.0
177 15 5
1562500.0
1250000.0
1171875.0
177 15 5
1484375.0
1250000.0
1171875.0
316 15 5
3750000.0
3125000.0
2968750.0
316 15 5
3437500.0
3281250.0
2812500.0
177 15 5
1562500.0
1250000.0
1171875.0
177 15 5
1406250.0
1250000.0
1171875.0
177 15 5
1406250.0
1328125.0
1250000.0
177 15 5
1562500.0
1250000.0
1171875.0
177 15 5
1640625.0
1328125.0
1250000.0
316 15 5
3437500.0
3281250.0
2968750.0
177 15 5
1562500.0
1250000.0
1328125.0
562 15 5
8750000.0
8125000.0
1.5E7
1778 15 5
5.5E7
1.1E8
1.1E8
1778 15 5
6.0E7
1.2E8
1.1E8
562 15 5
8750000.0
8125000.0
1.1875E7
1000 15 5
2.125E7
3.5E7
3.25E7
562 15 5
1.0625E7
1.25E7
1.625E7
1000 15 5
2.5E7
3.25E7
2.75E7
1000 15 5
2.125E7
3.25E7
3.0E7
1000 15 5
2.5E7
4.25E7
4.0E7
1778 15 5
6.0E7
1.15E8
1.1E8
1000 15 5
2.25E7
3.25E7
2.75E7
562 15 5
8750000.0
1.0E7
9375000.0
1778 15 5
6.0E7
1.2E8
1.0E8
1000 15 5
2.375E7
2.75E7
4.25E7
1778 15 5
6.0E7
1.2E8
9.5E7
1778 15 5
6.0E7
1.3E8
9.5E7
562 15 5
9375000.0
1.0625E7
1.125E7
1000 15 5
2.375E7
3.5E7
3.75E7
1000 15 5
2.5E7
4.5E7
2.75E7
562 15 5
8750000.0
1.125E7
1.0E7
1000 15 5
2.5E7
3.25E7
2.75E7
562 15 5
9375000.0
1.0625E7
1.0E7
1778 15 5
6.0E7
8.5E7
9.5E7
1778 15 5
6.5E7
9.5E7
7.0E7
562 15 5
9375000.0
1.0625E7
7500000.0
1778 15 5
6.5E7
1.1E8
7.0E7
3162 15 5
1.5E8
2.5E8
1.9E8
1778 15 5
6.0E7
9.0E7
6.5E7
3162 15 5
1.5E8
3.2E8
2.2E8
3162 15 5
1.6E8
3.2E8
1.9E8
3162 15 5
1.6E8
3.9E8
1.7E8
3162 15 5
1.5E8
2.5E8
1.4E8
1000 15 5
2.5E7
3.125E7
2.125E7
3162 15 5
1.6E8
2.2E8
1.5E8
3162 15 5
1.7E8
1.9E8
1.5E8
3162 15 5
1.6E8
1.9E8
1.4E8
3162 15 5
1.7E8
1.9E8
1.5E8
3162 15 5
1.8E8
1.8E8
1.5E8
5623 15 5
3.8E8
5.4E8
3.8E8
5623 15 5
4.1E8
5.7E8
3.7E8
5623 15 5
3.9E8
5.4E8
3.8E8
5623 15 5
3.8E8
6.4E8
3.8E8
5623 15 5
4.0E8
5.8E8
3.9E8
5623 15 5
3.8E8
6.3E8
3.9E8
5623 15 5
3.8E8
5.8E8
4.0E8
5623 15 5
3.8E8
6.1E8
4.1E8
5623 15 5
3.8E8
5.8E8
3.8E8
5623 15 5
3.9E8
6.1E8
4.8E8
10000 15 5
9.2E8
2.15E9
9.7E8
10000 15 5
9.6E8
2.11E9
9.5E8
10000 15 5
9.8E8
2.47E9
9.3E8
10000 15 5
9.6E8
2.49E9
1.02E9
10000 15 5
9.7E8
2.47E9
9.9E8
10000 15 5
9.7E8
2.38E9
1.04E9
10000 15 5
9.8E8
2.23E9
1.01E9
10000 15 5
9.8E8
2.33E9
1.15E9
10000 15 5
9.6E8
2.74E9
9.3E8
10000 15 5
9.9E8
2.81E9
1.0E9
17782 15 5
2.48E9
6.94E9
2.47E9
17782 15 5
2.53E9
7.34E9
2.51E9
17782 15 5
2.92E9
7.21E9
2.52E9
17782 15 5
2.61E9
7.96E9
2.56E9
17782 15 5
2.83E9
7.36E9
2.6E9
17782 15 5
2.43E9
7.86E9
2.62E9
17782 15 5
2.94E9
7.89E9
2.6E9
17782 15 5
2.75E9
7.82E9
2.56E9
17782 15 5
2.79E9
7.74E9
2.58E9
17782 15 5
2.74E9
8.09E9
2.6E9
31622 15 5
6.1E9
2.709E10
6.02E9
31622 15 5
6.39E9
2.749E10
6.43E9
31622 15 5
5.9E9
2.763E10
5.79E9
31622 15 5
5.9E9
2.746E10
6.03E9
31622 15 5
5.89E9
2.703E10
6.51E9
31622 15 5
5.87E9
2.903E10
5.9E9
31622 15 5
6.29E9
2.96E10
5.64E9
31622 15 5
5.97E9
2.973E10
6.13E9
31622 15 5
5.84E9
2.99E10
6.09E9
31622 15 5
6.02E9
3.182E10
6.06E9
56234 15 5
1.466E10
1.0304E11
1.21E10
56234 15 5
1.479E10
1.0352E11
1.211E10
56234 15 5
1.468E10
9.817E10
1.342E10
56234 15 5
1.513E10
1.0088E11
1.269E10
56234 15 5
1.474E10
1.0045E11
1.39E10
56234 15 5
1.482E10
1.0354E11
1.29E10
56234 15 5
1.462E10
1.0606E11
1.302E10
56234 15 5
1.503E10
1.0637E11
1.33E10
56234 15 5
1.471E10
1.0752E11
1.375E10
56234 15 5
1.49E10
1.0765E11
1.357E10
100000 15 5
5.301E10
2.1376E11
2.511E10
100000 15 5
3.68E10
2.3353E11
2.877E10
100000 15 5
3.601E10
2.4211E11
2.605E10
100000 15 5
3.681E10
2.5283E11
2.839E10
100000 15 5
3.496E10
2.578E11
3.204E10
100000 15 5
3.62E10
2.5956E11
3.129E10
100000 15 5
3.5E10
2.6457E11
2.941E10
100000 15 5
3.495E10
2.6531E11
3.103E10
100000 15 5
3.571E10
2.6534E11
3.04E10
100000 15 5
3.578E10
2.6216E11
3.124E10
