100 15 10
507812.5
468750.0
585937.5
100 15 10
507812.5
507812.5
585937.5
100 15 10
546875.0
468750.0
507812.5
100 15 10
546875.0
468750.0
585937.5
100 15 10
585937.5
507812.5
585937.5
100 15 10
546875.0
468750.0
585937.5
100 15 10
585937.5
468750.0
585937.5
100 15 10
585937.5
507812.5
625000.0
100 15 10
585937.5
507812.5
585937.5
316 15 10
3750000.0
3593750.0
8125000.0
316 15 10
3750000.0
2968750.0
4687500.0
316 15 10
3750000.0
2812500.0
4375000.0
562 15 10
1.0E7
9375000.0
1.5E7
177 15 10
1406250.0
1093750.0
1718750.0
316 15 10
3750000.0
3593750.0
6875000.0
316 15 10
4062500.0
3437500.0
4062500.0
316 15 10
3750000.0
3281250.0
4375000.0
316 15 10
3750000.0
3281250.0
4687500.0
100 15 10
546875.0
507812.5
781250.0
316 15 10
3750000.0
3125000.0
3750000.0
562 15 10
1.0E7
9375000.0
1.1875E7
177 15 10
1406250.0
1171875.0
1250000.0
177 15 10
1562500.0
1171875.0
1171875.0
177 15 10
1562500.0
1171875.0
1250000.0
177 15 10
1484375.0
1171875.0
1328125.0
177 15 10
1562500.0
1171875.0
1171875.0
316 15 10
3437500.0
3125000.0
2968750.0
177 15 10
1484375.0
1250000.0
1250000.0
177 15 10
1484375.0
1171875.0
1250000.0
177 15 10
1562500.0
1171875.0
1171875.0
177 15 10
1484375.0
1250000.0
1250000.0
316 15 10
3750000.0
3593750.0
3125000.0
1778 15 10
6.5E7
1.1E8
1.1E8
562 15 10
9375000.0
1.375E7
2.125E7
1778 15 10
6.0E7
1.0E8
1.1E8
562 15 10
1.0E7
1.0625E7
1.5E7
1778 15 10
6.0E7
8.0E7
1.1E8
1778 15 10
6.0E7
1.05E8
9.0E7
562 15 10
1.0E7
8750000.0
9375000.0
1000 15 10
2.625E7
3.0E7
6.0E7
562 15 10
1.0E7
9375000.0
8750000.0
562 15 10
8750000.0
8750000.0
1.125E7
1778 15 10
6.5E7
1.0E8
1.1E8
1000 15 10
2.5E7
3.5E7
2.75E7
1778 15 10
6.0E7
1.1E8
1.5E8
562 15 10
9375000.0
1.5E7
1.5E7
1778 15 10
7.0E7
7.0E7
8.5E7
562 15 10
9375000.0
7500000.0
1.375E7
1778 15 10
6.5E7
8.0E7
8.5E7
1000 15 10
2.5E7
5.25E7
2.75E7
1000 15 10
2.625E7
5.0E7
6.0E7
562 15 10
1.0E7
1.0625E7
1.375E7
1000 15 10
2.5E7
3.25E7
2.75E7
1000 15 10
2.5E7
3.25E7
5.75E7
1000 15 10
2.625E7
3.5E7
4.75E7
1000 15 10
2.5E7
3.5E7
5.0E7
1778 15 10
6.5E7
1.15E8
8.5E7
1778 15 10
6.5E7
1.0E8
1.3E8
3162 15 10
1.6E8
3.3E8
2.5E8
1000 15 10
2.625E7
5.0E7
3.5E7
3162 15 10
1.8E8
3.2E8
2.4E8
1000 15 10
2.75E7
3.25E7
2.375E7
3162 15 10
1.8E8
3.5E8
2.4E8
3162 15 10
2.2E8
5.1E8
1.9E8
3162 15 10
1.9E8
2.7E8
1.5E8
3162 15 10
1.8E8
2.7E8
1.5E8
3162 15 10
1.9E8
2.7E8
1.8E8
3162 15 10
2.0E8
3.1E8
2.1E8
3162 15 10
2.0E8
3.0E8
2.1E8
3162 15 10
1.8E8
2.1E8
2.0E8
5623 15 10
4.0E8
6.2E8
4.0E8
5623 15 10
4.1E8
6.3E8
4.1E8
5623 15 10
4.0E8
6.3E8
4.4E8
5623 15 10
4.1E8
6.6E8
4.1E8
5623 15 10
4.1E8
7.2E8
4.3E8
5623 15 10
4.0E8
6.6E8
5.1E8
5623 15 10
4.2E8
8.3E8
5.6E8
5623 15 10
4.6E8
8.4E8
5.3E8
5623 15 10
3.9E8
8.0E8
4.8E8
5623 15 10
4.4E8
8.4E8
4.8E8
10000 15 10
9.6E8
2.44E9
9.9E8
10000 15 10
1.04E9
3.07E9
1.26E9
10000 15 10
1.0E9
3.43E9
9.8E8
10000 15 10
9.9E8
3.31E9
1.12E9
10000 15 10
9.9E8
3.34E9
1.0E9
10000 15 10
1.05E9
3.25E9
1.02E9
10000 15 10
1.06E9
3.6E9
1.06E9
10000 15 10
1.05E9
4.08E9
9.6E8
10000 15 10
9.7E8
3.78E9
1.11E9
10000 15 10
1.02E9
4.2E9
1.04E9
17782 15 10
2.64E9
8.15E9
2.46E9
17782 15 10
2.62E9
9.04E9
2.6E9
17782 15 10
2.43E9
9.95E9
2.7E9
17782 15 10
2.48E9
1.013E10
2.76E9
17782 15 10
2.52E9
1.076E10
2.7E9
17782 15 10
2.62E9
1.124E10
2.64E9
17782 15 10
2.75E9
1.109E10
2.66E9
17782 15 10
3.03E9
1.105E10
2.69E9
17782 15 10
2.7E9
1.137E10
2.66E9
17782 15 10
3.0E9
1.072E10
2.59E9
31622 15 10
6.23E9
2.866E10
5.96E9
31622 15 10
6.6E9
2.962E10
5.92E9
31622 15 10
7.79E9
2.799E10
6.28E9
31622 15 10
6.39E9
3.161E10
5.78E9
31622 15 10
6.15E9
3.367E10
5.86E9
31622 15 10
7.08E9
3.483E10
5.87E9
31622 15 10
6.52E9
3.694E10
6.0E9
31622 15 10
6.07E9
3.601E10
6.09E9
31622 15 10
7.49E9
3.56E10
5.94E9
31622 15 10
6.15E9
3.867E10
5.87E9
56234 15 10
1.521E10
9.401E10
1.328E10
56234 15 10
1.466E10
9.618E10
1.387E10
56234 15 10
1.486E10
1.0015E11
1.232E10
56234 15 10
1.54E10
1.0193E11
1.218E10
56234 15 10
1.483E10
1.0345E11
1.215E10
56234 15 10
1.48E10
1.0393E11
1.258E10
56234 15 10
1.846E10
1.0229E11
1.39E10
56234 15 10
1.464E10
1.0378E11
1.359E10
56234 15 10
1.474E10
1.0959E11
1.239E10
56234 15 10
1.643E10
1.08E11
1.296E10
100000 15 10
3.969E10
2.2759E11
2.835E10
100000 15 10
3.807E10
2.508E11
2.843E10
100000 15 10
3.764E10
2.4072E11
2.866E10
100000 15 10
3.657E10
2.4758E11
2.894E10
100000 15 10
3.76E10
2.4269E11
2.939E10
100000 15 10
3.841E10
2.5559E11
2.868E10
100000 15 10
4.339E10
2.4389E11
2.856E10
100000 15 10
3.64E10
2.517E11
2.897E10
100000 15 10
3.739E10
2.5003E11
2.843E10
100000 15 10
3.665E10
2.5606E11
2.871E10
