316 20 1
3437500.0
3437500.0
3437500.0
316 20 1
4062500.0
3437500.0
3437500.0
562 20 1
9375000.0
8125000.0
7500000.0
562 20 1
9375000.0
8125000.0
8125000.0
316 20 1
3750000.0
3437500.0
3437500.0
316 20 1
3750000.0
3437500.0
3125000.0
316 20 1
3750000.0
3437500.0
3437500.0
316 20 1
3750000.0
3593750.0
3437500.0
100 20 1
546875.0
585937.5
585937.5
100 20 1
625000.0
585937.5
585937.5
100 20 1
585937.5
625000.0
625000.0
100 20 1
585937.5
625000.0
585937.5
100 20 1
585937.5
585937.5
625000.0
100 20 1
585937.5
625000.0
585937.5
100 20 1
585937.5
625000.0
585937.5
100 20 1
546875.0
546875.0
585937.5
100 20 1
585937.5
585937.5
585937.5
100 20 1
625000.0
625000.0
625000.0
177 20 1
1484375.0
1328125.0
1250000.0
177 20 1
1406250.0
1328125.0
1328125.0
177 20 1
1484375.0
1328125.0
1406250.0
177 20 1
1484375.0
1328125.0
1406250.0
177 20 1
1562500.0
1328125.0
1328125.0
177 20 1
1484375.0
1406250.0
1406250.0
316 20 1
4062500.0
3437500.0
3125000.0
177 20 1
1484375.0
1328125.0
1250000.0
177 20 1
1562500.0
1406250.0
1328125.0
316 20 1
3750000.0
3437500.0
3281250.0
316 20 1
4062500.0
3437500.0
3281250.0
316 20 1
4062500.0
3281250.0
3125000.0
177 20 1
1484375.0
1406250.0
1406250.0
177 20 1
1562500.0
1406250.0
1406250.0
562 20 1
1.0E7
7500000.0
1.0625E7
562 20 1
1.0E7
8125000.0
1.0625E7
562 20 1
1.0E7
1.0625E7
1.5E7
562 20 1
1.0E7
1.25E7
1.625E7
1000 20 1
2.5E7
2.75E7
3.5E7
1000 20 1
2.375E7
3.5E7
3.0E7
562 20 1
8750000.0
9375000.0
1.0625E7
1778 20 1
6.0E7
8.0E7
8.0E7
1778 20 1
6.5E7
8.5E7
1.1E8
1000 20 1
2.375E7
3.5E7
3.0E7
1000 20 1
2.5E7
2.75E7
3.25E7
1000 20 1
2.5E7
3.0E7
3.0E7
1778 20 1
6.5E7
9.5E7
1.4E8
1000 20 1
2.625E7
3.25E7
3.5E7
1778 20 1
6.5E7
9.5E7
1.3E8
1778 20 1
6.5E7
8.5E7
7.5E7
562 20 1
1.0E7
1.0E7
8750000.0
562 20 1
1.0E7
1.0E7
8750000.0
1778 20 1
6.5E7
9.0E7
8.0E7
1778 20 1
6.5E7
7.0E7
8.0E7
1778 20 1
6.0E7
7.5E7
9.0E7
562 20 1
1.0E7
1.25E7
8125000.0
1778 20 1
6.5E7
8.0E7
7.5E7
1778 20 1
6.0E7
9.0E7
1.0E8
1000 20 1
2.75E7
2.5E7
2.375E7
3162 20 1
1.6E8
2.6E8
2.6E8
3162 20 1
1.7E8
2.4E8
2.5E8
3162 20 1
1.6E8
2.6E8
2.4E8
3162 20 1
1.8E8
2.7E8
2.1E8
1000 20 1
2.5E7
3.25E7
2.125E7
1000 20 1
2.25E7
2.75E7
2.0E7
1000 20 1
2.625E7
2.5E7
1.875E7
3162 20 1
1.6E8
1.8E8
1.5E8
3162 20 1
1.7E8
1.8E8
1.6E8
3162 20 1
1.7E8
1.5E8
1.5E8
3162 20 1
1.7E8
1.6E8
1.6E8
3162 20 1
1.7E8
1.7E8
1.5E8
3162 20 1
1.6E8
1.6E8
1.6E8
5623 20 1
3.9E8
5.0E8
4.2E8
5623 20 1
4.0E8
5.9E8
4.3E8
5623 20 1
3.9E8
5.3E8
4.4E8
5623 20 1
4.0E8
5.5E8
4.8E8
5623 20 1
4.1E8
5.5E8
4.8E8
5623 20 1
4.1E8
6.3E8
4.8E8
5623 20 1
3.9E8
6.2E8
4.9E8
5623 20 1
4.0E8
6.8E8
5.5E8
5623 20 1
4.0E8
6.8E8
5.1E8
5623 20 1
4.0E8
7.8E8
4.9E8
10000 20 1
1.01E9
1.72E9
1.07E9
10000 20 1
1.02E9
1.81E9
1.05E9
10000 20 1
1.06E9
1.83E9
9.9E8
10000 20 1
9.9E8
1.87E9
1.04E9
10000 20 1
1.02E9
1.76E9
1.04E9
10000 20 1
1.12E9
1.96E9
9.9E8
10000 20 1
1.1E9
1.99E9
1.05E9
10000 20 1
1.06E9
2.01E9
1.02E9
10000 20 1
1.09E9
2.0E9
1.06E9
10000 20 1
1.2E9
2.16E9
1.04E9
17782 20 1
2.55E9
5.53E9
2.5E9
17782 20 1
2.5E9
5.96E9
2.64E9
17782 20 1
2.51E9
6.0E9
2.45E9
17782 20 1
2.66E9
6.1E9
2.48E9
17782 20 1
2.59E9
6.13E9
2.51E9
17782 20 1
2.59E9
6.24E9
2.74E9
17782 20 1
2.58E9
6.52E9
2.65E9
17782 20 1
2.56E9
6.41E9
2.44E9
17782 20 1
2.65E9
6.21E9
2.83E9
17782 20 1
2.6E9
6.52E9
2.55E9
31622 20 1
6.32E9
2.207E10
6.1E9
31622 20 1
6.11E9
2.204E10
6.47E9
31622 20 1
6.31E9
2.252E10
6.23E9
31622 20 1
6.22E9
2.653E10
6.15E9
31622 20 1
6.3E9
2.537E10
6.33E9
31622 20 1
6.18E9
2.629E10
6.24E9
31622 20 1
6.01E9
2.784E10
6.14E9
31622 20 1
6.05E9
2.915E10
6.29E9
31622 20 1
6.29E9
3.03E10
5.84E9
31622 20 1
6.54E9
3.105E10
6.63E9
56234 20 1
1.539E10
8.105E10
1.353E10
56234 20 1
1.511E10
8.363E10
1.346E10
56234 20 1
1.545E10
8.36E10
1.421E10
56234 20 1
1.541E10
8.491E10
1.403E10
56234 20 1
1.53E10
8.646E10
1.419E10
56234 20 1
1.577E10
8.661E10
1.45E10
56234 20 1
1.529E10
8.924E10
1.338E10
56234 20 1
1.554E10
8.963E10
1.443E10
56234 20 1
1.554E10
8.969E10
1.616E10
56234 20 1
1.595E10
9.156E10
1.39E10
100000 20 1
3.835E10
2.0054E11
2.712E10
100000 20 1
4.321E10
1.9663E11
2.626E10
100000 20 1
3.744E10
1.9528E11
3.049E10
100000 20 1
3.843E10
2.0598E11
2.649E10
100000 20 1
4.229E10
2.0484E11
2.638E10
100000 20 1
3.795E10
2.1439E11
2.969E10
100000 20 1
3.759E10
2.0934E11
2.991E10
100000 20 1
3.703E10
2.1387E11
2.976E10
100000 20 1
4.41E10
2.0928E11
2.976E10
100000 20 1
4.106E10
2.1462E11
2.96E10
