316 7 2
3437500.0
3750000.0
4062500.0
316 7 2
3437500.0
3750000.0
4062500.0
100 7 2
507812.5
429687.5
546875.0
100 7 2
507812.5
468750.0
468750.0
100 7 2
546875.0
546875.0
664062.5
316 7 2
3437500.0
4687500.0
8750000.0
100 7 2
546875.0
585937.5
546875.0
100 7 2
507812.5
507812.5
703125.0
562 7 2
9375000.0
1.375E7
1.0625E7
100 7 2
546875.0
390625.0
429687.5
316 7 2
3437500.0
4062500.0
3750000.0
100 7 2
546875.0
585937.5
585937.5
177 7 2
1484375.0
1171875.0
1171875.0
177 7 2
1406250.0
2968750.0
1328125.0
100 7 2
546875.0
1093750.0
429687.5
177 7 2
1406250.0
1093750.0
1093750.0
562 7 2
8750000.0
1.375E7
1.0E7
316 7 2
3750000.0
9375000.0
3437500.0
100 7 2
585937.5
1132812.5
507812.5
177 7 2
1406250.0
1406250.0
1171875.0
316 7 2
3437500.0
3125000.0
2968750.0
177 7 2
1328125.0
1250000.0
1328125.0
177 7 2
1406250.0
3750000.0
1171875.0
316 7 2
3750000.0
3125000.0
3125000.0
177 7 2
1328125.0
1328125.0
1250000.0
177 7 2
1406250.0
1328125.0
1328125.0
316 7 2
3437500.0
3281250.0
3125000.0
177 7 2
1406250.0
1250000.0
1171875.0
177 7 2
1484375.0
4062500.0
1015625.0
100 7 2
546875.0
390625.0
390625.0
316 7 2
3437500.0
2968750.0
2968750.0
316 7 2
4218750.0
4062500.0
2812500.0
562 7 2
8750000.0
8125000.0
8125000.0
562 7 2
8750000.0
8750000.0
1.0E7
562 7 2
9375000.0
8125000.0
1.1875E7
562 7 2
8750000.0
8750000.0
1.0E7
562 7 2
8750000.0
9375000.0
9375000.0
1778 7 2
5.5E7
1.2E8
6.5E7
562 7 2
9375000.0
1.0E7
9375000.0
1778 7 2
5.0E7
1.6E8
6.0E7
562 7 2
8125000.0
1.0E7
1.125E7
562 7 2
8750000.0
1.1875E7
9375000.0
1000 7 2
2.25E7
2.75E7
2.25E7
1778 7 2
5.25E7
1.7E8
6.0E7
1000 7 2
2.125E7
2.75E7
2.125E7
1000 7 2
2.125E7
3.0E7
2.25E7
1778 7 2
5.0E7
1.8E8
6.0E7
1778 7 2
6.25E7
1.5E8
5.5E7
1000 7 2
2.125E7
2.75E7
2.5E7
1000 7 2
2.125E7
5.5E7
2.25E7
1000 7 2
2.25E7
5.5E7
2.375E7
1778 7 2
5.5E7
1.35E8
5.5E7
1778 7 2
5.25E7
1.8E8
5.5E7
3162 7 2
1.2E8
3.6E8
1.4E8
1000 7 2
2.25E7
2.75E7
2.25E7
1778 7 2
6.25E7
2.8E8
6.0E7
1000 7 2
2.125E7
1.1E8
2.25E7
3162 7 2
1.3E8
3.6E8
1.2E8
3162 7 2
1.3E8
3.6E8
1.3E8
1000 7 2
2.25E7
3.0E7
2.25E7
1778 7 2
5.25E7
1.9E8
5.5E7
1000 7 2
2.0E7
6.75E7
2.125E7
3162 7 2
1.4E8
3.7E8
1.3E8
1778 7 2
6.75E7
1.6E8
5.5E7
3162 7 2
1.4E8
2.8E8
1.2E8
3162 7 2
1.3E8
2.4E8
1.3E8
3162 7 2
1.4E8
2.8E8
1.2E8
3162 7 2
1.4E8
2.7E8
1.3E8
3162 7 2
1.5E8
2.5E8
1.3E8
3162 7 2
1.4E8
2.7E8
1.7E8
5623 7 2
3.1E8
8.5E8
3.3E8
5623 7 2
3.1E8
8.7E8
2.9E8
5623 7 2
3.2E8
9.4E8
2.9E8
5623 7 2
3.2E8
9.5E8
3.0E8
5623 7 2
3.1E8
7.4E8
3.2E8
5623 7 2
3.1E8
9.6E8
4.4E8
5623 7 2
3.2E8
9.1E8
3.6E8
5623 7 2
3.4E8
1.36E9
3.1E8
5623 7 2
3.1E8
1.37E9
4.1E8
5623 7 2
3.2E8
1.54E9
4.2E8
10000 7 2
7.4E8
2.86E9
7.9E8
10000 7 2
7.4E8
3.26E9
7.6E8
10000 7 2
7.4E8
3.25E9
7.6E8
10000 7 2
7.4E8
3.41E9
7.7E8
10000 7 2
8.3E8
3.15E9
9.7E8
10000 7 2
7.7E8
3.44E9
7.9E8
10000 7 2
7.7E8
3.55E9
7.4E8
10000 7 2
7.9E8
3.54E9
8.0E8
10000 7 2
7.5E8
3.56E9
7.7E8
10000 7 2
7.7E8
4.47E9
8.6E8
17782 7 2
1.79E9
9.87E9
1.92E9
17782 7 2
1.76E9
1.003E10
1.71E9
17782 7 2
1.88E9
9.55E9
1.84E9
17782 7 2
1.76E9
1.046E10
1.69E9
17782 7 2
1.77E9
1.08E10
1.71E9
17782 7 2
1.89E9
1.112E10
1.8E9
17782 7 2
1.86E9
1.215E10
1.89E9
17782 7 2
2.16E9
1.363E10
1.81E9
17782 7 2
2.08E9
1.32E10
2.02E9
17782 7 2
1.78E9
1.399E10
1.82E9
31622 7 2
4.97E9
4.575E10
4.2E9
31622 7 2
4.08E9
4.838E10
4.32E9
31622 7 2
6.08E9
4.896E10
4.01E9
31622 7 2
4.43E9
5.084E10
4.65E9
31622 7 2
4.89E9
5.423E10
5.0E9
31622 7 2
4.64E9
5.403E10
4.45E9
31622 7 2
4.23E9
5.565E10
4.42E9
31622 7 2
4.08E9
5.69E10
4.14E9
31622 7 2
4.27E9
5.883E10
4.29E9
31622 7 2
4.67E9
5.849E10
3.93E9
56234 7 2
1.018E10
1.4998E11
8.77E9
56234 7 2
1.179E10
1.5448E11
8.71E9
56234 7 2
1.184E10
1.5439E11
8.83E9
56234 7 2
1.049E10
1.5304E11
9.01E9
56234 7 2
1.069E10
1.559E11
7.88E9
56234 7 2
9.69E9
1.5353E11
8.81E9
56234 7 2
9.82E9
1.5456E11
9.25E9
56234 7 2
9.98E9
1.6197E11
7.89E9
56234 7 2
1.107E10
1.6101E11
8.63E9
56234 7 2
9.77E9
1.647E11
8.69E9
100000 7 2
2.584E10
3.7142E11
1.698E10
100000 7 2
2.348E10
3.8385E11
1.723E10
100000 7 2
2.305E10
3.9584E11
1.704E10
100000 7 2
2.42E10
4.0823E11
1.478E10
100000 7 2
2.367E10
4.0068E11
1.713E10
100000 7 2
2.348E10
4.0554E11
1.702E10
100000 7 2
2.29E10
4.1259E11
1.543E10
100000 7 2
2.335E10
4.0945E11
1.71E10
100000 7 2
2.38E10
4.1571E11
1.754E10
100000 7 2
2.959E10
4.1815E11
1.707E10
