100 5 2
468750.0
429687.5
429687.5
100 5 2
468750.0
429687.5
429687.5
100 5 2
468750.0
429687.5
468750.0
100 5 2
468750.0
468750.0
429687.5
100 5 2
468750.0
468750.0
429687.5
100 5 2
468750.0
468750.0
429687.5
100 5 2
507812.5
507812.5
468750.0
100 5 2
507812.5
507812.5
468750.0
177 5 2
1171875.0
1718750.0
1015625.0
177 5 2
1171875.0
1875000.0
1171875.0
177 5 2
1171875.0
1718750.0
1093750.0
100 5 2
468750.0
410156.25
429687.5
177 5 2
1250000.0
1093750.0
1093750.0
177 5 2
1171875.0
1093750.0
1015625.0
177 5 2
1171875.0
1250000.0
1015625.0
177 5 2
1171875.0
1250000.0
1015625.0
100 5 2
468750.0
468750.0
410156.25
177 5 2
1250000.0
1250000.0
1093750.0
177 5 2
1250000.0
1171875.0
1093750.0
316 5 2
2968750.0
3750000.0
2656250.0
316 5 2
2968750.0
3750000.0
2656250.0
316 5 2
2968750.0
3750000.0
2656250.0
177 5 2
1171875.0
1328125.0
1328125.0
316 5 2
2968750.0
3750000.0
2968750.0
316 5 2
2812500.0
3750000.0
3281250.0
316 5 2
2812500.0
3750000.0
2968750.0
316 5 2
2968750.0
3437500.0
2812500.0
316 5 2
2968750.0
4062500.0
2656250.0
316 5 2
2812500.0
4062500.0
3281250.0
316 5 2
2968750.0
3750000.0
2656250.0
562 5 2
8125000.0
1.0E7
8750000.0
562 5 2
6875000.0
1.1875E7
6562500.0
562 5 2
6875000.0
1.0E7
7500000.0
562 5 2
6875000.0
1.25E7
7500000.0
1000 5 2
2.125E7
5.5E7
2.75E7
562 5 2
6875000.0
1.5E7
1.0E7
562 5 2
6875000.0
1.25E7
7500000.0
562 5 2
7500000.0
1.125E7
9375000.0
562 5 2
7500000.0
1.125E7
8125000.0
562 5 2
8125000.0
1.1875E7
6875000.0
1000 5 2
1.875E7
3.75E7
1.75E7
1000 5 2
1.625E7
2.75E7
1.875E7
1000 5 2
2.0E7
6.0E7
1.75E7
562 5 2
7187500.0
1.125E7
6875000.0
1000 5 2
1.75E7
3.25E7
1.5E7
1000 5 2
2.125E7
6.0E7
2.0E7
1000 5 2
1.75E7
3.75E7
1.5E7
1000 5 2
1.625E7
3.25E7
1.625E7
1000 5 2
1.875E7
3.5E7
1.625E7
1778 5 2
3.75E7
1.1E8
3.5E7
1778 5 2
3.75E7
1.1E8
3.5E7
1000 5 2
1.875E7
4.0E7
1.75E7
1778 5 2
5.0E7
1.3E8
3.75E7
1778 5 2
4.25E7
1.2E8
4.25E7
1778 5 2
5.0E7
1.3E8
4.0E7
1778 5 2
5.5E7
2.0E8
4.75E7
1778 5 2
7.0E7
2.5E8
4.25E7
1778 5 2
4.5E7
1.05E8
3.75E7
1778 5 2
5.25E7
1.2E8
4.25E7
3162 5 2
1.4E8
5.5E8
1.2E8
1778 5 2
6.75E7
1.3E8
5.25E7
3162 5 2
1.2E8
3.9E8
8.5E7
3162 5 2
9.5E7
3.6E8
9.0E7
3162 5 2
1.0E8
3.8E8
9.0E7
3162 5 2
8.5E7
3.2E8
8.0E7
3162 5 2
9.5E7
4.0E8
1.05E8
3162 5 2
9.5E7
4.3E8
1.1E8
3162 5 2
9.0E7
5.6E8
2.8E8
3162 5 2
1.05E8
4.0E8
1.6E8
3162 5 2
9.0E7
6.6E8
2.0E8
5623 5 2
2.0E8
1.09E9
1.9E8
5623 5 2
2.0E8
1.15E9
1.9E8
5623 5 2
1.9E8
1.1E9
1.9E8
5623 5 2
2.5E8
1.09E9
1.9E8
5623 5 2
2.0E8
1.39E9
2.2E8
5623 5 2
2.2E8
1.31E9
2.3E8
5623 5 2
2.3E8
1.46E9
2.4E8
5623 5 2
2.1E8
1.63E9
2.4E8
5623 5 2
2.1E8
1.94E9
3.3E8
5623 5 2
1.8E8
1.93E9
4.5E8
10000 5 2
7.6E8
3.55E9
4.5E8
10000 5 2
4.2E8
4.22E9
4.6E8
10000 5 2
4.5E8
4.21E9
4.7E8
10000 5 2
4.7E8
4.84E9
4.5E8
10000 5 2
4.7E8
4.99E9
5.6E8
10000 5 2
4.6E8
4.94E9
6.0E8
10000 5 2
5.1E8
5.32E9
4.8E8
10000 5 2
4.6E8
5.59E9
4.7E8
10000 5 2
5.0E8
5.34E9
5.6E8
10000 5 2
5.9E8
5.44E9
4.5E8
17782 5 2
1.25E9
1.348E10
9.4E8
17782 5 2
1.26E9
1.364E10
9.7E8
17782 5 2
1.29E9
1.588E10
1.14E9
17782 5 2
1.85E9
1.606E10
1.13E9
17782 5 2
9.5E8
1.735E10
9.9E8
17782 5 2
1.09E9
2.046E10
1.2E9
17782 5 2
1.31E9
2.194E10
1.09E9
17782 5 2
1.26E9
2.238E10
1.08E9
17782 5 2
1.89E9
2.689E10
1.11E9
17782 5 2
2.09E9
2.902E10
1.2E9
31622 5 2
2.73E9
6.04E10
2.23E9
31622 5 2
2.55E9
6.108E10
2.21E9
31622 5 2
4.42E9
6.074E10
2.09E9
31622 5 2
2.31E9
6.181E10
2.33E9
31622 5 2
3.32E9
6.238E10
2.01E9
31622 5 2
2.18E9
6.459E10
2.0E9
31622 5 2
2.47E9
7.21E10
2.21E9
31622 5 2
2.36E9
7.76E10
2.48E9
31622 5 2
4.95E9
8.276E10
1.83E9
31622 5 2
4.94E9
8.579E10
1.91E9
56234 5 2
5.11E9
1.5219E11
4.52E9
56234 5 2
8.09E9
1.5947E11
4.26E9
56234 5 2
4.94E9
1.6238E11
4.28E9
56234 5 2
4.76E9
1.6568E11
4.48E9
56234 5 2
5.13E9
1.6672E11
4.05E9
56234 5 2
7.34E9
1.6908E11
4.19E9
56234 5 2
7.9E9
1.6773E11
3.97E9
56234 5 2
5.54E9
1.7136E11
3.96E9
56234 5 2
5.78E9
1.7016E11
3.85E9
56234 5 2
5.61E9
1.8136E11
3.48E9
100000 5 2
1.172E10
3.6116E11
6.62E9
100000 5 2
1.237E10
3.756E11
6.82E9
100000 5 2
1.143E10
3.7852E11
7.87E9
100000 5 2
1.294E10
3.7425E11
7.78E9
100000 5 2
1.187E10
3.8561E11
7.12E9
100000 5 2
1.067E10
3.818E11
6.58E9
100000 5 2
1.176E10
3.8222E11
7.62E9
100000 5 2
1.025E10
3.9279E11
8.14E9
100000 5 2
1.004E10
4.0279E11
8.13E9
100000 5 2
9.95E9
4.1055E11
6.6E9
