177 30 1
1718750.0
1718750.0
1718750.0
177 30 1
1718750.0
1875000.0
1875000.0
316 30 1
4062500.0
4062500.0
3750000.0
316 30 1
3750000.0
4375000.0
4062500.0
316 30 1
4062500.0
4375000.0
4062500.0
316 30 1
4062500.0
4375000.0
4062500.0
316 30 1
4062500.0
4062500.0
4062500.0
316 30 1
3750000.0
4062500.0
3750000.0
100 30 1
585937.5
859375.0
585937.5
100 30 1
585937.5
859375.0
585937.5
100 30 1
546875.0
859375.0
546875.0
316 30 1
3750000.0
4062500.0
4062500.0
100 30 1
546875.0
859375.0
625000.0
100 30 1
546875.0
859375.0
585937.5
316 30 1
4062500.0
4062500.0
4062500.0
316 30 1
4062500.0
3750000.0
3750000.0
316 30 1
4062500.0
4062500.0
4062500.0
100 30 1
585937.5
859375.0
625000.0
177 30 1
1484375.0
1718750.0
1718750.0
177 30 1
1484375.0
1718750.0
1718750.0
177 30 1
1484375.0
1718750.0
1875000.0
177 30 1
1640625.0
1875000.0
1875000.0
177 30 1
1640625.0
1718750.0
1718750.0
177 30 1
1484375.0
1875000.0
1875000.0
177 30 1
1562500.0
1718750.0
1718750.0
100 30 1
625000.0
937500.0
664062.5
177 30 1
1562500.0
1718750.0
1718750.0
562 30 1
1.0625E7
8750000.0
8750000.0
562 30 1
1.0625E7
9375000.0
9375000.0
100 30 1
585937.5
859375.0
585937.5
100 30 1
585937.5
781250.0
585937.5
100 30 1
585937.5
859375.0
625000.0
1000 30 1
2.625E7
6.0E7
1.1E8
1778 30 1
6.5E7
8.5E7
1.2E8
1778 30 1
6.5E7
7.5E7
7.5E7
1778 30 1
6.0E7
9.0E7
1.1E8
1778 30 1
6.5E7
1.05E8
1.3E8
1778 30 1
6.5E7
9.5E7
1.4E8
1778 30 1
6.0E7
7.5E7
7.0E7
1000 30 1
2.625E7
2.75E7
2.75E7
1000 30 1
2.625E7
2.75E7
2.75E7
562 30 1
1.0625E7
1.0625E7
1.375E7
1000 30 1
2.625E7
4.0E7
3.25E7
562 30 1
1.0E7
1.6875E7
1.625E7
1000 30 1
2.625E7
4.0E7
3.25E7
1000 30 1
2.5E7
4.5E7
3.75E7
562 30 1
9375000.0
1.3125E7
1.0625E7
1778 30 1
7.0E7
1.05E8
7.0E7
562 30 1
1.0E7
1.1875E7
1.1875E7
1000 30 1
2.625E7
4.25E7
3.75E7
1778 30 1
6.5E7
1.2E8
7.5E7
1778 30 1
6.0E7
1.25E8
8.5E7
562 30 1
1.0E7
1.375E7
1.3125E7
562 30 1
1.0625E7
1.375E7
9375000.0
562 30 1
1.0E7
1.125E7
1.125E7
1778 30 1
6.5E7
1.8E8
1.05E8
3162 30 1
1.6E8
3.4E8
2.0E8
1000 30 1
2.75E7
4.25E7
2.375E7
3162 30 1
1.7E8
2.9E8
2.0E8
3162 30 1
1.7E8
3.0E8
2.3E8
1000 30 1
2.375E7
6.0E7
2.25E7
562 30 1
9375000.0
2.0625E7
1.0E7
3162 30 1
1.7E8
2.9E8
2.8E8
1000 30 1
2.625E7
3.0E7
2.375E7
3162 30 1
1.6E8
1.6E8
1.5E8
3162 30 1
1.6E8
1.7E8
1.6E8
3162 30 1
1.7E8
1.9E8
1.6E8
3162 30 1
1.8E8
2.2E8
1.6E8
3162 30 1
1.7E8
1.9E8
1.6E8
3162 30 1
1.7E8
2.2E8
1.6E8
5623 30 1
4.8E8
4.9E8
5.1E8
5623 30 1
4.2E8
5.4E8
5.0E8
5623 30 1
4.2E8
5.3E8
5.8E8
5623 30 1
4.2E8
6.0E8
5.4E8
5623 30 1
4.8E8
5.4E8
5.9E8
5623 30 1
4.2E8
5.1E8
8.0E8
5623 30 1
4.5E8
6.1E8
7.7E8
5623 30 1
4.2E8
6.2E8
7.9E8
5623 30 1
4.3E8
6.0E8
8.3E8
5623 30 1
4.1E8
6.1E8
7.9E8
10000 30 1
1.09E9
1.58E9
1.22E9
10000 30 1
1.09E9
1.61E9
1.2E9
10000 30 1
1.04E9
1.7E9
1.26E9
10000 30 1
1.07E9
1.97E9
1.28E9
10000 30 1
1.07E9
1.89E9
1.38E9
10000 30 1
1.06E9
1.98E9
1.26E9
10000 30 1
1.06E9
1.9E9
1.27E9
10000 30 1
1.07E9
1.96E9
1.66E9
10000 30 1
1.09E9
2.37E9
1.71E9
10000 30 1
1.09E9
2.71E9
1.71E9
17782 30 1
2.61E9
5.59E9
3.11E9
17782 30 1
2.81E9
6.11E9
2.91E9
17782 30 1
2.58E9
5.86E9
3.26E9
17782 30 1
2.72E9
5.8E9
2.89E9
17782 30 1
2.64E9
5.68E9
3.6E9
17782 30 1
2.75E9
5.91E9
3.46E9
17782 30 1
3.13E9
6.39E9
3.14E9
17782 30 1
2.72E9
7.07E9
2.92E9
17782 30 1
2.8E9
7.47E9
3.53E9
17782 30 1
3.03E9
6.98E9
3.51E9
31622 30 1
6.91E9
2.188E10
7.1E9
31622 30 1
6.69E9
2.163E10
7.33E9
31622 30 1
6.7E9
2.238E10
7.12E9
31622 30 1
6.78E9
2.315E10
7.14E9
31622 30 1
6.86E9
2.31E10
7.31E9
31622 30 1
6.63E9
2.39E10
7.27E9
31622 30 1
6.88E9
2.486E10
7.55E9
31622 30 1
6.93E9
2.41E10
7.2E9
31622 30 1
6.81E9
2.586E10
7.37E9
31622 30 1
6.81E9
2.728E10
6.55E9
56234 30 1
1.619E10
6.423E10
1.531E10
56234 30 1
1.64E10
6.914E10
1.505E10
56234 30 1
1.58E10
7.021E10
1.48E10
56234 30 1
1.666E10
7.016E10
1.516E10
56234 30 1
1.683E10
7.448E10
1.459E10
56234 30 1
1.637E10
7.21E10
1.498E10
56234 30 1
1.642E10
7.31E10
1.459E10
56234 30 1
1.679E10
7.508E10
1.526E10
56234 30 1
1.598E10
7.984E10
1.431E10
56234 30 1
1.627E10
8.228E10
1.49E10
100000 30 1
4.139E10
1.6939E11
3.164E10
100000 30 1
4.139E10
1.7358E11
3.228E10
100000 30 1
4.134E10
1.7043E11
3.244E10
100000 30 1
4.041E10
1.7856E11
3.31E10
100000 30 1
4.077E10
1.769E11
3.226E10
100000 30 1
4.022E10
1.758E11
3.473E10
100000 30 1
4.041E10
1.7801E11
3.387E10
100000 30 1
3.973E10
1.8265E11
3.521E10
100000 30 1
4.731E10
1.7769E11
3.377E10
100000 30 1
5.605E10
1.7052E11
3.348E10
