316 30 2
3750000.0
4062500.0
3750000.0
316 30 2
3750000.0
4375000.0
4062500.0
316 30 2
3750000.0
4062500.0
3750000.0
100 30 2
546875.0
859375.0
585937.5
316 30 2
3437500.0
4062500.0
4062500.0
100 30 2
585937.5
859375.0
585937.5
316 30 2
3750000.0
4062500.0
4062500.0
316 30 2
3750000.0
4375000.0
4062500.0
100 30 2
546875.0
859375.0
585937.5
316 30 2
3750000.0
4687500.0
4375000.0
316 30 2
3750000.0
4062500.0
4062500.0
177 30 2
1484375.0
1875000.0
1718750.0
316 30 2
4062500.0
4062500.0
3750000.0
316 30 2
4062500.0
4375000.0
4062500.0
100 30 2
625000.0
859375.0
585937.5
100 30 2
585937.5
937500.0
585937.5
100 30 2
585937.5
937500.0
625000.0
100 30 2
585937.5
859375.0
585937.5
177 30 2
1562500.0
1718750.0
1875000.0
177 30 2
1484375.0
1875000.0
1718750.0
100 30 2
625000.0
859375.0
664062.5
177 30 2
1562500.0
1718750.0
1718750.0
177 30 2
1484375.0
1875000.0
1718750.0
177 30 2
1562500.0
1718750.0
1875000.0
177 30 2
1640625.0
1718750.0
1718750.0
100 30 2
625000.0
937500.0
664062.5
177 30 2
1484375.0
1718750.0
1875000.0
177 30 2
1640625.0
1718750.0
1875000.0
177 30 2
1562500.0
1718750.0
1875000.0
100 30 2
585937.5
859375.0
625000.0
562 30 2
1.0E7
9375000.0
8750000.0
562 30 2
1.0E7
9375000.0
9375000.0
1778 30 2
6.5E7
1.3E8
1.3E8
1778 30 2
6.0E7
6.5E7
1.1E8
1778 30 2
6.5E7
1.5E8
1.1E8
1778 30 2
6.5E7
7.0E7
1.1E8
1778 30 2
6.0E7
1.5E8
1.3E8
562 30 2
9375000.0
1.75E7
1.375E7
1778 30 2
6.0E7
6.5E7
8.5E7
1778 30 2
6.5E7
7.5E7
8.5E7
1778 30 2
6.5E7
1.4E8
1.05E8
1778 30 2
6.0E7
7.5E7
9.5E7
1778 30 2
6.5E7
8.0E7
9.5E7
1000 30 2
2.625E7
3.25E7
3.25E7
1000 30 2
2.625E7
3.0E7
3.0E7
1000 30 2
2.75E7
3.5E7
3.0E7
1000 30 2
2.625E7
2.75E7
2.75E7
3162 30 2
1.6E8
2.1E8
3.0E8
3162 30 2
1.7E8
2.7E8
2.0E8
3162 30 2
1.6E8
3.8E8
1.9E8
562 30 2
1.0E7
1.25E7
9375000.0
562 30 2
1.0E7
1.25E7
9375000.0
1000 30 2
2.75E7
3.5E7
3.5E7
3162 30 2
1.6E8
2.7E8
2.0E8
562 30 2
9375000.0
1.125E7
1.0625E7
562 30 2
1.0E7
1.3125E7
1.0E7
562 30 2
9375000.0
1.25E7
1.0625E7
562 30 2
1.0E7
1.1875E7
1.0625E7
1000 30 2
2.625E7
3.75E7
2.375E7
1000 30 2
2.5E7
3.5E7
2.25E7
1000 30 2
2.5E7
3.75E7
2.375E7
1000 30 2
2.75E7
3.0E7
2.5E7
562 30 2
1.0E7
1.3125E7
1.0E7
1000 30 2
2.625E7
3.75E7
2.375E7
3162 30 2
1.5E8
2.1E8
1.6E8
3162 30 2
1.5E8
2.0E8
1.7E8
3162 30 2
1.5E8
2.6E8
1.8E8
3162 30 2
1.4E8
2.7E8
1.8E8
3162 30 2
1.6E8
2.6E8
1.8E8
3162 30 2
1.8E8
2.0E8
1.5E8
5623 30 2
4.1E8
5.3E8
6.7E8
5623 30 2
4.2E8
5.6E8
7.2E8
5623 30 2
4.3E8
5.7E8
7.7E8
5623 30 2
4.5E8
5.4E8
8.7E8
5623 30 2
4.2E8
5.8E8
7.9E8
5623 30 2
4.1E8
5.3E8
9.0E8
5623 30 2
4.0E8
6.2E8
8.0E8
5623 30 2
4.1E8
6.1E8
8.8E8
5623 30 2
4.5E8
5.9E8
1.06E9
5623 30 2
4.5E8
6.1E8
1.01E9
10000 30 2
1.03E9
1.6E9
1.18E9
10000 30 2
1.02E9
1.64E9
1.27E9
10000 30 2
1.01E9
1.59E9
1.25E9
10000 30 2
1.06E9
1.78E9
1.14E9
10000 30 2
1.03E9
1.76E9
1.3E9
10000 30 2
1.04E9
2.06E9
1.15E9
10000 30 2
1.03E9
2.13E9
1.16E9
10000 30 2
1.01E9
2.0E9
1.2E9
10000 30 2
1.17E9
1.99E9
1.26E9
10000 30 2
1.19E9
2.12E9
1.17E9
17782 30 2
2.58E9
5.24E9
2.71E9
17782 30 2
2.61E9
5.71E9
2.68E9
17782 30 2
2.64E9
5.75E9
2.97E9
17782 30 2
3.09E9
5.3E9
2.66E9
17782 30 2
2.71E9
6.22E9
2.95E9
17782 30 2
2.61E9
7.03E9
2.98E9
17782 30 2
2.86E9
6.76E9
3.41E9
17782 30 2
2.69E9
6.91E9
3.52E9
17782 30 2
2.81E9
7.63E9
3.33E9
17782 30 2
2.78E9
7.82E9
3.38E9
31622 30 2
7.29E9
2.02E10
7.62E9
31622 30 2
6.68E9
2.221E10
7.12E9
31622 30 2
6.78E9
2.256E10
7.04E9
31622 30 2
7.7E9
2.261E10
7.02E9
31622 30 2
6.72E9
2.389E10
6.76E9
31622 30 2
6.59E9
2.497E10
7.17E9
31622 30 2
7.61E9
2.335E10
7.2E9
31622 30 2
6.81E9
2.513E10
6.98E9
31622 30 2
6.77E9
2.4E10
7.34E9
31622 30 2
7.1E9
2.764E10
7.56E9
56234 30 2
1.807E10
7.151E10
1.483E10
56234 30 2
1.939E10
7.013E10
1.54E10
56234 30 2
1.748E10
7.731E10
1.508E10
56234 30 2
1.624E10
7.684E10
1.506E10
56234 30 2
1.788E10
7.582E10
1.518E10
56234 30 2
1.628E10
8.086E10
1.513E10
56234 30 2
1.609E10
8.159E10
1.505E10
56234 30 2
1.62E10
8.296E10
1.478E10
56234 30 2
1.679E10
8.649E10
1.465E10
56234 30 2
1.914E10
8.245E10
1.475E10
100000 30 2
4.031E10
1.6623E11
2.966E10
100000 30 2
4.094E10
1.6859E11
2.928E10
100000 30 2
4.575E10
1.8248E11
3.264E10
100000 30 2
3.941E10
1.796E11
3.098E10
100000 30 2
3.983E10
1.7778E11
3.39E10
100000 30 2
4.794E10
1.793E11
3.346E10
100000 30 2
4.038E10
1.7875E11
3.35E10
100000 30 2
4.008E10
1.8102E11
3.369E10
100000 30 2
3.955E10
1.8074E11
3.367E10
100000 30 2
3.9E10
1.8427E11
3.301E10
