316 30 3
3750000.0
4062500.0
3750000.0
316 30 3
4062500.0
4062500.0
4062500.0
100 30 3
546875.0
859375.0
585937.5
316 30 3
3750000.0
4062500.0
4375000.0
316 30 3
3750000.0
4062500.0
4375000.0
100 30 3
585937.5
859375.0
585937.5
316 30 3
4062500.0
4062500.0
4375000.0
316 30 3
3750000.0
4375000.0
4062500.0
100 30 3
585937.5
859375.0
625000.0
177 30 3
1406250.0
1718750.0
1875000.0
177 30 3
1406250.0
1718750.0
1875000.0
316 30 3
4062500.0
3750000.0
4375000.0
177 30 3
1484375.0
1718750.0
1875000.0
316 30 3
4062500.0
3750000.0
4062500.0
177 30 3
1406250.0
1718750.0
1875000.0
100 30 3
625000.0
859375.0
664062.5
177 30 3
1562500.0
1875000.0
2031250.0
177 30 3
1562500.0
1875000.0
1718750.0
177 30 3
1562500.0
1875000.0
1875000.0
177 30 3
1484375.0
1718750.0
1875000.0
100 30 3
664062.5
859375.0
664062.5
316 30 3
4375000.0
4062500.0
4062500.0
316 30 3
3750000.0
3750000.0
4062500.0
177 30 3
1562500.0
1718750.0
1875000.0
177 30 3
1562500.0
1718750.0
1718750.0
100 30 3
546875.0
781250.0
625000.0
100 30 3
585937.5
781250.0
625000.0
100 30 3
625000.0
781250.0
664062.5
100 30 3
546875.0
781250.0
625000.0
562 30 3
1.0625E7
9375000.0
9375000.0
100 30 3
585937.5
820312.5
625000.0
562 30 3
1.0E7
9375000.0
9375000.0
1000 30 3
2.75E7
2.75E7
4.0E7
1000 30 3
2.75E7
3.0E7
3.25E7
1000 30 3
2.75E7
2.75E7
3.75E7
562 30 3
9375000.0
1.5E7
1.5E7
562 30 3
9375000.0
1.375E7
1.375E7
1778 30 3
6.5E7
8.0E7
1.1E8
1778 30 3
6.5E7
1.05E8
1.1E8
1778 30 3
7.0E7
2.0E8
1.6E8
1778 30 3
6.0E7
6.5E7
8.5E7
1778 30 3
6.0E7
8.0E7
1.05E8
1000 30 3
2.75E7
2.75E7
3.25E7
1000 30 3
2.75E7
3.875E7
2.75E7
562 30 3
1.0E7
1.3125E7
1.375E7
1778 30 3
6.0E7
7.5E7
7.5E7
1000 30 3
2.625E7
3.75E7
3.5E7
1000 30 3
2.625E7
4.0E7
3.0E7
1000 30 3
2.75E7
3.75E7
3.5E7
1778 30 3
6.0E7
1.05E8
7.5E7
1778 30 3
6.5E7
1.0E8
7.5E7
562 30 3
1.0E7
2.375E7
1.125E7
562 30 3
1.0E7
1.0E7
1.0625E7
1778 30 3
6.5E7
1.7E8
6.0E7
1778 30 3
6.5E7
1.35E8
7.5E7
562 30 3
1.0E7
1.3125E7
1.0625E7
562 30 3
1.0E7
1.4375E7
1.125E7
3162 30 3
1.7E8
3.0E8
1.9E8
3162 30 3
1.6E8
3.4E8
2.3E8
1000 30 3
2.625E7
2.75E7
2.625E7
3162 30 3
1.6E8
3.6E8
2.4E8
562 30 3
1.0E7
2.125E7
9375000.0
3162 30 3
1.6E8
3.5E8
2.2E8
1000 30 3
2.625E7
4.0E7
2.375E7
3162 30 3
1.5E8
2.2E8
1.5E8
3162 30 3
1.4E8
2.2E8
1.6E8
3162 30 3
1.6E8
2.0E8
1.6E8
3162 30 3
1.6E8
2.1E8
1.6E8
3162 30 3
1.6E8
1.8E8
1.6E8
3162 30 3
1.7E8
1.8E8
1.4E8
5623 30 3
4.2E8
4.6E8
6.1E8
5623 30 3
4.2E8
6.4E8
4.7E8
5623 30 3
3.9E8
6.3E8
5.2E8
5623 30 3
4.2E8
6.4E8
6.3E8
5623 30 3
4.0E8
7.0E8
6.4E8
5623 30 3
4.2E8
7.3E8
6.7E8
5623 30 3
4.1E8
6.2E8
6.1E8
5623 30 3
4.3E8
5.5E8
9.5E8
5623 30 3
4.2E8
7.0E8
1.11E9
5623 30 3
4.2E8
6.9E8
1.24E9
10000 30 3
1.0E9
1.78E9
1.15E9
10000 30 3
1.04E9
1.68E9
1.37E9
10000 30 3
1.03E9
1.73E9
1.67E9
10000 30 3
1.13E9
2.04E9
1.34E9
10000 30 3
1.07E9
1.94E9
1.37E9
10000 30 3
1.14E9
2.35E9
1.33E9
10000 30 3
1.03E9
2.95E9
1.27E9
10000 30 3
1.16E9
2.28E9
1.42E9
10000 30 3
1.01E9
2.5E9
1.67E9
10000 30 3
1.05E9
3.15E9
1.21E9
17782 30 3
2.74E9
5.56E9
3.58E9
17782 30 3
2.64E9
5.73E9
3.33E9
17782 30 3
2.7E9
6.08E9
3.17E9
17782 30 3
3.19E9
5.62E9
3.22E9
17782 30 3
3.21E9
6.01E9
3.13E9
17782 30 3
2.84E9
6.78E9
3.17E9
17782 30 3
2.99E9
7.08E9
2.96E9
17782 30 3
2.81E9
6.89E9
3.38E9
17782 30 3
3.21E9
7.61E9
3.05E9
17782 30 3
2.62E9
9.09E9
2.84E9
31622 30 3
7.07E9
1.855E10
6.72E9
31622 30 3
7.15E9
1.89E10
6.83E9
31622 30 3
6.92E9
2.173E10
6.71E9
31622 30 3
6.73E9
2.12E10
6.95E9
31622 30 3
8.42E9
2.219E10
6.64E9
31622 30 3
7.01E9
2.129E10
6.92E9
31622 30 3
6.76E9
2.189E10
6.81E9
31622 30 3
6.8E9
2.337E10
7.07E9
31622 30 3
6.74E9
2.301E10
7.26E9
31622 30 3
7.23E9
2.39E10
7.11E9
56234 30 3
1.708E10
6.497E10
1.532E10
56234 30 3
1.587E10
6.527E10
1.507E10
56234 30 3
1.608E10
6.755E10
1.453E10
56234 30 3
1.641E10
6.506E10
1.53E10
56234 30 3
1.871E10
6.637E10
1.465E10
56234 30 3
1.624E10
7.028E10
1.426E10
56234 30 3
1.614E10
6.845E10
1.535E10
56234 30 3
1.917E10
7.027E10
1.53E10
56234 30 3
1.653E10
7.163E10
1.498E10
56234 30 3
1.617E10
7.353E10
1.475E10
100000 30 3
4.035E10
1.6116E11
3.019E10
100000 30 3
4.398E10
1.5348E11
2.986E10
100000 30 3
3.949E10
1.6394E11
3.134E10
100000 30 3
4.458E10
1.7406E11
3.135E10
100000 30 3
4.118E10
1.6679E11
3.347E10
100000 30 3
4.104E10
1.6775E11
3.371E10
100000 30 3
4.055E10
1.6989E11
3.317E10
100000 30 3
4.157E10
1.7042E11
3.304E10
100000 30 3
4.531E10
1.7266E11
3.299E10
100000 30 3
4.341E10
1.7587E11
3.284E10
