316 25 20
3437500.0
3437500.0
3437500.0
316 25 20
3750000.0
3437500.0
3437500.0
316 25 20
3750000.0
3750000.0
3437500.0
316 25 20
3750000.0
3437500.0
3437500.0
316 25 20
3750000.0
3437500.0
3750000.0
316 25 20
4062500.0
3437500.0
3750000.0
316 25 20
4062500.0
3437500.0
3437500.0
316 25 20
4062500.0
3437500.0
3437500.0
562 25 20
9375000.0
8125000.0
8125000.0
562 25 20
8750000.0
8750000.0
8125000.0
316 25 20
4062500.0
3437500.0
3437500.0
316 25 20
4062500.0
3593750.0
3437500.0
177 25 20
1406250.0
1484375.0
1718750.0
100 25 20
546875.0
625000.0
703125.0
100 25 20
585937.5
625000.0
625000.0
100 25 20
546875.0
625000.0
703125.0
100 25 20
546875.0
625000.0
742187.5
100 25 20
546875.0
664062.5
703125.0
100 25 20
546875.0
625000.0
703125.0
100 25 20
625000.0
664062.5
742187.5
100 25 20
625000.0
664062.5
703125.0
100 25 20
546875.0
664062.5
703125.0
100 25 20
585937.5
625000.0
703125.0
177 25 20
1484375.0
1406250.0
1484375.0
177 25 20
1562500.0
1484375.0
1484375.0
177 25 20
1562500.0
1406250.0
1406250.0
177 25 20
1484375.0
1562500.0
1562500.0
177 25 20
1406250.0
1562500.0
1562500.0
177 25 20
1562500.0
1484375.0
1484375.0
177 25 20
1562500.0
1484375.0
1562500.0
177 25 20
1484375.0
1484375.0
1484375.0
177 25 20
1562500.0
1562500.0
1562500.0
562 25 20
1.0E7
9375000.0
1.375E7
562 25 20
9375000.0
7500000.0
1.1875E7
1778 25 20
6.5E7
7.5E7
1.2E8
562 25 20
1.0E7
8750000.0
1.0625E7
562 25 20
1.0625E7
8125000.0
1.25E7
562 25 20
9375000.0
8125000.0
1.375E7
1778 25 20
7.0E7
8.0E7
1.1E8
562 25 20
1.0E7
8750000.0
1.3125E7
562 25 20
1.0E7
8125000.0
1.25E7
1000 25 20
2.75E7
2.375E7
2.75E7
1778 25 20
6.5E7
7.0E7
9.5E7
1778 25 20
6.5E7
6.5E7
8.5E7
562 25 20
1.0625E7
8750000.0
1.125E7
1778 25 20
7.0E7
7.5E7
7.0E7
1000 25 20
2.5E7
3.0E7
2.75E7
1000 25 20
2.75E7
2.125E7
2.625E7
1000 25 20
2.5E7
2.75E7
2.75E7
1778 25 20
7.0E7
8.5E7
7.0E7
1778 25 20
6.5E7
7.0E7
7.0E7
1778 25 20
6.5E7
7.0E7
6.5E7
1778 25 20
6.5E7
7.5E7
7.0E7
1778 25 20
6.5E7
7.0E7
7.5E7
1000 25 20
2.5E7
4.75E7
3.5E7
1000 25 20
2.875E7
4.25E7
3.0E7
1000 25 20
2.625E7
3.5E7
2.25E7
1000 25 20
2.625E7
2.75E7
2.25E7
3162 25 20
1.6E8
2.0E8
2.1E8
3162 25 20
1.6E8
2.5E8
1.9E8
3162 25 20
1.7E8
2.7E8
1.8E8
1000 25 20
2.5E7
2.875E7
2.25E7
3162 25 20
1.6E8
2.7E8
2.1E8
1000 25 20
2.75E7
2.875E7
2.375E7
3162 25 20
2.1E8
2.2E8
1.8E8
3162 25 20
1.9E8
1.5E8
1.5E8
3162 25 20
1.9E8
1.7E8
1.7E8
3162 25 20
2.0E8
2.0E8
1.8E8
3162 25 20
1.7E8
1.7E8
1.8E8
3162 25 20
2.0E8
1.9E8
1.8E8
5623 25 20
4.1E8
5.0E8
3.9E8
5623 25 20
4.3E8
5.2E8
3.9E8
5623 25 20
4.0E8
5.2E8
4.2E8
5623 25 20
4.1E8
4.9E8
4.2E8
5623 25 20
4.6E8
5.8E8
4.2E8
5623 25 20
4.1E8
5.6E8
4.3E8
5623 25 20
4.2E8
5.3E8
4.9E8
5623 25 20
4.0E8
5.8E8
4.1E8
5623 25 20
4.0E8
5.3E8
4.9E8
5623 25 20
4.2E8
5.5E8
5.1E8
10000 25 20
1.04E9
1.6E9
1.14E9
10000 25 20
1.0E9
1.64E9
1.21E9
10000 25 20
1.04E9
1.58E9
1.32E9
10000 25 20
1.03E9
1.58E9
1.37E9
10000 25 20
1.04E9
1.69E9
1.22E9
10000 25 20
1.02E9
1.77E9
1.44E9
10000 25 20
1.06E9
1.72E9
1.36E9
10000 25 20
1.05E9
1.88E9
1.09E9
10000 25 20
1.11E9
1.9E9
1.4E9
10000 25 20
1.07E9
1.87E9
1.36E9
17782 25 20
2.67E9
5.6E9
3.05E9
17782 25 20
2.58E9
5.77E9
2.94E9
17782 25 20
2.61E9
5.51E9
3.18E9
17782 25 20
3.09E9
5.61E9
2.83E9
17782 25 20
2.52E9
5.96E9
3.01E9
17782 25 20
2.91E9
6.02E9
2.89E9
17782 25 20
2.92E9
6.01E9
2.88E9
17782 25 20
2.59E9
5.84E9
3.04E9
17782 25 20
2.87E9
5.99E9
3.06E9
17782 25 20
3.03E9
6.0E9
3.21E9
31622 25 20
6.54E9
2.06E10
6.7E9
31622 25 20
6.45E9
2.105E10
6.5E9
31622 25 20
7.71E9
2.133E10
6.6E9
31622 25 20
6.8E9
2.376E10
6.49E9
31622 25 20
6.41E9
2.491E10
6.79E9
31622 25 20
6.53E9
2.413E10
6.53E9
31622 25 20
6.47E9
2.455E10
6.33E9
31622 25 20
6.72E9
2.391E10
6.6E9
31622 25 20
6.5E9
2.378E10
6.71E9
31622 25 20
8.16E9
2.546E10
6.85E9
56234 25 20
1.648E10
7.145E10
1.522E10
56234 25 20
1.556E10
7.479E10
1.472E10
56234 25 20
1.59E10
8.043E10
1.468E10
56234 25 20
1.73E10
7.882E10
1.392E10
56234 25 20
1.631E10
8.312E10
1.422E10
56234 25 20
1.687E10
8.046E10
1.418E10
56234 25 20
1.553E10
8.071E10
1.443E10
56234 25 20
1.94E10
8.023E10
1.409E10
56234 25 20
1.864E10
8.289E10
1.427E10
56234 25 20
1.708E10
8.396E10
1.443E10
100000 25 20
4.286E10
1.8238E11
3.01E10
100000 25 20
4.003E10
1.8645E11
3.071E10
100000 25 20
3.883E10
1.871E11
2.84E10
100000 25 20
3.808E10
1.9069E11
3.026E10
100000 25 20
3.922E10
1.89E11
3.189E10
100000 25 20
3.833E10
1.9488E11
3.061E10
100000 25 20
4.225E10
1.8747E11
3.172E10
100000 25 20
3.859E10
1.9143E11
3.167E10
100000 25 20
3.843E10
1.9558E11
3.099E10
100000 25 20
4.589E10
1.8964E11
3.092E10
