316 25 3
3750000.0
3437500.0
3750000.0
316 25 3
3750000.0
3437500.0
3437500.0
316 25 3
3750000.0
3437500.0
3750000.0
316 25 3
3750000.0
3750000.0
3437500.0
316 25 3
3750000.0
3437500.0
3437500.0
316 25 3
3750000.0
3750000.0
3437500.0
316 25 3
3750000.0
3750000.0
3437500.0
316 25 3
4062500.0
3750000.0
3437500.0
316 25 3
4062500.0
3750000.0
3750000.0
316 25 3
3750000.0
3750000.0
3750000.0
562 25 3
9375000.0
9375000.0
8125000.0
100 25 3
507812.5
703125.0
742187.5
100 25 3
585937.5
664062.5
742187.5
100 25 3
546875.0
703125.0
703125.0
177 25 3
1484375.0
1562500.0
1718750.0
562 25 3
1.0625E7
8750000.0
8125000.0
177 25 3
1484375.0
1484375.0
1718750.0
100 25 3
625000.0
703125.0
742187.5
100 25 3
585937.5
742187.5
742187.5
100 25 3
585937.5
664062.5
742187.5
100 25 3
625000.0
664062.5
703125.0
100 25 3
585937.5
703125.0
742187.5
100 25 3
625000.0
703125.0
742187.5
177 25 3
1562500.0
1640625.0
1718750.0
100 25 3
625000.0
742187.5
742187.5
177 25 3
1562500.0
1562500.0
1484375.0
177 25 3
1406250.0
1562500.0
1640625.0
177 25 3
1562500.0
1562500.0
1562500.0
177 25 3
1640625.0
1484375.0
1640625.0
177 25 3
1484375.0
1562500.0
1562500.0
177 25 3
1406250.0
1484375.0
1562500.0
177 25 3
1640625.0
1484375.0
1562500.0
562 25 3
1.0E7
8750000.0
1.5E7
562 25 3
1.0E7
9375000.0
1.375E7
562 25 3
1.0E7
8125000.0
1.1875E7
562 25 3
9375000.0
8750000.0
1.1875E7
562 25 3
9375000.0
8125000.0
1.125E7
562 25 3
1.0E7
8750000.0
1.125E7
1778 25 3
6.0E7
7.0E7
6.0E7
1000 25 3
2.625E7
2.75E7
2.75E7
1778 25 3
6.5E7
8.0E7
6.5E7
562 25 3
1.0E7
1.0E7
1.0625E7
562 25 3
8750000.0
1.0E7
1.25E7
1000 25 3
2.75E7
2.875E7
3.25E7
1000 25 3
2.5E7
2.75E7
3.0E7
1778 25 3
6.5E7
9.0E7
8.5E7
1000 25 3
2.75E7
3.25E7
2.75E7
1778 25 3
6.5E7
8.0E7
6.0E7
1778 25 3
6.5E7
8.0E7
9.0E7
1778 25 3
6.5E7
7.5E7
9.0E7
1778 25 3
6.5E7
7.5E7
7.5E7
1778 25 3
7.0E7
8.5E7
8.5E7
1778 25 3
6.5E7
8.5E7
7.0E7
1000 25 3
2.5E7
2.75E7
2.75E7
1000 25 3
2.5E7
3.25E7
2.0E7
1000 25 3
2.5E7
3.5E7
2.375E7
1000 25 3
3.0E7
3.25E7
2.125E7
3162 25 3
1.6E8
2.6E8
2.1E8
3162 25 3
1.6E8
2.3E8
2.4E8
3162 25 3
1.6E8
2.4E8
2.5E8
3162 25 3
1.6E8
2.5E8
2.4E8
1778 25 3
6.0E7
8.0E7
5.25E7
1000 25 3
2.625E7
3.75E7
2.5E7
1000 25 3
2.75E7
2.75E7
2.125E7
3162 25 3
1.6E8
2.1E8
1.5E8
3162 25 3
1.6E8
1.7E8
1.4E8
3162 25 3
1.7E8
1.6E8
1.4E8
3162 25 3
1.8E8
1.6E8
1.4E8
3162 25 3
1.5E8
1.8E8
1.5E8
3162 25 3
1.9E8
1.6E8
1.5E8
5623 25 3
3.9E8
4.8E8
4.1E8
5623 25 3
4.3E8
5.4E8
4.7E8
5623 25 3
4.1E8
5.3E8
4.6E8
5623 25 3
4.0E8
5.5E8
4.5E8
5623 25 3
4.0E8
5.4E8
4.7E8
5623 25 3
4.0E8
6.2E8
4.4E8
5623 25 3
4.1E8
6.1E8
4.8E8
5623 25 3
4.1E8
6.2E8
4.5E8
5623 25 3
4.4E8
5.7E8
4.2E8
5623 25 3
4.0E8
5.2E8
4.5E8
10000 25 3
1.04E9
1.75E9
1.24E9
10000 25 3
1.06E9
1.71E9
1.29E9
10000 25 3
9.9E8
1.69E9
1.43E9
10000 25 3
9.7E8
1.85E9
1.34E9
10000 25 3
1.01E9
1.72E9
1.43E9
10000 25 3
1.01E9
1.71E9
1.39E9
10000 25 3
1.04E9
1.82E9
1.36E9
10000 25 3
1.0E9
1.82E9
1.36E9
10000 25 3
1.05E9
1.77E9
1.49E9
10000 25 3
9.9E8
1.66E9
1.37E9
17782 25 3
2.58E9
5.84E9
2.88E9
17782 25 3
2.63E9
6.2E9
2.93E9
17782 25 3
2.55E9
6.16E9
3.11E9
17782 25 3
2.63E9
6.05E9
3.03E9
17782 25 3
3.1E9
6.14E9
3.06E9
17782 25 3
2.65E9
6.52E9
2.97E9
17782 25 3
2.5E9
6.4E9
2.97E9
17782 25 3
2.51E9
6.55E9
2.84E9
17782 25 3
2.95E9
5.95E9
3.04E9
17782 25 3
3.07E9
6.75E9
2.71E9
31622 25 3
7.27E9
2.299E10
6.55E9
31622 25 3
6.27E9
2.265E10
6.75E9
31622 25 3
6.41E9
2.293E10
6.68E9
31622 25 3
6.41E9
2.359E10
6.61E9
31622 25 3
6.55E9
2.504E10
7.29E9
31622 25 3
6.91E9
2.301E10
6.56E9
31622 25 3
6.46E9
2.505E10
6.97E9
31622 25 3
6.25E9
2.637E10
6.94E9
31622 25 3
6.59E9
2.643E10
7.02E9
31622 25 3
6.13E9
2.75E10
6.76E9
56234 25 3
1.616E10
7.277E10
1.496E10
56234 25 3
1.539E10
7.584E10
1.468E10
56234 25 3
1.609E10
7.668E10
1.472E10
56234 25 3
2.046E10
7.134E10
1.446E10
56234 25 3
1.555E10
7.667E10
1.472E10
56234 25 3
1.558E10
7.623E10
1.436E10
56234 25 3
1.589E10
7.684E10
1.465E10
56234 25 3
1.929E10
7.469E10
1.544E10
56234 25 3
1.619E10
8.207E10
1.564E10
56234 25 3
1.723E10
8.036E10
1.539E10
100000 25 3
4.033E10
1.8216E11
3.098E10
100000 25 3
4.063E10
1.7292E11
3.122E10
100000 25 3
4.628E10
1.7618E11
3.093E10
100000 25 3
4.115E10
1.8489E11
3.048E10
100000 25 3
3.813E10
1.9834E11
3.128E10
100000 25 3
4.101E10
1.8706E11
3.13E10
100000 25 3
3.819E10
1.9266E11
3.203E10
100000 25 3
3.929E10
1.9123E11
3.165E10
100000 25 3
4.052E10
1.9249E11
3.124E10
100000 25 3
3.95E10
1.9537E11
3.144E10
