316 3 1
5.5E7
1.5E8
1.375E7
316 3 1
5.5E7
7.5E7
1.625E7
316 3 1
6.0E7
1.7E8
1.0E7
100 3 1
1.0625E7
2.0E7
6562500.0
100 3 1
3750000.0
429687.5
4062500.0
100 3 1
9375000.0
4062500.0
2109375.0
100 3 1
1.0625E7
546875.0
468750.0
100 3 1
4062500.0
585937.5
546875.0
316 3 1
3750000.0
5937500.0
2031250.0
316 3 1
1875000.0
1.75E7
2500000.0
100 3 1
214843.75
429687.5
507812.5
177 3 1
664062.5
3437500.0
625000.0
100 3 1
4375000.0
1250000.0
351562.5
316 3 1
1171875.0
4375000.0
2343750.0
177 3 1
507812.5
1484375.0
859375.0
100 3 1
410156.25
429687.5
429687.5
562 3 1
8125000.0
1.375E7
9375000.0
316 3 1
3750000.0
1.75E7
1796875.0
177 3 1
507812.5
1406250.0
1718750.0
177 3 1
859375.0
1484375.0
820312.5
177 3 1
585937.5
1328125.0
859375.0
100 3 1
1.0E7
546875.0
371093.75
316 3 1
859375.0
4375000.0
1718750.0
316 3 1
1093750.0
7500000.0
2578125.0
316 3 1
4062500.0
1.3125E7
2890625.0
177 3 1
781250.0
1875000.0
703125.0
177 3 1
976562.5
2500000.0
742187.5
177 3 1
566406.25
2031250.0
703125.0
100 3 1
234375.0
429687.5
292968.75
177 3 1
859375.0
1406250.0
742187.5
562 3 1
2343750.0
1.8125E7
4062500.0
562 3 1
1718750.0
1.625E7
4375000.0
562 3 1
1718750.0
2.5E7
2656250.0
177 3 1
1132812.5
2500000.0
781250.0
562 3 1
2500000.0
5.25E7
5312500.0
562 3 1
3281250.0
1.5E7
3437500.0
562 3 1
2812500.0
2.75E7
3125000.0
1000 3 1
5625000.0
1.1E8
5625000.0
1000 3 1
6875000.0
1.2E8
5000000.0
1000 3 1
6875000.0
1.2E8
5312500.0
1000 3 1
5000000.0
6.0E7
4062500.0
562 3 1
3281250.0
1.75E7
2343750.0
1000 3 1
6875000.0
9.0E7
4687500.0
562 3 1
4062500.0
1.5E7
3437500.0
562 3 1
4843750.0
2.75E7
2968750.0
1778 3 1
2.625E7
2.0E8
1.5E7
1778 3 1
1.0625E7
1.9E8
1.0625E7
1000 3 1
8437500.0
6.0E7
5625000.0
1778 3 1
8750000.0
2.2E8
8125000.0
1778 3 1
8750000.0
2.0E8
1.1875E7
1000 3 1
6250000.0
9.5E7
5937500.0
1000 3 1
6875000.0
4.75E7
6875000.0
1778 3 1
1.0625E7
1.6E8
2.25E7
1778 3 1
1.0E7
1.6E8
1.125E7
1778 3 1
1.4375E7
1.4E8
1.125E7
1778 3 1
1.0E7
1.6E8
1.1875E7
1000 3 1
1.0E7
3.75E7
4687500.0
1000 3 1
1.15625E7
4.25E7
7500000.0
3162 3 1
2.125E7
4.9E8
2.75E7
1778 3 1
2.125E7
1.7E8
1.375E7
3162 3 1
3.125E7
4.6E8
1.75E7
1778 3 1
2.125E7
1.2E8
1.4375E7
3162 3 1
2.125E7
6.3E8
3.0E7
3162 3 1
3.25E7
4.4E8
1.75E7
3162 3 1
2.375E7
5.3E8
1.875E7
3162 3 1
3.0E7
5.0E8
1.75E7
3162 3 1
1.875E7
4.4E8
1.75E7
3162 3 1
2.875E7
4.8E8
2.125E7
3162 3 1
2.25E7
6.3E8
2.5E7
3162 3 1
2.625E7
6.2E8
3.75E7
5623 3 1
4.0E7
1.94E9
9.0E7
5623 3 1
7.5E7
1.92E9
5.5E7
5623 3 1
6.75E7
2.06E9
6.0E7
5623 3 1
3.5E7
1.92E9
6.0E7
5623 3 1
3.0E7
2.15E9
5.5E7
5623 3 1
5.0E7
1.99E9
5.5E7
5623 3 1
6.25E7
2.08E9
3.75E7
5623 3 1
4.75E7
1.97E9
6.0E7
5623 3 1
3.75E7
1.98E9
5.25E7
5623 3 1
5.75E7
2.08E9
6.5E7
10000 3 1
1.1E8
4.89E9
7.0E7
10000 3 1
7.5E7
6.4E9
8.0E7
10000 3 1
9.5E7
6.49E9
1.4E8
10000 3 1
1.1E8
6.68E9
1.05E8
10000 3 1
7.0E7
6.48E9
8.5E7
10000 3 1
1.3E8
6.76E9
7.0E7
10000 3 1
1.6E8
6.63E9
7.5E7
10000 3 1
1.3E8
6.77E9
1.05E8
10000 3 1
7.0E7
7.25E9
1.1E8
10000 3 1
1.0E8
6.91E9
8.5E7
17782 3 1
1.7E8
1.666E10
1.4E8
17782 3 1
1.9E8
1.911E10
1.3E8
17782 3 1
2.8E8
1.896E10
1.6E8
17782 3 1
1.9E8
1.913E10
1.7E8
17782 3 1
1.4E8
2.026E10
1.4E8
17782 3 1
1.4E8
2.034E10
1.4E8
17782 3 1
2.3E8
2.052E10
1.3E8
17782 3 1
2.3E8
2.224E10
1.5E8
17782 3 1
2.6E8
2.244E10
2.5E8
17782 3 1
1.5E8
2.387E10
2.0E8
31622 3 1
4.0E8
7.117E10
2.5E8
31622 3 1
5.3E8
7.432E10
2.9E8
31622 3 1
4.2E8
7.229E10
3.3E8
31622 3 1
3.7E8
7.777E10
2.6E8
31622 3 1
5.5E8
8.093E10
2.5E8
31622 3 1
3.9E8
8.059E10
2.2E8
31622 3 1
6.0E8
8.121E10
2.5E8
31622 3 1
5.7E8
8.124E10
1.9E8
31622 3 1
4.4E8
8.264E10
1.7E8
31622 3 1
6.2E8
8.489E10
1.9E8
56234 3 1
8.4E8
2.2209E11
3.9E8
56234 3 1
8.5E8
2.3447E11
3.5E8
56234 3 1
1.31E9
2.3432E11
4.3E8
56234 3 1
1.13E9
2.2993E11
4.3E8
56234 3 1
9.4E8
2.3037E11
3.4E8
56234 3 1
9.6E8
2.3219E11
4.1E8
56234 3 1
1.42E9
2.3081E11
3.2E8
56234 3 1
1.2E9
2.3923E11
3.2E8
56234 3 1
1.3E9
2.4017E11
2.9E8
56234 3 1
7.8E8
2.447E11
3.1E8
100000 3 1
1.83E9
6.0476E11
5.9E8
100000 3 1
1.52E9
6.0612E11
6.0E8
100000 3 1
3.09E9
6.296E11
4.9E8
100000 3 1
2.84E9
6.5446E11
5.5E8
100000 3 1
1.62E9
6.666E11
5.7E8
100000 3 1
1.61E9
6.7892E11
4.8E8
100000 3 1
1.95E9
6.7856E11
5.3E8
100000 3 1
1.53E9
7.0013E11
5.6E8
100000 3 1
1.47E9
7.0072E11
5.3E8
100000 3 1
1.87E9
7.0824E11
4.4E8
