177 5 10
1171875.0
1250000.0
1093750.0
177 5 10
1171875.0
1250000.0
1093750.0
177 5 10
1250000.0
1015625.0
1093750.0
177 5 10
1171875.0
1171875.0
1015625.0
177 5 10
1171875.0
1250000.0
937500.0
100 5 10
468750.0
312500.0
332031.25
177 5 10
1171875.0
1250000.0
1015625.0
177 5 10
1093750.0
1328125.0
937500.0
177 5 10
1093750.0
1015625.0
937500.0
100 5 10
507812.5
429687.5
390625.0
177 5 10
1171875.0
1171875.0
1093750.0
177 5 10
1171875.0
1171875.0
937500.0
100 5 10
507812.5
351562.5
351562.5
316 5 10
2656250.0
4687500.0
2500000.0
100 5 10
507812.5
351562.5
371093.75
316 5 10
2812500.0
4375000.0
2500000.0
100 5 10
507812.5
332031.25
371093.75
316 5 10
2812500.0
3437500.0
2500000.0
316 5 10
2812500.0
3437500.0
2656250.0
316 5 10
2656250.0
3750000.0
2500000.0
100 5 10
507812.5
390625.0
371093.75
100 5 10
468750.0
351562.5
371093.75
316 5 10
2812500.0
3437500.0
2500000.0
100 5 10
507812.5
410156.25
351562.5
100 5 10
468750.0
371093.75
351562.5
316 5 10
2968750.0
3437500.0
2656250.0
100 5 10
507812.5
429687.5
371093.75
316 5 10
2812500.0
2812500.0
2500000.0
316 5 10
2812500.0
3125000.0
2656250.0
316 5 10
2812500.0
2968750.0
2500000.0
562 5 10
6250000.0
1.0E7
5937500.0
562 5 10
6562500.0
1.0E7
6250000.0
1000 5 10
1.5E7
3.0E7
1.5E7
1000 5 10
1.5E7
3.0E7
1.625E7
1000 5 10
1.5E7
3.0E7
1.5E7
1000 5 10
1.5E7
3.0E7
1.5E7
1000 5 10
1.5E7
3.5E7
2.125E7
1000 5 10
1.5E7
4.5E7
1.5E7
1778 5 10
3.75E7
1.4E8
3.75E7
1000 5 10
1.625E7
3.75E7
1.5E7
1778 5 10
3.5E7
1.6E8
3.5E7
1778 5 10
3.5E7
1.5E8
3.75E7
1778 5 10
4.5E7
1.2E8
3.25E7
1000 5 10
1.5E7
3.25E7
1.5E7
1778 5 10
4.25E7
1.1E8
3.75E7
1000 5 10
1.375E7
4.5E7
1.625E7
1778 5 10
3.5E7
9.0E7
3.5E7
1000 5 10
1.625E7
5.0E7
1.625E7
1778 5 10
4.0E7
1.1E8
3.5E7
1778 5 10
3.5E7
1.0E8
3.5E7
562 5 10
6875000.0
1.3125E7
6562500.0
562 5 10
6875000.0
1.4375E7
6562500.0
1778 5 10
4.0E7
1.0E8
3.75E7
1778 5 10
3.75E7
1.35E8
3.5E7
562 5 10
6875000.0
1.375E7
6562500.0
562 5 10
6562500.0
9375000.0
6250000.0
562 5 10
6875000.0
1.6875E7
6875000.0
3162 5 10
8.5E7
3.3E8
7.5E7
3162 5 10
9.5E7
3.4E8
9.0E7
562 5 10
6250000.0
1.3125E7
6562500.0
562 5 10
6875000.0
1.0625E7
7500000.0
3162 5 10
9.5E7
4.0E8
8.0E7
3162 5 10
8.5E7
2.7E8
1.0E8
562 5 10
7812500.0
1.0625E7
8125000.0
3162 5 10
8.5E7
3.1E8
8.5E7
3162 5 10
8.5E7
3.1E8
9.0E7
3162 5 10
8.0E7
3.7E8
1.05E8
3162 5 10
9.0E7
3.8E8
9.0E7
3162 5 10
8.5E7
4.3E8
9.5E7
3162 5 10
9.0E7
5.0E8
8.5E7
5623 5 10
1.8E8
1.04E9
1.9E8
5623 5 10
1.8E8
1.17E9
2.2E8
5623 5 10
1.9E8
1.21E9
1.9E8
5623 5 10
2.2E8
1.2E9
1.9E8
5623 5 10
1.9E8
1.25E9
2.4E8
5623 5 10
1.8E8
1.29E9
2.3E8
5623 5 10
1.9E8
1.14E9
2.1E8
5623 5 10
1.8E8
1.52E9
1.9E8
5623 5 10
2.0E8
1.51E9
1.9E8
5623 5 10
1.8E8
1.42E9
2.7E8
10000 5 10
4.7E8
3.68E9
4.9E8
10000 5 10
4.2E8
3.6E9
4.3E8
10000 5 10
4.2E8
3.83E9
4.3E8
10000 5 10
4.0E8
4.22E9
4.8E8
10000 5 10
5.2E8
4.19E9
4.3E8
10000 5 10
4.4E8
4.29E9
4.9E8
10000 5 10
5.5E8
4.53E9
5.5E8
10000 5 10
4.5E8
4.47E9
6.1E8
10000 5 10
6.3E8
5.07E9
4.5E8
10000 5 10
6.5E8
6.55E9
5.4E8
17782 5 10
1.06E9
1.316E10
1.02E9
17782 5 10
1.23E9
1.396E10
1.0E9
17782 5 10
1.33E9
1.277E10
9.9E8
17782 5 10
9.0E8
1.38E10
1.03E9
17782 5 10
1.15E9
1.478E10
1.08E9
17782 5 10
1.36E9
1.499E10
9.4E8
17782 5 10
1.01E9
1.639E10
9.4E8
17782 5 10
1.21E9
1.677E10
1.12E9
17782 5 10
1.01E9
1.715E10
1.04E9
17782 5 10
9.8E8
1.692E10
1.08E9
31622 5 10
2.16E9
5.019E10
2.23E9
31622 5 10
2.23E9
5.012E10
2.03E9
31622 5 10
2.15E9
5.034E10
2.09E9
31622 5 10
2.14E9
5.196E10
2.17E9
31622 5 10
2.38E9
5.229E10
2.2E9
31622 5 10
2.75E9
5.081E10
2.57E9
31622 5 10
3.01E9
5.335E10
1.82E9
31622 5 10
2.16E9
5.311E10
2.03E9
31622 5 10
2.04E9
5.35E10
2.35E9
31622 5 10
2.04E9
5.792E10
1.94E9
56234 5 10
6.46E9
1.4448E11
4.42E9
56234 5 10
5.29E9
1.4487E11
5.14E9
56234 5 10
4.76E9
1.4665E11
4.65E9
56234 5 10
6.45E9
1.4596E11
4.0E9
56234 5 10
5.59E9
1.5382E11
4.26E9
56234 5 10
5.58E9
1.5664E11
3.59E9
56234 5 10
4.73E9
1.5684E11
4.22E9
56234 5 10
5.54E9
1.5944E11
3.95E9
56234 5 10
5.05E9
1.6035E11
4.32E9
56234 5 10
5.17E9
1.6124E11
3.76E9
100000 5 10
1.139E10
3.6016E11
9.56E9
100000 5 10
1.128E10
3.559E11
8.48E9
100000 5 10
1.076E10
3.5424E11
9.64E9
100000 5 10
1.083E10
3.6653E11
8.22E9
100000 5 10
1.078E10
3.6819E11
7.82E9
100000 5 10
1.078E10
3.76E11
6.94E9
100000 5 10
1.215E10
3.8343E11
8.88E9
100000 5 10
1.205E10
3.7619E11
9.05E9
100000 5 10
1.102E10
3.8253E11
8.6E9
100000 5 10
1.062E10
3.8656E11
6.94E9
