316 20 20
3437500.0
3437500.0
3437500.0
316 20 20
3750000.0
3750000.0
3437500.0
316 20 20
3750000.0
3437500.0
3437500.0
316 20 20
4062500.0
3437500.0
3437500.0
316 20 20
3437500.0
3437500.0
3437500.0
316 20 20
4062500.0
3437500.0
3437500.0
100 20 20
546875.0
507812.5
585937.5
100 20 20
585937.5
546875.0
585937.5
100 20 20
585937.5
546875.0
585937.5
100 20 20
546875.0
546875.0
585937.5
562 20 20
9375000.0
8750000.0
8125000.0
100 20 20
546875.0
507812.5
585937.5
316 20 20
4062500.0
3437500.0
3750000.0
100 20 20
585937.5
507812.5
546875.0
100 20 20
546875.0
546875.0
546875.0
100 20 20
585937.5
546875.0
546875.0
100 20 20
625000.0
585937.5
585937.5
100 20 20
585937.5
585937.5
585937.5
316 20 20
3750000.0
3437500.0
3125000.0
562 20 20
1.0E7
8125000.0
8125000.0
177 20 20
1484375.0
1250000.0
1328125.0
177 20 20
1484375.0
1250000.0
1250000.0
177 20 20
1406250.0
1328125.0
1328125.0
177 20 20
1484375.0
1250000.0
1328125.0
177 20 20
1406250.0
1250000.0
1328125.0
316 20 20
3437500.0
3281250.0
2812500.0
177 20 20
1484375.0
1171875.0
1250000.0
177 20 20
1484375.0
1328125.0
1328125.0
177 20 20
1484375.0
1406250.0
1250000.0
316 20 20
3750000.0
3125000.0
3125000.0
177 20 20
1562500.0
1406250.0
1328125.0
177 20 20
1562500.0
1328125.0
1328125.0
562 20 20
9375000.0
9375000.0
1.5E7
562 20 20
1.0625E7
8125000.0
1.0E7
1000 20 20
2.75E7
2.5E7
2.75E7
562 20 20
1.0E7
8125000.0
1.0625E7
562 20 20
1.0E7
8750000.0
1.5E7
562 20 20
1.0E7
8125000.0
1.125E7
1778 20 20
6.5E7
6.0E7
8.5E7
1000 20 20
2.5E7
2.75E7
2.75E7
562 20 20
9375000.0
8750000.0
1.125E7
1000 20 20
2.5E7
3.0E7
3.0E7
1000 20 20
2.375E7
3.0E7
2.75E7
1778 20 20
6.0E7
6.5E7
1.0E8
1778 20 20
6.0E7
7.5E7
7.0E7
1778 20 20
6.5E7
8.0E7
5.5E7
562 20 20
1.0E7
8750000.0
8750000.0
562 20 20
9375000.0
1.0E7
9375000.0
1778 20 20
6.0E7
1.0E8
8.0E7
1778 20 20
6.5E7
9.5E7
6.5E7
1778 20 20
6.5E7
8.0E7
5.5E7
1778 20 20
6.5E7
9.0E7
7.0E7
1778 20 20
6.5E7
8.0E7
6.5E7
1778 20 20
6.5E7
1.0E8
7.0E7
1000 20 20
2.375E7
3.25E7
2.125E7
3162 20 20
1.8E8
2.2E8
2.5E8
1000 20 20
2.5E7
2.375E7
2.0E7
1000 20 20
2.625E7
4.0E7
2.375E7
3162 20 20
1.7E8
2.8E8
2.0E8
3162 20 20
1.5E8
2.5E8
2.7E8
3162 20 20
1.4E8
2.6E8
2.3E8
1000 20 20
2.5E7
2.375E7
2.0E7
1000 20 20
2.5E7
2.625E7
1.875E7
1000 20 20
2.625E7
2.625E7
2.0E7
3162 20 20
1.6E8
1.9E8
1.6E8
3162 20 20
1.6E8
1.4E8
1.5E8
3162 20 20
1.7E8
1.7E8
1.6E8
3162 20 20
1.8E8
1.7E8
1.5E8
3162 20 20
1.6E8
1.6E8
1.5E8
3162 20 20
1.7E8
1.6E8
1.6E8
5623 20 20
4.0E8
5.2E8
3.5E8
5623 20 20
3.9E8
4.2E8
3.6E8
5623 20 20
4.0E8
4.9E8
4.1E8
5623 20 20
4.2E8
4.8E8
3.9E8
5623 20 20
3.8E8
4.9E8
3.9E8
5623 20 20
4.1E8
4.9E8
3.8E8
5623 20 20
3.9E8
5.2E8
4.1E8
5623 20 20
4.0E8
5.2E8
4.5E8
5623 20 20
4.0E8
5.3E8
4.2E8
5623 20 20
4.0E8
5.2E8
4.1E8
10000 20 20
1.01E9
1.63E9
1.06E9
10000 20 20
1.01E9
1.85E9
1.05E9
10000 20 20
1.05E9
1.96E9
9.7E8
10000 20 20
1.07E9
1.99E9
1.03E9
10000 20 20
9.8E8
2.02E9
1.1E9
10000 20 20
9.8E8
1.65E9
1.07E9
10000 20 20
9.8E8
2.12E9
1.01E9
10000 20 20
9.8E8
1.7E9
1.03E9
10000 20 20
1.0E9
1.89E9
1.08E9
10000 20 20
1.01E9
1.87E9
1.1E9
17782 20 20
2.48E9
5.54E9
2.5E9
17782 20 20
2.53E9
5.58E9
2.53E9
17782 20 20
2.3E9
6.47E9
2.92E9
17782 20 20
2.38E9
6.75E9
2.63E9
17782 20 20
2.48E9
6.64E9
2.64E9
17782 20 20
2.54E9
6.47E9
2.69E9
17782 20 20
2.48E9
6.45E9
2.53E9
17782 20 20
2.55E9
6.52E9
2.64E9
17782 20 20
2.67E9
7.18E9
2.77E9
17782 20 20
2.78E9
7.07E9
2.73E9
31622 20 20
6.83E9
2.201E10
5.79E9
31622 20 20
6.03E9
2.469E10
6.46E9
31622 20 20
5.97E9
2.578E10
6.32E9
31622 20 20
6.38E9
2.447E10
6.54E9
31622 20 20
6.26E9
2.632E10
6.04E9
31622 20 20
7.28E9
2.735E10
6.22E9
31622 20 20
6.26E9
3.054E10
6.33E9
31622 20 20
6.3E9
3.169E10
6.31E9
31622 20 20
5.96E9
3.194E10
6.01E9
31622 20 20
7.13E9
3.201E10
6.28E9
56234 20 20
1.523E10
7.283E10
1.376E10
56234 20 20
1.551E10
8.306E10
1.402E10
56234 20 20
1.619E10
8.204E10
1.421E10
56234 20 20
1.558E10
8.4E10
1.532E10
56234 20 20
1.607E10
8.602E10
1.391E10
56234 20 20
1.541E10
8.81E10
1.419E10
56234 20 20
1.59E10
8.825E10
1.423E10
56234 20 20
1.546E10
9.254E10
1.276E10
56234 20 20
1.592E10
9.735E10
1.406E10
56234 20 20
1.569E10
9.473E10
1.374E10
100000 20 20
3.807E10
2.0722E11
3.045E10
100000 20 20
3.78E10
2.0339E11
3.051E10
100000 20 20
3.661E10
2.132E11
3.014E10
100000 20 20
4.061E10
2.0567E11
3.042E10
100000 20 20
3.747E10
2.18E11
3.239E10
100000 20 20
3.885E10
2.1404E11
3.119E10
100000 20 20
3.938E10
2.1667E11
3.069E10
100000 20 20
3.791E10
2.2898E11
2.99E10
100000 20 20
3.761E10
2.1905E11
3.278E10
100000 20 20
3.964E10
2.262E11
3.023E10
