316 25 10
3750000.0
3750000.0
3750000.0
316 25 10
3750000.0
3437500.0
3750000.0
316 25 10
3750000.0
3437500.0
4062500.0
316 25 10
3437500.0
3750000.0
4375000.0
316 25 10
3750000.0
3437500.0
3750000.0
316 25 10
3750000.0
3437500.0
4062500.0
316 25 10
4062500.0
3437500.0
3750000.0
316 25 10
3750000.0
3437500.0
3750000.0
316 25 10
3750000.0
3750000.0
3750000.0
316 25 10
3437500.0
3750000.0
3750000.0
177 25 10
1562500.0
1718750.0
1718750.0
562 25 10
1.0E7
1.0E7
8125000.0
562 25 10
1.0625E7
8750000.0
8750000.0
100 25 10
507812.5
703125.0
742187.5
100 25 10
546875.0
664062.5
703125.0
100 25 10
585937.5
664062.5
703125.0
100 25 10
546875.0
742187.5
703125.0
100 25 10
546875.0
664062.5
703125.0
100 25 10
546875.0
742187.5
703125.0
100 25 10
625000.0
703125.0
703125.0
100 25 10
585937.5
703125.0
703125.0
177 25 10
1640625.0
1718750.0
1562500.0
100 25 10
585937.5
664062.5
742187.5
100 25 10
625000.0
703125.0
703125.0
177 25 10
1406250.0
1484375.0
1484375.0
177 25 10
1562500.0
1562500.0
1562500.0
177 25 10
1484375.0
1640625.0
1640625.0
177 25 10
1406250.0
1484375.0
1718750.0
177 25 10
1562500.0
1562500.0
1718750.0
177 25 10
1406250.0
1562500.0
1640625.0
177 25 10
1406250.0
1484375.0
1640625.0
177 25 10
1484375.0
1484375.0
1796875.0
562 25 10
1.0E7
1.0625E7
1.375E7
562 25 10
9375000.0
1.25E7
1.875E7
562 25 10
1.0E7
1.0625E7
1.5E7
1000 25 10
2.75E7
2.75E7
3.75E7
1000 25 10
2.5E7
3.0E7
4.25E7
562 25 10
1.0625E7
1.0625E7
1.125E7
1778 25 10
7.0E7
1.1E8
9.5E7
562 25 10
9375000.0
9375000.0
1.5E7
1778 25 10
6.5E7
1.2E8
9.5E7
1778 25 10
6.5E7
7.0E7
1.3E8
1000 25 10
2.5E7
3.0E7
3.0E7
1000 25 10
2.5E7
3.75E7
4.5E7
562 25 10
1.0E7
1.0E7
1.5E7
562 25 10
1.0625E7
1.125E7
1.125E7
1778 25 10
6.5E7
8.0E7
7.5E7
562 25 10
1.0E7
1.125E7
1.0E7
1000 25 10
2.75E7
3.25E7
3.0E7
1000 25 10
2.625E7
3.0E7
3.25E7
1778 25 10
7.0E7
7.0E7
6.0E7
1778 25 10
7.0E7
7.5E7
7.5E7
1778 25 10
6.0E7
6.5E7
8.0E7
1000 25 10
2.625E7
4.25E7
3.0E7
1778 25 10
7.0E7
7.5E7
7.0E7
1778 25 10
6.5E7
8.5E7
7.0E7
1778 25 10
6.5E7
1.0E8
6.5E7
1000 25 10
2.625E7
3.5E7
2.25E7
3162 25 10
1.7E8
2.4E8
1.6E8
1000 25 10
2.625E7
4.0E7
2.375E7
1000 25 10
2.75E7
3.5E7
2.375E7
3162 25 10
1.8E8
2.8E8
1.8E8
3162 25 10
1.8E8
2.6E8
1.9E8
3162 25 10
1.7E8
2.7E8
2.1E8
3162 25 10
1.8E8
1.8E8
1.6E8
3162 25 10
1.9E8
1.8E8
1.5E8
3162 25 10
1.6E8
1.5E8
1.5E8
3162 25 10
1.8E8
2.1E8
1.6E8
3162 25 10
1.8E8
2.0E8
1.6E8
3162 25 10
2.0E8
2.0E8
1.6E8
5623 25 10
4.0E8
5.3E8
3.9E8
5623 25 10
4.4E8
5.0E8
4.0E8
5623 25 10
4.3E8
4.9E8
4.2E8
5623 25 10
4.4E8
4.8E8
4.1E8
5623 25 10
4.1E8
5.0E8
4.5E8
5623 25 10
4.2E8
5.0E8
3.9E8
5623 25 10
4.1E8
5.5E8
4.3E8
5623 25 10
4.1E8
4.9E8
4.3E8
5623 25 10
4.1E8
6.3E8
3.9E8
5623 25 10
4.3E8
5.0E8
4.6E8
10000 25 10
1.0E9
1.58E9
1.26E9
10000 25 10
1.16E9
1.61E9
1.18E9
10000 25 10
1.04E9
2.57E9
1.48E9
10000 25 10
1.02E9
2.42E9
1.79E9
10000 25 10
1.1E9
2.39E9
1.85E9
10000 25 10
1.0E9
2.66E9
1.68E9
10000 25 10
1.09E9
2.58E9
1.66E9
10000 25 10
1.17E9
2.99E9
1.44E9
10000 25 10
1.14E9
2.88E9
1.8E9
10000 25 10
1.07E9
2.3E9
2.23E9
17782 25 10
2.64E9
5.76E9
2.52E9
17782 25 10
2.71E9
5.97E9
2.72E9
17782 25 10
2.56E9
6.94E9
2.5E9
17782 25 10
2.73E9
6.4E9
2.73E9
17782 25 10
3.01E9
6.05E9
2.72E9
17782 25 10
2.58E9
7.33E9
2.84E9
17782 25 10
2.52E9
6.47E9
3.04E9
17782 25 10
2.59E9
7.23E9
2.83E9
17782 25 10
2.91E9
7.28E9
2.69E9
17782 25 10
2.61E9
8.22E9
2.52E9
31622 25 10
6.97E9
1.64E10
6.2E9
31622 25 10
6.2E9
1.692E10
6.29E9
31622 25 10
6.11E9
1.832E10
6.18E9
31622 25 10
6.86E9
1.935E10
6.25E9
31622 25 10
6.54E9
1.912E10
6.28E9
31622 25 10
8.35E9
1.83E10
6.17E9
31622 25 10
8.31E9
1.896E10
6.13E9
31622 25 10
7.55E9
1.977E10
6.38E9
31622 25 10
9.02E9
1.844E10
6.81E9
31622 25 10
8.29E9
1.836E10
6.18E9
56234 25 10
1.612E10
6.037E10
1.533E10
56234 25 10
1.465E10
6.22E10
1.445E10
56234 25 10
1.527E10
6.545E10
1.497E10
56234 25 10
1.59E10
6.577E10
1.441E10
56234 25 10
1.536E10
6.888E10
1.5E10
56234 25 10
1.516E10
7.129E10
1.382E10
56234 25 10
1.602E10
6.98E10
1.46E10
56234 25 10
1.988E10
6.744E10
1.419E10
56234 25 10
1.873E10
7.016E10
1.411E10
56234 25 10
1.896E10
7.148E10
1.405E10
100000 25 10
3.626E10
1.8213E11
3.11E10
100000 25 10
3.849E10
1.8041E11
3.056E10
100000 25 10
3.705E10
1.7905E11
3.153E10
100000 25 10
3.705E10
1.9019E11
3.089E10
100000 25 10
3.665E10
1.9206E11
3.077E10
100000 25 10
3.753E10
1.9162E11
3.112E10
100000 25 10
3.738E10
1.9257E11
3.116E10
100000 25 10
4.687E10
1.8894E11
2.994E10
100000 25 10
4.301E10
1.9068E11
3.12E10
100000 25 10
3.671E10
1.9874E11
3.129E10
