100 3 2
312500.0
468750.0
214843.75
316 3 2
2500000.0
3750000.0
2500000.0
100 3 2
234375.0
625000.0
546875.0
316 3 2
1875000.0
3437500.0
937500.0
100 3 2
312500.0
429687.5
332031.25
316 3 2
3281250.0
4062500.0
1875000.0
100 3 2
234375.0
351562.5
234375.0
562 3 2
4687500.0
1.125E7
1.0E7
100 3 2
214843.75
332031.25
234375.0
316 3 2
2187500.0
3437500.0
2968750.0
100 3 2
234375.0
332031.25
234375.0
177 3 2
742187.5
937500.0
507812.5
177 3 2
1250000.0
1875000.0
3750000.0
100 3 2
234375.0
332031.25
292968.75
177 3 2
859375.0
1015625.0
1875000.0
177 3 2
859375.0
937500.0
1328125.0
100 3 2
449218.75
468750.0
507812.5
316 3 2
1640625.0
3437500.0
2500000.0
316 3 2
2343750.0
2187500.0
1484375.0
177 3 2
742187.5
1250000.0
1406250.0
177 3 2
898437.5
1484375.0
937500.0
177 3 2
1015625.0
1171875.0
742187.5
316 3 2
2265625.0
3437500.0
2656250.0
316 3 2
1875000.0
3125000.0
2812500.0
100 3 2
390625.0
371093.75
488281.25
177 3 2
859375.0
1171875.0
820312.5
562 3 2
2031250.0
1.75E7
2187500.0
100 3 2
527343.75
332031.25
468750.0
316 3 2
2656250.0
3437500.0
2812500.0
316 3 2
1640625.0
4531250.0
1484375.0
177 3 2
937500.0
1406250.0
1250000.0
177 3 2
781250.0
2343750.0
976562.5
562 3 2
3437500.0
2.25E7
3125000.0
1000 3 2
1.3125E7
3.25E7
1.375E7
1000 3 2
9375000.0
2.75E7
6875000.0
562 3 2
2968750.0
8125000.0
5625000.0
1778 3 2
7500000.0
8.0E7
3.75E7
562 3 2
4687500.0
1.1875E7
5000000.0
1000 3 2
6562500.0
4.0E7
7500000.0
562 3 2
1875000.0
7500000.0
2968750.0
1000 3 2
8750000.0
3.125E7
1.0E7
562 3 2
4843750.0
6875000.0
2031250.0
1778 3 2
1.5E7
7.5E7
8125000.0
562 3 2
2187500.0
6875000.0
5781250.0
1000 3 2
4062500.0
2.25E7
6250000.0
1000 3 2
6250000.0
2.375E7
4062500.0
1778 3 2
8750000.0
6.0E7
7500000.0
1000 3 2
4062500.0
2.75E7
4062500.0
562 3 2
5937500.0
8125000.0
3593750.0
1000 3 2
1.5E7
2.875E7
1.0625E7
1000 3 2
7187500.0
2.75E7
5937500.0
1778 3 2
1.3125E7
7.5E7
1.375E7
1778 3 2
1.0E7
2.3E8
1.0E7
1778 3 2
9375000.0
1.7E8
1.3125E7
1778 3 2
1.3125E7
2.3E8
2.75E7
562 3 2
4218750.0
1.8125E7
2187500.0
1778 3 2
1.625E7
1.4E8
3.0E7
1778 3 2
1.25E7
1.3E8
3.625E7
1778 3 2
1.0E7
6.0E7
2.4375E7
1000 3 2
1.1875E7
3.125E7
1.1875E7
3162 3 2
2.75E7
5.2E8
2.75E7
3162 3 2
2.375E7
3.3E8
2.5E7
3162 3 2
3.875E7
4.9E8
6.0E7
3162 3 2
2.75E7
5.8E8
8.0E7
3162 3 2
2.25E7
3.1E8
2.375E7
3162 3 2
2.75E7
2.9E8
2.5E7
3162 3 2
2.375E7
5.8E8
7.0E7
3162 3 2
1.625E7
6.4E8
7.5E7
3162 3 2
6.25E7
5.2E8
5.5E7
5623 3 2
3.25E7
7.6E8
3.25E7
5623 3 2
3.0E7
7.3E8
3.5E7
3162 3 2
4.0E7
6.2E8
3.0E7
5623 3 2
4.0E7
7.2E8
3.0E7
5623 3 2
3.25E7
7.7E8
4.25E7
5623 3 2
3.25E7
7.5E8
7.75E7
5623 3 2
1.1E8
1.34E9
3.0E7
5623 3 2
6.0E7
1.27E9
4.5E7
5623 3 2
5.5E7
1.34E9
4.5E7
5623 3 2
1.15E8
1.31E9
6.5E7
5623 3 2
1.3E8
1.58E9
3.75E7
10000 3 2
1.9E8
2.32E9
6.0E7
10000 3 2
1.1E8
2.63E9
7.5E7
10000 3 2
5.4E8
3.36E9
6.0E7
10000 3 2
2.4E8
3.96E9
1.3E8
10000 3 2
1.6E8
4.12E9
7.5E7
10000 3 2
1.5E8
3.97E9
7.5E7
10000 3 2
1.5E8
4.9E9
1.1E8
10000 3 2
1.2E8
5.93E9
7.0E7
10000 3 2
6.4E8
5.34E9
1.05E8
10000 3 2
3.0E8
6.45E9
9.0E7
17782 3 2
4.6E8
8.86E9
1.2E8
17782 3 2
2.4E8
9.89E9
1.3E8
17782 3 2
2.6E8
1.194E10
1.2E8
17782 3 2
1.6E8
1.257E10
2.0E8
17782 3 2
2.7E8
1.34E10
1.9E8
17782 3 2
7.1E8
1.397E10
1.3E8
17782 3 2
6.0E8
1.395E10
1.2E8
17782 3 2
3.4E8
1.4E10
1.7E8
17782 3 2
1.6E8
1.527E10
1.2E8
17782 3 2
2.6E8
1.587E10
1.6E8
31622 3 2
3.0E8
3.517E10
2.5E8
31622 3 2
2.6E8
3.62E10
2.3E8
31622 3 2
4.5E8
3.619E10
2.4E8
31622 3 2
3.4E8
3.691E10
2.6E8
31622 3 2
2.9E8
3.853E10
2.4E8
31622 3 2
2.8E8
3.94E10
2.2E8
31622 3 2
9.5E8
4.05E10
2.1E8
31622 3 2
2.5E8
4.065E10
2.5E8
31622 3 2
4.3E8
4.116E10
2.5E8
31622 3 2
9.0E8
4.597E10
2.3E8
56234 3 2
8.1E8
1.1522E11
4.5E8
56234 3 2
5.6E8
1.2387E11
3.7E8
56234 3 2
1.31E9
1.2286E11
3.9E8
56234 3 2
5.6E8
1.2677E11
5.3E8
56234 3 2
1.27E9
1.2532E11
3.7E8
56234 3 2
8.3E8
1.2943E11
3.4E8
56234 3 2
7.1E8
1.2913E11
3.4E8
56234 3 2
1.32E9
1.3368E11
3.3E8
56234 3 2
8.2E8
1.3342E11
3.5E8
56234 3 2
1.47E9
1.4406E11
3.5E8
100000 3 2
1.25E9
3.3634E11
6.0E8
100000 3 2
1.62E9
3.462E11
6.9E8
100000 3 2
2.5E9
3.5922E11
6.9E8
100000 3 2
1.68E9
3.5755E11
6.6E8
100000 3 2
1.53E9
3.5903E11
5.9E8
100000 3 2
2.69E9
3.6812E11
6.2E8
100000 3 2
1.2E9
3.6722E11
5.1E8
100000 3 2
1.96E9
3.669E11
5.4E8
100000 3 2
1.32E9
3.7004E11
5.6E8
100000 3 2
1.32E9
3.7363E11
5.1E8
