100 10 3
507812.5
468750.0
429687.5
100 10 3
546875.0
429687.5
468750.0
100 10 3
546875.0
429687.5
507812.5
100 10 3
585937.5
429687.5
468750.0
100 10 3
546875.0
429687.5
507812.5
100 10 3
585937.5
429687.5
429687.5
100 10 3
585937.5
429687.5
468750.0
316 10 3
3437500.0
3125000.0
3437500.0
562 10 3
8750000.0
8125000.0
8750000.0
316 10 3
3750000.0
3125000.0
3437500.0
316 10 3
3750000.0
3125000.0
3437500.0
562 10 3
8750000.0
9375000.0
7500000.0
100 10 3
546875.0
410156.25
429687.5
100 10 3
546875.0
429687.5
429687.5
177 10 3
1406250.0
1171875.0
1093750.0
100 10 3
585937.5
429687.5
429687.5
177 10 3
1484375.0
1093750.0
1093750.0
177 10 3
1406250.0
1015625.0
1093750.0
177 10 3
1406250.0
1093750.0
1171875.0
177 10 3
1484375.0
1171875.0
937500.0
177 10 3
1484375.0
1171875.0
1171875.0
177 10 3
1406250.0
1015625.0
1015625.0
177 10 3
1406250.0
1171875.0
1093750.0
316 10 3
3750000.0
2812500.0
2968750.0
316 10 3
3750000.0
2812500.0
2812500.0
316 10 3
3437500.0
2812500.0
2812500.0
316 10 3
3750000.0
3125000.0
2968750.0
177 10 3
1406250.0
1093750.0
1171875.0
177 10 3
1562500.0
1171875.0
1171875.0
316 10 3
3750000.0
2968750.0
2968750.0
316 10 3
3437500.0
2968750.0
2812500.0
316 10 3
3750000.0
2968750.0
2968750.0
562 10 3
9375000.0
8125000.0
8125000.0
1778 10 3
5.5E7
8.5E7
6.0E7
1778 10 3
6.0E7
8.0E7
6.0E7
1000 10 3
2.125E7
3.0E7
3.25E7
562 10 3
8750000.0
9375000.0
1.625E7
562 10 3
9375000.0
8125000.0
1.0625E7
1000 10 3
2.375E7
2.75E7
3.25E7
1778 10 3
5.5E7
1.05E8
1.1E8
1778 10 3
6.0E7
8.0E7
6.0E7
1000 10 3
2.375E7
3.25E7
7.5E7
562 10 3
9375000.0
7500000.0
1.375E7
562 10 3
8750000.0
8750000.0
1.375E7
562 10 3
9375000.0
8750000.0
1.0625E7
562 10 3
1.0E7
8750000.0
1.1875E7
562 10 3
8750000.0
6875000.0
1.25E7
1778 10 3
6.0E7
8.5E7
5.5E7
1778 10 3
5.5E7
9.0E7
8.5E7
1778 10 3
6.0E7
8.5E7
1.1E8
1000 10 3
2.25E7
2.75E7
2.25E7
1778 10 3
5.5E7
8.0E7
1.05E8
3162 10 3
1.5E8
2.5E8
1.6E8
3162 10 3
1.4E8
2.6E8
2.2E8
1778 10 3
6.0E7
1.45E8
5.5E7
1000 10 3
2.375E7
3.75E7
2.125E7
1000 10 3
2.25E7
3.25E7
2.25E7
1000 10 3
2.375E7
3.25E7
2.25E7
3162 10 3
1.4E8
4.1E8
1.4E8
3162 10 3
1.5E8
4.2E8
1.4E8
1000 10 3
2.375E7
3.0E7
2.375E7
1000 10 3
2.375E7
4.25E7
2.125E7
1000 10 3
2.25E7
2.375E7
2.25E7
1778 10 3
6.0E7
1.6E8
5.5E7
3162 10 3
1.5E8
2.1E8
1.4E8
3162 10 3
1.4E8
2.1E8
1.4E8
3162 10 3
1.5E8
1.9E8
1.4E8
3162 10 3
1.6E8
2.0E8
1.4E8
3162 10 3
1.5E8
2.1E8
1.4E8
3162 10 3
1.5E8
2.1E8
1.4E8
5623 10 3
3.6E8
6.2E8
3.4E8
5623 10 3
3.7E8
6.3E8
3.5E8
5623 10 3
3.6E8
6.5E8
3.5E8
5623 10 3
3.6E8
6.5E8
3.5E8
5623 10 3
3.5E8
6.6E8
3.5E8
5623 10 3
3.7E8
6.9E8
3.4E8
5623 10 3
3.6E8
6.6E8
3.5E8
5623 10 3
3.6E8
6.7E8
3.5E8
5623 10 3
3.7E8
6.6E8
3.5E8
5623 10 3
3.6E8
6.1E8
3.4E8
10000 10 3
8.8E8
2.04E9
8.6E8
10000 10 3
9.4E8
2.12E9
8.8E8
10000 10 3
8.8E8
2.13E9
8.7E8
10000 10 3
8.8E8
2.29E9
8.5E8
10000 10 3
8.7E8
2.3E9
8.6E8
10000 10 3
8.9E8
2.14E9
9.1E8
10000 10 3
9.0E8
2.12E9
9.0E8
10000 10 3
9.2E8
2.26E9
9.1E8
10000 10 3
8.9E8
2.22E9
8.8E8
10000 10 3
1.02E9
2.25E9
8.6E8
17782 10 3
2.15E9
7.77E9
2.15E9
17782 10 3
2.18E9
7.71E9
2.09E9
17782 10 3
2.48E9
7.83E9
2.1E9
17782 10 3
2.26E9
8.21E9
2.17E9
17782 10 3
2.2E9
8.32E9
2.16E9
17782 10 3
2.5E9
7.78E9
2.09E9
17782 10 3
2.32E9
8.1E9
2.15E9
17782 10 3
2.38E9
7.98E9
2.15E9
17782 10 3
2.43E9
8.34E9
2.09E9
17782 10 3
2.21E9
7.81E9
2.16E9
31622 10 3
5.14E9
3.016E10
5.38E9
31622 10 3
5.19E9
3.103E10
5.35E9
31622 10 3
5.43E9
3.176E10
5.35E9
31622 10 3
5.34E9
3.187E10
5.28E9
31622 10 3
5.2E9
3.246E10
5.41E9
31622 10 3
5.33E9
3.323E10
5.29E9
31622 10 3
5.18E9
3.36E10
5.21E9
31622 10 3
5.18E9
3.443E10
5.23E9
31622 10 3
6.13E9
3.415E10
5.19E9
31622 10 3
5.32E9
3.537E10
5.15E9
56234 10 3
1.343E10
1.0861E11
1.154E10
56234 10 3
1.285E10
1.133E11
1.176E10
56234 10 3
1.462E10
1.1395E11
1.096E10
56234 10 3
1.275E10
1.1485E11
1.18E10
56234 10 3
1.485E10
1.1465E11
1.083E10
56234 10 3
1.324E10
1.1484E11
1.171E10
56234 10 3
1.319E10
1.1723E11
1.195E10
56234 10 3
1.302E10
1.1851E11
1.198E10
56234 10 3
1.382E10
1.2306E11
1.05E10
56234 10 3
1.446E10
1.2203E11
1.174E10
100000 10 3
3.397E10
2.9418E11
2.553E10
100000 10 3
3.178E10
2.8875E11
2.55E10
100000 10 3
3.173E10
2.9817E11
2.548E10
100000 10 3
3.269E10
2.9976E11
2.546E10
100000 10 3
3.107E10
3.0485E11
2.519E10
100000 10 3
3.233E10
3.136E11
2.535E10
100000 10 3
3.159E10
3.0805E11
2.53E10
100000 10 3
3.208E10
3.1117E11
2.525E10
100000 10 3
4.65E10
3.0155E11
2.586E10
100000 10 3
3.137E10
3.171E11
2.569E10
