100 15 20
546875.0
468750.0
507812.5
100 15 20
507812.5
468750.0
507812.5
100 15 20
585937.5
468750.0
507812.5
100 15 20
546875.0
468750.0
546875.0
100 15 20
585937.5
468750.0
468750.0
100 15 20
546875.0
468750.0
507812.5
100 15 20
585937.5
468750.0
507812.5
100 15 20
507812.5
429687.5
507812.5
100 15 20
585937.5
468750.0
507812.5
316 15 20
3750000.0
2656250.0
3437500.0
316 15 20
3437500.0
3125000.0
3437500.0
316 15 20
3437500.0
3125000.0
3437500.0
562 15 20
9375000.0
8750000.0
8750000.0
100 15 20
585937.5
507812.5
507812.5
316 15 20
3750000.0
3281250.0
3437500.0
177 15 20
1406250.0
1093750.0
1171875.0
177 15 20
1406250.0
1171875.0
1171875.0
177 15 20
1328125.0
1171875.0
1171875.0
177 15 20
1484375.0
1171875.0
1171875.0
177 15 20
1406250.0
1250000.0
1171875.0
316 15 20
3750000.0
2968750.0
2812500.0
316 15 20
3437500.0
2968750.0
2812500.0
177 15 20
1562500.0
1171875.0
1093750.0
562 15 20
1.0E7
8125000.0
6875000.0
177 15 20
1406250.0
1093750.0
1171875.0
177 15 20
1562500.0
1171875.0
1171875.0
316 15 20
3750000.0
3281250.0
2812500.0
316 15 20
3750000.0
2968750.0
2656250.0
177 15 20
1484375.0
1171875.0
1093750.0
316 15 20
3437500.0
2968750.0
2812500.0
316 15 20
3750000.0
3125000.0
2812500.0
177 15 20
1562500.0
1171875.0
1093750.0
1000 15 20
2.25E7
2.75E7
2.75E7
562 15 20
9375000.0
8125000.0
8750000.0
1778 15 20
6.0E7
8.5E7
1.2E8
1000 15 20
2.5E7
3.5E7
3.75E7
1000 15 20
2.5E7
2.75E7
3.25E7
562 15 20
1.0E7
8125000.0
1.0625E7
1778 15 20
6.0E7
1.1E8
1.2E8
1778 15 20
6.0E7
1.2E8
1.2E8
562 15 20
9375000.0
1.75E7
3.75E7
1000 15 20
2.5E7
7.0E7
8.0E7
1000 15 20
2.5E7
3.75E7
3.75E7
562 15 20
9375000.0
1.0625E7
1.0625E7
1778 15 20
5.5E7
8.5E7
6.5E7
562 15 20
1.0E7
1.0E7
1.1875E7
1778 15 20
6.0E7
7.5E7
7.5E7
1778 15 20
6.0E7
8.0E7
7.5E7
1778 15 20
6.5E7
1.9E8
2.8E8
1000 15 20
2.5E7
4.25E7
2.75E7
1778 15 20
6.5E7
1.25E8
1.1E8
1000 15 20
2.375E7
4.5E7
2.75E7
1778 15 20
6.5E7
2.5E8
2.2E8
562 15 20
9375000.0
1.9375E7
8750000.0
562 15 20
1.0E7
1.25E7
7500000.0
3162 15 20
1.6E8
2.6E8
1.6E8
1000 15 20
2.75E7
4.0E7
2.75E7
3162 15 20
1.7E8
2.6E8
1.6E8
1000 15 20
2.625E7
3.5E7
2.25E7
562 15 20
9375000.0
2.25E7
9375000.0
3162 15 20
1.6E8
3.3E8
2.0E8
1778 15 20
6.0E7
2.15E8
7.5E7
1000 15 20
2.625E7
3.75E7
2.625E7
3162 15 20
1.7E8
5.7E8
1.8E8
3162 15 20
1.6E8
1.9E8
1.4E8
3162 15 20
2.4E8
2.0E8
1.4E8
3162 15 20
1.8E8
2.3E8
1.5E8
3162 15 20
1.5E8
2.1E8
1.5E8
3162 15 20
1.5E8
2.2E8
1.4E8
3162 15 20
1.6E8
2.1E8
1.5E8
5623 15 20
4.0E8
5.8E8
3.9E8
5623 15 20
3.9E8
5.7E8
3.8E8
5623 15 20
4.0E8
5.5E8
3.8E8
5623 15 20
4.1E8
5.5E8
4.1E8
5623 15 20
3.8E8
5.9E8
3.9E8
5623 15 20
3.8E8
6.1E8
4.1E8
5623 15 20
4.0E8
5.5E8
3.7E8
5623 15 20
3.8E8
5.8E8
3.9E8
5623 15 20
4.1E8
5.8E8
4.1E8
5623 15 20
3.9E8
6.6E8
4.2E8
10000 15 20
1.02E9
1.86E9
1.03E9
10000 15 20
1.0E9
1.96E9
9.8E8
10000 15 20
9.6E8
1.99E9
1.05E9
10000 15 20
9.7E8
2.31E9
9.5E8
10000 15 20
1.0E9
2.08E9
9.6E8
10000 15 20
9.4E8
2.03E9
9.7E8
10000 15 20
1.12E9
2.4E9
9.4E8
10000 15 20
9.8E8
2.33E9
1.03E9
10000 15 20
9.7E8
2.7E9
1.03E9
10000 15 20
9.8E8
2.85E9
9.7E8
17782 15 20
2.54E9
8.51E9
2.52E9
17782 15 20
2.5E9
8.25E9
2.77E9
17782 15 20
2.42E9
8.24E9
2.45E9
17782 15 20
2.36E9
8.67E9
2.53E9
17782 15 20
2.8E9
8.92E9
2.68E9
17782 15 20
2.39E9
9.46E9
2.64E9
17782 15 20
2.43E9
9.81E9
2.72E9
17782 15 20
2.46E9
1.029E10
2.49E9
17782 15 20
2.69E9
1.096E10
2.65E9
17782 15 20
2.67E9
1.128E10
2.61E9
31622 15 20
6.71E9
2.726E10
5.88E9
31622 15 20
6.76E9
2.703E10
5.61E9
31622 15 20
7.15E9
2.703E10
5.89E9
31622 15 20
5.95E9
2.98E10
5.84E9
31622 15 20
5.85E9
2.923E10
6.12E9
31622 15 20
6.35E9
3.081E10
6.02E9
31622 15 20
5.71E9
3.265E10
5.76E9
31622 15 20
6.66E9
3.517E10
5.74E9
31622 15 20
7.16E9
3.283E10
5.85E9
31622 15 20
6.16E9
3.396E10
5.8E9
56234 15 20
1.46E10
9.623E10
1.362E10
56234 15 20
1.45E10
9.468E10
1.286E10
56234 15 20
1.543E10
9.596E10
1.405E10
56234 15 20
1.64E10
9.582E10
1.3E10
56234 15 20
1.475E10
9.89E10
1.225E10
56234 15 20
1.488E10
9.684E10
1.3E10
56234 15 20
1.456E10
9.917E10
1.341E10
56234 15 20
1.484E10
9.696E10
1.286E10
56234 15 20
1.472E10
1.0246E11
1.279E10
56234 15 20
1.684E10
1.0168E11
1.283E10
100000 15 20
3.661E10
2.4728E11
2.876E10
100000 15 20
3.623E10
2.361E11
2.853E10
100000 15 20
3.663E10
2.4752E11
2.92E10
100000 15 20
3.494E10
2.3699E11
2.864E10
100000 15 20
3.615E10
2.4282E11
2.882E10
100000 15 20
3.556E10
2.4207E11
2.847E10
100000 15 20
3.663E10
2.442E11
2.849E10
100000 15 20
3.538E10
2.4629E11
2.856E10
100000 15 20
3.675E10
2.4717E11
2.849E10
100000 15 20
3.484E10
2.5081E11
2.852E10
