316 15 3
3750000.0
3437500.0
3750000.0
316 15 3
3750000.0
3437500.0
3750000.0
316 15 3
3750000.0
3437500.0
5937500.0
100 15 3
546875.0
546875.0
625000.0
100 15 3
585937.5
507812.5
546875.0
100 15 3
585937.5
507812.5
625000.0
100 15 3
546875.0
507812.5
664062.5
100 15 3
625000.0
546875.0
625000.0
562 15 3
9375000.0
9375000.0
2.125E7
100 15 3
546875.0
468750.0
507812.5
316 15 3
3437500.0
2968750.0
3437500.0
100 15 3
546875.0
507812.5
703125.0
100 15 3
625000.0
507812.5
703125.0
100 15 3
546875.0
546875.0
585937.5
316 15 3
4062500.0
3281250.0
3437500.0
316 15 3
3750000.0
3281250.0
3437500.0
316 15 3
3750000.0
3593750.0
3750000.0
316 15 3
3750000.0
3437500.0
3437500.0
100 15 3
585937.5
507812.5
585937.5
177 15 3
1328125.0
1250000.0
1171875.0
562 15 3
9375000.0
9375000.0
8125000.0
177 15 3
1484375.0
1328125.0
1171875.0
177 15 3
1484375.0
1484375.0
1093750.0
177 15 3
1562500.0
1250000.0
1250000.0
177 15 3
1328125.0
1250000.0
1171875.0
177 15 3
1484375.0
1171875.0
1250000.0
177 15 3
1406250.0
1250000.0
1250000.0
177 15 3
1484375.0
1406250.0
1250000.0
177 15 3
1406250.0
1562500.0
1171875.0
177 15 3
1328125.0
1562500.0
1250000.0
316 15 3
4062500.0
3281250.0
2968750.0
316 15 3
4062500.0
2968750.0
2812500.0
562 15 3
1.0E7
7500000.0
1.0E7
1778 15 3
6.0E7
8.0E7
1.1E8
1778 15 3
6.0E7
1.5E8
1.5E8
562 15 3
9375000.0
7500000.0
1.0E7
1000 15 3
2.5E7
3.0E7
2.75E7
1000 15 3
2.5E7
5.5E7
9.5E7
562 15 3
1.0E7
1.0E7
8750000.0
1000 15 3
2.5E7
3.0E7
4.0E7
1000 15 3
2.625E7
5.5E7
9.5E7
562 15 3
8750000.0
8750000.0
1.375E7
562 15 3
9375000.0
1.0E7
1.3125E7
1778 15 3
6.5E7
1.05E8
1.6E8
1778 15 3
6.0E7
7.0E7
1.35E8
562 15 3
9375000.0
1.25E7
3.0E7
1000 15 3
2.75E7
3.25E7
4.25E7
1778 15 3
6.5E7
9.5E7
1.2E8
1000 15 3
2.5E7
3.75E7
5.25E7
1000 15 3
2.375E7
3.5E7
4.25E7
1000 15 3
2.5E7
3.75E7
5.0E7
1778 15 3
6.0E7
1.2E8
2.2E8
1000 15 3
2.5E7
3.75E7
3.75E7
1778 15 3
6.0E7
1.45E8
2.5E8
1778 15 3
6.5E7
2.25E8
1.4E8
1778 15 3
6.0E7
8.5E7
7.5E7
3162 15 3
1.6E8
2.7E8
2.0E8
562 15 3
9375000.0
1.0625E7
8125000.0
3162 15 3
1.5E8
2.5E8
2.0E8
562 15 3
9375000.0
8750000.0
7500000.0
3162 15 3
1.6E8
4.2E8
1.8E8
3162 15 3
1.6E8
3.3E8
2.5E8
1778 15 3
6.5E7
8.5E7
6.0E7
1000 15 3
2.25E7
2.25E7
2.0E7
3162 15 3
1.6E8
2.0E8
1.4E8
3162 15 3
2.4E8
1.9E8
1.4E8
3162 15 3
1.7E8
1.8E8
1.5E8
3162 15 3
1.7E8
1.8E8
1.4E8
3162 15 3
1.9E8
1.7E8
1.4E8
3162 15 3
1.6E8
1.7E8
1.4E8
5623 15 3
4.0E8
6.2E8
4.5E8
5623 15 3
4.0E8
6.3E8
4.1E8
5623 15 3
3.9E8
7.2E8
4.6E8
5623 15 3
3.9E8
8.2E8
4.0E8
5623 15 3
3.8E8
8.1E8
4.0E8
5623 15 3
4.1E8
7.2E8
5.1E8
5623 15 3
4.0E8
7.9E8
4.6E8
5623 15 3
4.0E8
6.7E8
5.1E8
5623 15 3
3.9E8
8.7E8
4.5E8
5623 15 3
4.0E8
8.5E8
4.5E8
10000 15 3
9.4E8
2.02E9
1.0E9
10000 15 3
9.7E8
2.08E9
1.04E9
10000 15 3
9.6E8
1.99E9
9.7E8
10000 15 3
9.8E8
2.31E9
9.6E8
10000 15 3
9.8E8
2.51E9
9.7E8
10000 15 3
9.4E8
2.4E9
1.27E9
10000 15 3
1.01E9
2.48E9
1.04E9
10000 15 3
9.9E8
2.4E9
1.11E9
10000 15 3
9.8E8
2.73E9
1.09E9
10000 15 3
1.14E9
2.44E9
1.11E9
17782 15 3
2.41E9
7.32E9
2.48E9
17782 15 3
2.35E9
7.45E9
2.56E9
17782 15 3
2.34E9
7.31E9
2.5E9
17782 15 3
2.35E9
7.36E9
2.86E9
17782 15 3
2.32E9
7.39E9
2.71E9
17782 15 3
2.38E9
7.78E9
2.43E9
17782 15 3
2.55E9
7.28E9
2.53E9
17782 15 3
2.32E9
7.67E9
2.83E9
17782 15 3
2.62E9
7.56E9
2.76E9
17782 15 3
2.63E9
8.1E9
2.7E9
31622 15 3
6.77E9
2.424E10
5.77E9
31622 15 3
5.81E9
2.577E10
5.95E9
31622 15 3
6.03E9
2.743E10
6.03E9
31622 15 3
6.16E9
3.097E10
5.96E9
31622 15 3
7.49E9
2.931E10
5.76E9
31622 15 3
5.99E9
3.045E10
5.99E9
31622 15 3
5.99E9
3.053E10
6.05E9
31622 15 3
6.03E9
3.318E10
6.08E9
31622 15 3
5.87E9
3.342E10
5.94E9
31622 15 3
6.48E9
3.375E10
6.1E9
56234 15 3
1.51E10
9.63E10
1.265E10
56234 15 3
1.454E10
9.615E10
1.262E10
56234 15 3
1.51E10
9.601E10
1.285E10
56234 15 3
1.681E10
9.967E10
1.326E10
56234 15 3
1.436E10
9.924E10
1.358E10
56234 15 3
1.607E10
9.911E10
1.276E10
56234 15 3
2.038E10
9.753E10
1.173E10
56234 15 3
1.469E10
1.0203E11
1.386E10
56234 15 3
1.931E10
9.711E10
1.415E10
56234 15 3
1.5E10
1.0378E11
1.402E10
100000 15 3
3.713E10
2.3845E11
2.854E10
100000 15 3
3.546E10
2.3665E11
2.88E10
100000 15 3
4.04E10
2.3167E11
2.891E10
100000 15 3
3.498E10
2.3889E11
2.891E10
100000 15 3
3.614E10
2.4797E11
2.866E10
100000 15 3
3.629E10
2.4361E11
3.006E10
100000 15 3
3.537E10
2.4988E11
2.894E10
100000 15 3
3.996E10
2.4643E11
2.882E10
100000 15 3
4.047E10
2.4664E11
2.876E10
100000 15 3
3.894E10
2.4262E11
3.016E10
