100 7 3
585937.5
429687.5
429687.5
100 7 3
546875.0
429687.5
468750.0
100 7 3
507812.5
429687.5
429687.5
316 7 3
3437500.0
3281250.0
3437500.0
562 7 3
8750000.0
9375000.0
8125000.0
100 7 3
507812.5
410156.25
429687.5
177 7 3
1406250.0
1015625.0
1093750.0
562 7 3
8750000.0
9375000.0
8125000.0
100 7 3
585937.5
410156.25
429687.5
177 7 3
1328125.0
1171875.0
1093750.0
100 7 3
546875.0
390625.0
429687.5
177 7 3
1406250.0
1093750.0
1093750.0
177 7 3
1406250.0
1171875.0
1093750.0
177 7 3
1484375.0
1015625.0
1093750.0
177 7 3
1328125.0
1171875.0
1171875.0
100 7 3
585937.5
429687.5
429687.5
177 7 3
1484375.0
1093750.0
1093750.0
100 7 3
546875.0
429687.5
429687.5
177 7 3
1406250.0
1093750.0
1093750.0
177 7 3
1406250.0
1015625.0
1093750.0
177 7 3
1406250.0
1093750.0
1093750.0
316 7 3
3437500.0
3281250.0
3125000.0
316 7 3
3437500.0
3125000.0
2968750.0
316 7 3
3437500.0
3125000.0
3125000.0
316 7 3
3437500.0
2968750.0
2968750.0
316 7 3
3750000.0
3125000.0
3125000.0
316 7 3
3437500.0
3281250.0
3125000.0
100 7 3
546875.0
371093.75
410156.25
100 7 3
468750.0
390625.0
410156.25
316 7 3
3437500.0
2968750.0
2812500.0
316 7 3
3593750.0
2968750.0
2812500.0
316 7 3
3281250.0
2968750.0
2812500.0
562 7 3
9375000.0
8125000.0
8125000.0
562 7 3
8750000.0
8125000.0
9375000.0
562 7 3
8750000.0
8125000.0
1.0E7
562 7 3
8750000.0
8750000.0
8125000.0
1778 7 3
5.5E7
9.0E7
5.5E7
3162 7 3
1.3E8
2.5E8
1.4E8
1778 7 3
5.75E7
1.2E8
5.5E7
562 7 3
8750000.0
1.25E7
7500000.0
562 7 3
8750000.0
1.0625E7
7500000.0
1778 7 3
6.25E7
1.1E8
5.5E7
562 7 3
8750000.0
1.3125E7
7500000.0
1000 7 3
2.0E7
3.0E7
1.875E7
1778 7 3
5.5E7
8.0E7
5.0E7
1000 7 3
2.125E7
3.75E7
2.0E7
562 7 3
8750000.0
1.3125E7
8125000.0
1000 7 3
2.125E7
2.75E7
1.875E7
1778 7 3
5.5E7
8.0E7
5.0E7
1000 7 3
2.25E7
3.0E7
2.0E7
1000 7 3
2.25E7
3.5E7
2.0E7
1000 7 3
2.125E7
3.75E7
1.875E7
1778 7 3
5.5E7
8.0E7
5.0E7
1000 7 3
2.125E7
3.75E7
1.875E7
1000 7 3
2.125E7
4.0E7
1.875E7
3162 7 3
1.4E8
2.4E8
1.2E8
1000 7 3
2.25E7
3.5E7
2.0E7
1778 7 3
5.5E7
8.0E7
5.0E7
1000 7 3
2.125E7
4.0E7
1.875E7
3162 7 3
1.3E8
2.7E8
1.2E8
3162 7 3
1.7E8
2.7E8
1.2E8
1778 7 3
5.5E7
8.0E7
4.75E7
1778 7 3
5.25E7
8.0E7
5.0E7
1778 7 3
5.25E7
8.0E7
4.75E7
3162 7 3
1.3E8
2.3E8
1.3E8
3162 7 3
1.4E8
2.1E8
1.2E8
3162 7 3
1.4E8
2.3E8
1.3E8
3162 7 3
1.3E8
2.3E8
1.2E8
3162 7 3
1.3E8
2.4E8
1.2E8
3162 7 3
1.3E8
2.3E8
1.2E8
5623 7 3
3.0E8
7.6E8
3.1E8
5623 7 3
3.1E8
7.8E8
3.0E8
5623 7 3
3.0E8
7.9E8
3.0E8
5623 7 3
3.1E8
8.1E8
3.1E8
5623 7 3
3.0E8
8.2E8
3.3E8
5623 7 3
3.1E8
7.5E8
3.0E8
5623 7 3
3.0E8
8.6E8
3.3E8
5623 7 3
3.1E8
9.3E8
3.1E8
5623 7 3
3.1E8
9.1E8
3.0E8
5623 7 3
3.0E8
7.9E8
3.0E8
10000 7 3
7.4E8
2.59E9
7.4E8
10000 7 3
7.2E8
2.83E9
7.4E8
10000 7 3
7.3E8
2.58E9
7.5E8
10000 7 3
7.3E8
2.95E9
7.6E8
10000 7 3
7.2E8
2.94E9
7.5E8
10000 7 3
7.4E8
2.93E9
7.5E8
10000 7 3
7.2E8
3.02E9
7.6E8
10000 7 3
7.2E8
3.14E9
7.7E8
10000 7 3
7.2E8
3.03E9
7.7E8
10000 7 3
7.0E8
3.07E9
7.6E8
17782 7 3
1.77E9
1.007E10
1.77E9
17782 7 3
1.71E9
1.034E10
1.85E9
17782 7 3
1.82E9
1.098E10
1.77E9
17782 7 3
1.76E9
1.077E10
1.78E9
17782 7 3
1.89E9
1.053E10
1.88E9
17782 7 3
1.77E9
9.85E9
1.77E9
17782 7 3
1.77E9
1.107E10
1.87E9
17782 7 3
1.73E9
1.171E10
1.77E9
17782 7 3
1.72E9
1.245E10
1.81E9
17782 7 3
1.74E9
1.251E10
1.78E9
31622 7 3
4.29E9
4.627E10
3.99E9
31622 7 3
4.37E9
4.641E10
4.17E9
31622 7 3
4.28E9
4.637E10
4.02E9
31622 7 3
4.1E9
4.832E10
4.52E9
31622 7 3
4.4E9
5.168E10
4.18E9
31622 7 3
4.01E9
5.244E10
3.81E9
31622 7 3
4.52E9
5.136E10
5.08E9
31622 7 3
4.25E9
5.15E10
4.28E9
31622 7 3
4.03E9
5.214E10
5.18E9
31622 7 3
4.29E9
5.774E10
4.1E9
56234 7 3
9.69E9
1.4175E11
8.5E9
56234 7 3
1.07E10
1.419E11
8.64E9
56234 7 3
9.49E9
1.4729E11
8.24E9
56234 7 3
9.84E9
1.5189E11
7.87E9
56234 7 3
1.004E10
1.5238E11
8.23E9
56234 7 3
1.073E10
1.5404E11
7.88E9
56234 7 3
9.57E9
1.5501E11
8.09E9
56234 7 3
9.55E9
1.6302E11
8.47E9
56234 7 3
9.53E9
1.6673E11
7.7E9
56234 7 3
1.159E10
1.6848E11
7.57E9
100000 7 3
2.257E10
3.7808E11
1.586E10
100000 7 3
2.167E10
3.8215E11
1.868E10
100000 7 3
3.734E10
3.7351E11
1.648E10
100000 7 3
2.23E10
4.0754E11
1.755E10
100000 7 3
2.232E10
3.9692E11
1.949E10
100000 7 3
2.224E10
4.1829E11
1.445E10
100000 7 3
2.741E10
4.0619E11
1.596E10
100000 7 3
2.188E10
4.1727E11
1.651E10
100000 7 3
2.198E10
4.1948E11
1.648E10
100000 7 3
2.271E10
4.2029E11
1.695E10
