100 10 2
546875.0
429687.5
429687.5
100 10 2
507812.5
468750.0
468750.0
100 10 2
546875.0
429687.5
429687.5
100 10 2
546875.0
429687.5
429687.5
100 10 2
507812.5
429687.5
468750.0
100 10 2
546875.0
468750.0
429687.5
100 10 2
625000.0
429687.5
429687.5
100 10 2
507812.5
429687.5
468750.0
177 10 2
1406250.0
1093750.0
1015625.0
316 10 2
3437500.0
3437500.0
3281250.0
100 10 2
585937.5
410156.25
468750.0
562 10 2
9375000.0
8750000.0
1.0625E7
177 10 2
1328125.0
1171875.0
1171875.0
177 10 2
1406250.0
1171875.0
1328125.0
100 10 2
546875.0
449218.75
429687.5
177 10 2
1406250.0
1171875.0
1093750.0
177 10 2
1484375.0
1015625.0
1484375.0
177 10 2
1250000.0
1015625.0
1484375.0
316 10 2
3437500.0
3125000.0
3437500.0
562 10 2
8750000.0
8750000.0
9375000.0
177 10 2
1406250.0
1093750.0
1484375.0
177 10 2
1328125.0
1093750.0
1484375.0
177 10 2
1484375.0
1093750.0
1015625.0
316 10 2
3437500.0
2968750.0
3593750.0
316 10 2
3437500.0
3125000.0
3281250.0
177 10 2
1484375.0
1015625.0
1328125.0
316 10 2
3750000.0
2968750.0
3125000.0
316 10 2
3437500.0
3125000.0
3125000.0
316 10 2
3750000.0
2968750.0
3437500.0
316 10 2
3437500.0
2812500.0
3281250.0
316 10 2
3437500.0
2968750.0
2656250.0
316 10 2
3437500.0
3437500.0
2656250.0
562 10 2
8750000.0
7500000.0
1.625E7
562 10 2
1.125E7
8125000.0
2.25E7
562 10 2
1.0E7
8750000.0
1.0625E7
562 10 2
9375000.0
8750000.0
1.0625E7
1778 10 2
5.5E7
8.0E7
6.5E7
562 10 2
9375000.0
8750000.0
8750000.0
1778 10 2
5.5E7
8.0E7
7.0E7
562 10 2
1.0E7
8125000.0
1.0E7
562 10 2
8750000.0
8750000.0
1.0E7
1000 10 2
2.375E7
3.0E7
8.0E7
1778 10 2
5.5E7
8.5E7
1.7E8
562 10 2
1.0E7
8750000.0
1.0E7
1778 10 2
6.0E7
1.15E8
6.0E7
1000 10 2
2.125E7
2.75E7
4.75E7
1778 10 2
5.5E7
9.5E7
7.0E7
1778 10 2
6.0E7
1.2E8
1.3E8
1000 10 2
2.25E7
3.0E7
2.75E7
1778 10 2
6.0E7
9.5E7
7.0E7
1000 10 2
2.125E7
2.75E7
3.0E7
1778 10 2
5.5E7
8.5E7
1.05E8
1778 10 2
6.0E7
9.5E7
7.0E7
3162 10 2
1.4E8
2.8E8
1.5E8
1000 10 2
2.25E7
5.5E7
2.125E7
1778 10 2
6.0E7
1.0E8
6.0E7
3162 10 2
1.4E8
3.0E8
1.6E8
1000 10 2
2.25E7
5.5E7
2.125E7
1000 10 2
2.25E7
2.75E7
2.125E7
1000 10 2
2.25E7
3.0E7
2.125E7
3162 10 2
1.4E8
3.3E8
1.6E8
3162 10 2
1.5E8
3.0E8
1.6E8
1000 10 2
2.25E7
4.0E7
2.125E7
1000 10 2
2.25E7
4.25E7
2.125E7
3162 10 2
1.7E8
1.9E8
1.4E8
3162 10 2
1.3E8
1.9E8
1.3E8
3162 10 2
1.3E8
1.8E8
1.3E8
3162 10 2
1.6E8
2.0E8
1.4E8
3162 10 2
1.5E8
1.9E8
1.4E8
3162 10 2
1.4E8
2.0E8
1.4E8
5623 10 2
3.6E8
6.2E8
3.5E8
5623 10 2
3.5E8
6.4E8
3.6E8
5623 10 2
3.6E8
6.4E8
3.6E8
5623 10 2
3.5E8
6.9E8
3.4E8
5623 10 2
3.7E8
6.9E8
3.4E8
5623 10 2
3.6E8
7.0E8
3.6E8
5623 10 2
3.6E8
6.9E8
3.6E8
5623 10 2
3.5E8
6.4E8
3.6E8
5623 10 2
3.5E8
6.8E8
3.7E8
5623 10 2
3.6E8
7.0E8
3.5E8
10000 10 2
8.6E8
2.36E9
8.7E8
10000 10 2
9.3E8
2.44E9
9.3E8
10000 10 2
9.2E8
2.48E9
9.1E8
10000 10 2
8.9E8
2.41E9
9.6E8
10000 10 2
9.2E8
2.65E9
8.7E8
10000 10 2
8.9E8
2.69E9
9.1E8
10000 10 2
9.1E8
2.62E9
8.8E8
10000 10 2
8.9E8
2.72E9
9.5E8
10000 10 2
9.1E8
2.64E9
9.2E8
10000 10 2
8.7E8
2.6E9
9.1E8
17782 10 2
2.26E9
9.28E9
2.17E9
17782 10 2
2.25E9
9.61E9
2.3E9
17782 10 2
2.13E9
9.91E9
2.19E9
17782 10 2
2.1E9
9.96E9
2.32E9
17782 10 2
2.21E9
1.007E10
2.14E9
17782 10 2
2.27E9
1.139E10
2.18E9
17782 10 2
2.47E9
1.119E10
2.28E9
17782 10 2
2.21E9
1.202E10
2.23E9
17782 10 2
2.4E9
1.105E10
2.43E9
17782 10 2
2.25E9
1.181E10
2.18E9
31622 10 2
5.38E9
4.053E10
5.44E9
31622 10 2
5.39E9
4.0E10
5.4E9
31622 10 2
5.37E9
4.165E10
5.49E9
31622 10 2
5.33E9
4.313E10
5.53E9
31622 10 2
6.11E9
4.366E10
5.41E9
31622 10 2
6.3E9
4.453E10
5.43E9
31622 10 2
6.07E9
4.931E10
5.19E9
31622 10 2
5.75E9
5.028E10
5.13E9
31622 10 2
5.35E9
5.578E10
4.84E9
31622 10 2
7.1E9
5.69E10
5.26E9
56234 10 2
1.359E10
1.1719E11
1.13E10
56234 10 2
1.317E10
1.2505E11
1.187E10
56234 10 2
1.381E10
1.2446E11
1.21E10
56234 10 2
1.304E10
1.272E11
1.203E10
56234 10 2
1.476E10
1.306E11
1.161E10
56234 10 2
1.446E10
1.2935E11
1.091E10
56234 10 2
1.31E10
1.3151E11
1.127E10
56234 10 2
1.302E10
1.3215E11
1.214E10
56234 10 2
1.311E10
1.3101E11
1.221E10
56234 10 2
1.357E10
1.3177E11
1.221E10
100000 10 2
3.265E10
2.9593E11
2.557E10
100000 10 2
3.212E10
3.074E11
2.545E10
100000 10 2
3.958E10
3.0159E11
2.455E10
100000 10 2
3.223E10
3.0932E11
2.548E10
100000 10 2
3.327E10
3.1438E11
2.362E10
100000 10 2
3.703E10
3.0496E11
2.537E10
100000 10 2
3.237E10
3.0913E11
2.572E10
100000 10 2
3.227E10
3.2582E11
2.538E10
100000 10 2
3.118E10
3.1969E11
2.539E10
100000 10 2
3.445E10
3.3295E11
2.566E10
