316 7 2
3437500.0
3437500.0
316 7 2
3437500.0
3437500.0
316 7 2
3437500.0
3437500.0
100 7 2
546875.0
429687.5
316 7 2
3750000.0
3437500.0
100 7 2
507812.5
429687.5
100 7 2
546875.0
429687.5
100 7 2
546875.0
429687.5
100 7 2
585937.5
468750.0
100 7 2
546875.0
429687.5
100 7 2
507812.5
429687.5
316 7 2
3437500.0
3437500.0
316 7 2
3437500.0
3750000.0
100 7 2
585937.5
429687.5
100 7 2
546875.0
429687.5
562 7 2
8125000.0
9375000.0
562 7 2
9375000.0
8750000.0
177 7 2
1328125.0
1093750.0
177 7 2
1328125.0
1171875.0
316 7 2
3750000.0
2968750.0
177 7 2
1406250.0
1015625.0
177 7 2
1328125.0
1093750.0
177 7 2
1406250.0
1093750.0
177 7 2
1406250.0
1093750.0
177 7 2
1484375.0
1093750.0
177 7 2
1406250.0
1093750.0
100 7 2
546875.0
390625.0
177 7 2
1406250.0
1015625.0
316 7 2
3437500.0
2968750.0
177 7 2
1406250.0
1015625.0
316 7 2
3281250.0
2968750.0
316 7 2
3437500.0
2968750.0
1778 7 2
5.5E7
1.1E8
562 7 2
8750000.0
1.125E7
562 7 2
8750000.0
9375000.0
562 7 2
8750000.0
1.0625E7
562 7 2
8750000.0
1.0625E7
1000 7 2
2.0E7
3.25E7
1000 7 2
2.125E7
4.25E7
1000 7 2
2.125E7
3.75E7
562 7 2
8750000.0
1.0625E7
1000 7 2
2.125E7
7.5E7
1000 7 2
2.25E7
3.25E7
562 7 2
8750000.0
1.1875E7
1000 7 2
2.0E7
3.5E7
1000 7 2
2.125E7
4.0E7
562 7 2
9375000.0
1.375E7
1778 7 2
5.5E7
1.2E8
1778 7 2
5.0E7
1.5E8
1000 7 2
2.125E7
3.0E7
1778 7 2
5.5E7
1.0E8
562 7 2
9375000.0
8750000.0
1000 7 2
2.0E7
3.75E7
1778 7 2
5.5E7
8.5E7
1778 7 2
5.5E7
1.0E8
1778 7 2
5.5E7
1.1E8
1778 7 2
5.5E7
1.0E8
1000 7 2
2.125E7
2.75E7
3162 7 2
1.3E8
3.5E8
3162 7 2
1.2E8
3.5E8
1778 7 2
5.25E7
7.5E7
3162 7 2
1.3E8
2.6E8
1778 7 2
5.0E7
8.0E7
3162 7 2
1.4E8
2.6E8
3162 7 2
1.5E8
2.5E8
3162 7 2
1.3E8
2.4E8
3162 7 2
1.5E8
2.3E8
3162 7 2
1.3E8
2.3E8
3162 7 2
1.4E8
2.5E8
3162 7 2
1.3E8
2.3E8
5623 7 2
3.0E8
8.1E8
5623 7 2
3.1E8
9.3E8
5623 7 2
2.9E8
9.3E8
5623 7 2
2.9E8
9.6E8
5623 7 2
3.0E8
1.01E9
5623 7 2
3.1E8
9.7E8
5623 7 2
3.1E8
1.02E9
5623 7 2
3.0E8
9.7E8
5623 7 2
3.0E8
8.5E8
5623 7 2
3.1E8
1.09E9
10000 7 2
7.4E8
2.93E9
10000 7 2
7.5E8
3.02E9
10000 7 2
7.9E8
3.22E9
10000 7 2
7.5E8
3.13E9
10000 7 2
8.0E8
3.14E9
10000 7 2
7.4E8
3.41E9
10000 7 2
8.4E8
3.07E9
10000 7 2
8.0E8
3.53E9
10000 7 2
7.2E8
3.28E9
10000 7 2
7.4E8
3.83E9
17782 7 2
1.8E9
1.024E10
17782 7 2
1.85E9
1.123E10
17782 7 2
1.99E9
1.093E10
17782 7 2
1.95E9
1.129E10
17782 7 2
1.71E9
1.187E10
17782 7 2
1.72E9
1.128E10
17782 7 2
1.81E9
1.133E10
17782 7 2
1.74E9
1.103E10
17782 7 2
1.78E9
1.354E10
17782 7 2
1.7E9
1.509E10
31622 7 2
4.26E9
4.221E10
31622 7 2
4.36E9
4.372E10
31622 7 2
4.1E9
4.407E10
31622 7 2
4.36E9
4.439E10
31622 7 2
4.12E9
4.468E10
31622 7 2
4.15E9
4.842E10
31622 7 2
4.28E9
4.931E10
31622 7 2
4.67E9
4.862E10
31622 7 2
5.38E9
4.775E10
31622 7 2
4.18E9
5.086E10
56234 7 2
1.037E10
1.3383E11
56234 7 2
1.017E10
1.421E11
56234 7 2
1.045E10
1.4315E11
56234 7 2
9.59E9
1.466E11
56234 7 2
9.83E9
1.4698E11
56234 7 2
9.49E9
1.4927E11
56234 7 2
9.51E9
1.5028E11
56234 7 2
9.83E9
1.5269E11
56234 7 2
9.96E9
1.5698E11
56234 7 2
1.147E10
1.5997E11
100000 7 2
2.341E10
3.704E11
100000 7 2
2.175E10
3.7321E11
100000 7 2
2.221E10
3.8401E11
100000 7 2
2.245E10
3.8621E11
100000 7 2
2.247E10
3.8775E11
100000 7 2
2.169E10
3.8716E11
100000 7 2
2.253E10
3.8778E11
100000 7 2
2.105E10
4.0244E11
100000 7 2
2.259E10
3.918E11
100000 7 2
2.256E10
4.0568E11
