100 8 1
507812.5
429687.5
316 8 1
3437500.0
3437500.0
100 8 1
546875.0
468750.0
100 8 1
546875.0
429687.5
100 8 1
546875.0
429687.5
100 8 1
507812.5
468750.0
100 8 1
546875.0
429687.5
100 8 1
546875.0
429687.5
316 8 1
3750000.0
3437500.0
100 8 1
585937.5
429687.5
316 8 1
3437500.0
3437500.0
100 8 1
507812.5
468750.0
100 8 1
468750.0
429687.5
562 8 1
8750000.0
9375000.0
562 8 1
8750000.0
9375000.0
177 8 1
1406250.0
1093750.0
316 8 1
3437500.0
3281250.0
316 8 1
3750000.0
3281250.0
177 8 1
1328125.0
1093750.0
177 8 1
1406250.0
1015625.0
177 8 1
1406250.0
1171875.0
177 8 1
1328125.0
1093750.0
177 8 1
1406250.0
937500.0
316 8 1
3437500.0
3281250.0
177 8 1
1406250.0
1015625.0
316 8 1
3437500.0
2968750.0
177 8 1
1406250.0
1093750.0
177 8 1
1406250.0
1015625.0
177 8 1
1406250.0
1093750.0
316 8 1
2968750.0
2812500.0
316 8 1
3281250.0
2968750.0
316 8 1
3437500.0
2812500.0
1778 8 1
6.0E7
1.1E8
562 8 1
8125000.0
9375000.0
562 8 1
8750000.0
1.0E7
562 8 1
9375000.0
1.25E7
562 8 1
8750000.0
1.25E7
562 8 1
8750000.0
9375000.0
1000 8 1
2.25E7
3.75E7
1000 8 1
2.0E7
3.75E7
562 8 1
8750000.0
1.125E7
1778 8 1
5.5E7
9.5E7
562 8 1
9375000.0
1.1875E7
1778 8 1
6.0E7
8.5E7
562 8 1
8750000.0
9375000.0
1778 8 1
5.5E7
8.0E7
1000 8 1
2.125E7
3.0E7
1000 8 1
2.25E7
2.75E7
1000 8 1
2.375E7
3.0E7
1778 8 1
5.5E7
1.15E8
1778 8 1
5.5E7
8.5E7
1778 8 1
6.0E7
1.1E8
1778 8 1
5.5E7
1.1E8
1000 8 1
2.375E7
3.0E7
1778 8 1
6.0E7
1.25E8
1000 8 1
2.375E7
3.0E7
1000 8 1
2.25E7
3.0E7
3162 8 1
1.4E8
2.5E8
3162 8 1
1.4E8
3.4E8
3162 8 1
1.5E8
2.4E8
3162 8 1
1.5E8
2.7E8
1778 8 1
6.0E7
8.0E7
1000 8 1
2.5E7
2.5E7
1000 8 1
2.125E7
2.5E7
3162 8 1
1.4E8
2.2E8
3162 8 1
1.8E8
2.2E8
3162 8 1
1.4E8
2.1E8
3162 8 1
1.3E8
2.3E8
3162 8 1
1.3E8
2.3E8
3162 8 1
1.6E8
2.4E8
5623 8 1
3.4E8
8.0E8
5623 8 1
3.4E8
7.9E8
5623 8 1
3.4E8
7.6E8
5623 8 1
3.6E8
8.6E8
5623 8 1
3.5E8
9.8E8
5623 8 1
3.3E8
8.8E8
5623 8 1
3.3E8
9.2E8
5623 8 1
3.4E8
1.02E9
5623 8 1
3.5E8
9.5E8
5623 8 1
3.5E8
9.6E8
10000 8 1
8.1E8
2.87E9
10000 8 1
8.3E8
2.92E9
10000 8 1
8.5E8
3.04E9
10000 8 1
8.5E8
3.79E9
10000 8 1
8.4E8
3.81E9
10000 8 1
8.5E8
3.95E9
10000 8 1
8.3E8
4.04E9
10000 8 1
8.7E8
4.01E9
10000 8 1
8.4E8
4.14E9
10000 8 1
8.3E8
4.13E9
17782 8 1
2.39E9
8.89E9
17782 8 1
2.16E9
1.044E10
17782 8 1
2.03E9
1.068E10
17782 8 1
2.11E9
1.075E10
17782 8 1
2.18E9
1.1E10
17782 8 1
2.05E9
1.071E10
17782 8 1
2.04E9
1.109E10
17782 8 1
2.21E9
1.075E10
17782 8 1
2.03E9
1.148E10
17782 8 1
2.06E9
1.173E10
31622 8 1
4.86E9
3.506E10
31622 8 1
5.08E9
3.701E10
31622 8 1
4.87E9
3.526E10
31622 8 1
5.38E9
3.639E10
31622 8 1
4.83E9
3.823E10
31622 8 1
5.12E9
3.98E10
31622 8 1
4.95E9
3.942E10
31622 8 1
5.44E9
4.035E10
31622 8 1
5.4E9
4.075E10
31622 8 1
5.55E9
4.121E10
56234 8 1
1.21E10
1.2542E11
56234 8 1
1.156E10
1.2872E11
56234 8 1
1.23E10
1.34E11
56234 8 1
1.155E10
1.3227E11
56234 8 1
1.155E10
1.347E11
56234 8 1
1.128E10
1.3629E11
56234 8 1
1.461E10
1.3363E11
56234 8 1
1.131E10
1.363E11
56234 8 1
1.131E10
1.3999E11
56234 8 1
1.154E10
1.4257E11
100000 8 1
2.67E10
3.5023E11
100000 8 1
2.746E10
3.571E11
100000 8 1
2.667E10
3.6408E11
100000 8 1
2.699E10
3.6556E11
100000 8 1
4.101E10
3.5272E11
100000 8 1
2.918E10
3.8082E11
100000 8 1
2.862E10
3.7435E11
100000 8 1
2.823E10
3.8454E11
100000 8 1
2.607E10
3.7822E11
100000 8 1
2.71E10
3.8106E11
