316 4 5
1875000.0
3437500.0
316 4 5
2031250.0
3437500.0
316 4 5
1875000.0
3437500.0
177 4 5
859375.0
1093750.0
316 4 5
2031250.0
3437500.0
316 4 5
2343750.0
3750000.0
316 4 5
2031250.0
3437500.0
177 4 5
937500.0
1171875.0
177 4 5
859375.0
1093750.0
177 4 5
859375.0
1093750.0
177 4 5
859375.0
1171875.0
316 4 5
1875000.0
3437500.0
177 4 5
859375.0
1171875.0
177 4 5
859375.0
1093750.0
316 4 5
2031250.0
3750000.0
177 4 5
937500.0
1171875.0
177 4 5
859375.0
1093750.0
100 4 5
390625.0
429687.5
100 4 5
429687.5
390625.0
100 4 5
371093.75
429687.5
100 4 5
429687.5
390625.0
100 4 5
390625.0
429687.5
562 4 5
4687500.0
1.0E7
177 4 5
937500.0
1171875.0
562 4 5
4375000.0
1.0E7
316 4 5
1875000.0
3593750.0
316 4 5
2031250.0
3593750.0
100 4 5
390625.0
410156.25
100 4 5
371093.75
371093.75
100 4 5
371093.75
390625.0
100 4 5
390625.0
371093.75
100 4 5
351562.5
390625.0
1000 4 5
1.0E7
3.0E7
1778 4 5
2.25E7
1.1E8
1000 4 5
9375000.0
3.5E7
1778 4 5
2.25E7
1.1E8
1000 4 5
1.0E7
3.5E7
1000 4 5
9375000.0
3.75E7
1000 4 5
1.0E7
3.75E7
1000 4 5
1.0E7
3.5E7
562 4 5
4375000.0
1.0E7
1000 4 5
9375000.0
3.5E7
562 4 5
4375000.0
1.125E7
562 4 5
4375000.0
1.1875E7
1000 4 5
9375000.0
3.25E7
1000 4 5
1.0E7
3.75E7
1778 4 5
1.875E7
8.5E7
562 4 5
4062500.0
1.125E7
562 4 5
4375000.0
1.1875E7
562 4 5
5000000.0
1.25E7
562 4 5
4687500.0
1.25E7
562 4 5
4375000.0
1.1875E7
1778 4 5
2.125E7
8.5E7
1778 4 5
2.125E7
8.0E7
1778 4 5
2.5E7
1.1E8
1778 4 5
2.625E7
1.3E8
1778 4 5
2.375E7
1.3E8
1778 4 5
2.125E7
1.0E8
1000 4 5
1.0E7
3.125E7
1778 4 5
2.625E7
1.1E8
3162 4 5
4.75E7
2.8E8
3162 4 5
5.5E7
3.3E8
3162 4 5
5.75E7
3.3E8
3162 4 5
6.0E7
3.1E8
3162 4 5
6.0E7
3.0E8
3162 4 5
5.25E7
3.6E8
3162 4 5
5.5E7
3.2E8
3162 4 5
6.0E7
3.4E8
3162 4 5
6.5E7
3.3E8
3162 4 5
5.0E7
3.3E8
5623 4 5
1.4E8
8.4E8
5623 4 5
1.2E8
9.8E8
5623 4 5
1.3E8
9.5E8
5623 4 5
1.0E8
8.2E8
5623 4 5
1.3E8
1.01E9
5623 4 5
1.6E8
1.03E9
5623 4 5
1.5E8
1.06E9
5623 4 5
1.3E8
9.8E8
5623 4 5
1.4E8
1.07E9
5623 4 5
1.4E8
1.03E9
10000 4 5
2.5E8
2.73E9
10000 4 5
2.1E8
2.87E9
10000 4 5
2.6E8
2.83E9
10000 4 5
2.2E8
2.68E9
10000 4 5
2.6E8
2.91E9
10000 4 5
2.5E8
2.91E9
10000 4 5
2.5E8
3.08E9
10000 4 5
2.5E8
3.29E9
10000 4 5
2.6E8
3.35E9
10000 4 5
2.5E8
3.51E9
17782 4 5
6.1E8
9.14E9
17782 4 5
4.6E8
9.67E9
17782 4 5
6.0E8
9.68E9
17782 4 5
5.9E8
9.52E9
17782 4 5
6.0E8
9.42E9
17782 4 5
5.5E8
1.001E10
17782 4 5
5.9E8
9.98E9
17782 4 5
7.0E8
1.047E10
17782 4 5
5.8E8
1.084E10
17782 4 5
6.4E8
1.21E10
31622 4 5
1.16E9
3.392E10
31622 4 5
1.34E9
3.583E10
31622 4 5
1.41E9
3.596E10
31622 4 5
1.11E9
3.629E10
31622 4 5
1.09E9
3.663E10
31622 4 5
1.43E9
3.722E10
31622 4 5
1.35E9
3.895E10
31622 4 5
1.56E9
3.864E10
31622 4 5
1.43E9
3.936E10
31622 4 5
1.45E9
4.068E10
56234 4 5
2.95E9
8.961E10
56234 4 5
3.03E9
9.08E10
56234 4 5
2.77E9
9.284E10
56234 4 5
2.32E9
9.464E10
56234 4 5
2.75E9
9.411E10
56234 4 5
3.05E9
9.395E10
56234 4 5
2.98E9
9.936E10
56234 4 5
2.71E9
9.788E10
56234 4 5
2.59E9
9.972E10
56234 4 5
2.89E9
1.0141E11
100000 4 5
5.31E9
2.3054E11
100000 4 5
6.61E9
2.3805E11
100000 4 5
7.18E9
2.4045E11
100000 4 5
4.69E9
2.3779E11
100000 4 5
4.5E9
2.4079E11
100000 4 5
4.3E9
2.429E11
100000 4 5
4.75E9
2.4311E11
100000 4 5
4.62E9
2.4592E11
100000 4 5
4.5E9
2.4697E11
100000 4 5
4.83E9
2.4787E11
