316 4 20
1875000.0
3437500.0
177 4 20
859375.0
937500.0
177 4 20
859375.0
1093750.0
177 4 20
859375.0
1093750.0
316 4 20
2031250.0
4375000.0
177 4 20
859375.0
1093750.0
177 4 20
859375.0
1093750.0
177 4 20
859375.0
1171875.0
316 4 20
2031250.0
3750000.0
177 4 20
859375.0
1015625.0
316 4 20
2031250.0
4062500.0
177 4 20
859375.0
1171875.0
177 4 20
1015625.0
1171875.0
562 4 20
4062500.0
1.0625E7
562 4 20
4375000.0
1.0E7
316 4 20
1875000.0
3281250.0
316 4 20
1718750.0
3437500.0
316 4 20
1875000.0
3125000.0
316 4 20
1875000.0
3593750.0
316 4 20
2031250.0
3437500.0
316 4 20
2031250.0
3437500.0
100 4 20
351562.5
312500.0
100 4 20
410156.25
292968.75
177 4 20
859375.0
1015625.0
100 4 20
390625.0
312500.0
100 4 20
410156.25
312500.0
100 4 20
410156.25
292968.75
100 4 20
410156.25
312500.0
100 4 20
449218.75
312500.0
100 4 20
410156.25
292968.75
100 4 20
449218.75
312500.0
100 4 20
468750.0
312500.0
562 4 20
4375000.0
1.5E7
562 4 20
4062500.0
1.625E7
562 4 20
4375000.0
1.375E7
562 4 20
4687500.0
1.625E7
1000 4 20
1.0E7
3.5E7
1000 4 20
1.0E7
3.25E7
1000 4 20
1.0E7
3.5E7
1778 4 20
3.0E7
1.7E8
562 4 20
4062500.0
1.125E7
562 4 20
4062500.0
1.125E7
1000 4 20
1.0625E7
4.25E7
1000 4 20
1.0625E7
3.25E7
1000 4 20
9375000.0
4.25E7
1778 4 20
2.375E7
1.3E8
1000 4 20
1.25E7
3.75E7
1000 4 20
9375000.0
4.0E7
1000 4 20
1.0625E7
4.5E7
1778 4 20
2.5E7
1.1E8
1778 4 20
2.5E7
1.4E8
1778 4 20
2.375E7
2.0E8
1778 4 20
2.75E7
1.2E8
562 4 20
4687500.0
1.75E7
562 4 20
4687500.0
1.6875E7
1778 4 20
2.375E7
2.1E8
1778 4 20
2.5E7
1.9E8
1000 4 20
1.0625E7
4.75E7
1778 4 20
2.5E7
8.0E7
1778 4 20
2.75E7
8.5E7
3162 4 20
5.25E7
2.9E8
3162 4 20
8.0E7
4.5E8
3162 4 20
5.25E7
3.5E8
3162 4 20
7.5E7
3.1E8
3162 4 20
5.5E7
3.1E8
3162 4 20
6.5E7
3.3E8
3162 4 20
7.0E7
4.1E8
3162 4 20
6.5E7
4.2E8
3162 4 20
7.0E7
4.3E8
3162 4 20
5.0E7
3.4E8
5623 4 20
1.1E8
8.8E8
5623 4 20
1.3E8
9.8E8
5623 4 20
1.3E8
9.4E8
5623 4 20
1.1E8
1.03E9
5623 4 20
1.5E8
1.01E9
5623 4 20
1.3E8
1.13E9
5623 4 20
1.4E8
1.16E9
5623 4 20
1.2E8
1.14E9
5623 4 20
1.6E8
1.18E9
5623 4 20
1.4E8
1.26E9
10000 4 20
2.8E8
3.02E9
10000 4 20
2.7E8
2.97E9
10000 4 20
2.6E8
3.14E9
10000 4 20
2.9E8
3.36E9
10000 4 20
2.8E8
3.5E9
10000 4 20
3.2E8
3.52E9
10000 4 20
2.8E8
3.53E9
10000 4 20
2.8E8
3.61E9
10000 4 20
2.6E8
3.78E9
10000 4 20
3.4E8
3.81E9
17782 4 20
6.3E8
8.97E9
17782 4 20
6.0E8
9.42E9
17782 4 20
5.8E8
9.79E9
17782 4 20
6.6E8
1.002E10
17782 4 20
6.2E8
1.032E10
17782 4 20
5.4E8
1.123E10
17782 4 20
6.4E8
1.084E10
17782 4 20
6.3E8
1.11E10
17782 4 20
5.4E8
1.176E10
17782 4 20
7.3E8
1.134E10
31622 4 20
1.14E9
3.256E10
31622 4 20
1.14E9
3.43E10
31622 4 20
1.22E9
3.451E10
31622 4 20
1.49E9
3.604E10
31622 4 20
1.16E9
3.615E10
31622 4 20
1.13E9
3.661E10
31622 4 20
1.11E9
3.781E10
31622 4 20
1.09E9
3.77E10
31622 4 20
1.19E9
3.827E10
31622 4 20
1.62E9
4.175E10
56234 4 20
2.9E9
9.023E10
56234 4 20
2.48E9
9.094E10
56234 4 20
2.6E9
9.356E10
56234 4 20
2.7E9
9.548E10
56234 4 20
2.26E9
9.875E10
56234 4 20
2.51E9
9.881E10
56234 4 20
2.89E9
9.992E10
56234 4 20
2.91E9
1.0101E11
56234 4 20
2.65E9
1.0256E11
56234 4 20
3.0E9
1.0501E11
100000 4 20
5.09E9
2.3376E11
100000 4 20
7.33E9
2.3346E11
100000 4 20
5.98E9
2.3949E11
100000 4 20
6.03E9
2.4266E11
100000 4 20
4.58E9
2.4579E11
100000 4 20
5.07E9
2.4468E11
100000 4 20
5.32E9
2.5389E11
100000 4 20
4.54E9
2.4797E11
100000 4 20
5.23E9
2.5577E11
100000 4 20
5.67E9
2.4991E11
