316 25 1
3750000.0
3437500.0
316 25 1
3750000.0
3437500.0
316 25 1
3750000.0
3750000.0
316 25 1
3750000.0
3437500.0
316 25 1
3750000.0
3437500.0
316 25 1
4062500.0
3437500.0
316 25 1
3750000.0
3437500.0
316 25 1
4062500.0
3750000.0
316 25 1
4062500.0
3437500.0
562 25 1
1.0E7
8750000.0
100 25 1
585937.5
703125.0
100 25 1
585937.5
703125.0
100 25 1
585937.5
703125.0
100 25 1
625000.0
703125.0
100 25 1
585937.5
664062.5
100 25 1
546875.0
703125.0
100 25 1
585937.5
664062.5
100 25 1
585937.5
703125.0
100 25 1
546875.0
664062.5
316 25 1
3750000.0
3593750.0
562 25 1
1.0E7
7500000.0
100 25 1
546875.0
703125.0
177 25 1
1484375.0
1562500.0
177 25 1
1484375.0
1562500.0
177 25 1
1484375.0
1484375.0
177 25 1
1562500.0
1406250.0
177 25 1
1484375.0
1484375.0
177 25 1
1484375.0
1562500.0
177 25 1
1562500.0
1562500.0
177 25 1
1484375.0
1562500.0
177 25 1
1484375.0
1484375.0
177 25 1
1640625.0
1484375.0
562 25 1
1.0E7
9375000.0
562 25 1
9375000.0
9375000.0
562 25 1
1.0E7
8750000.0
562 25 1
1.0E7
1.0E7
562 25 1
1.0E7
1.0625E7
562 25 1
1.0625E7
8750000.0
1778 25 1
6.5E7
6.0E7
562 25 1
1.0E7
1.0625E7
1778 25 1
6.5E7
6.0E7
1778 25 1
6.5E7
7.0E7
1778 25 1
6.0E7
7.0E7
1778 25 1
6.5E7
7.0E7
1778 25 1
6.5E7
6.5E7
1778 25 1
6.5E7
9.5E7
1000 25 1
2.5E7
3.5E7
1778 25 1
6.0E7
8.5E7
562 25 1
1.0E7
9375000.0
1778 25 1
6.5E7
8.5E7
1778 25 1
6.5E7
8.5E7
3162 25 1
1.7E8
2.1E8
1000 25 1
2.5E7
2.0E7
3162 25 1
1.6E8
2.3E8
1000 25 1
2.5E7
2.125E7
3162 25 1
1.6E8
1.7E8
1000 25 1
2.75E7
2.125E7
1000 25 1
2.625E7
1.875E7
1000 25 1
2.375E7
2.125E7
1000 25 1
2.625E7
2.125E7
1000 25 1
2.75E7
2.0E7
1000 25 1
2.625E7
2.125E7
1000 25 1
2.75E7
2.0E7
3162 25 1
1.6E8
1.6E8
3162 25 1
1.7E8
2.0E8
3162 25 1
1.6E8
1.6E8
3162 25 1
1.8E8
1.6E8
3162 25 1
1.7E8
1.5E8
3162 25 1
1.7E8
1.4E8
3162 25 1
1.7E8
1.6E8
5623 25 1
4.2E8
4.8E8
5623 25 1
4.2E8
5.0E8
5623 25 1
4.2E8
5.0E8
5623 25 1
4.2E8
5.1E8
5623 25 1
4.0E8
5.3E8
5623 25 1
4.0E8
5.7E8
5623 25 1
4.1E8
5.0E8
5623 25 1
4.1E8
5.5E8
5623 25 1
4.1E8
5.6E8
5623 25 1
4.1E8
4.8E8
10000 25 1
1.02E9
1.62E9
10000 25 1
1.04E9
1.59E9
10000 25 1
1.04E9
1.85E9
10000 25 1
1.04E9
1.92E9
10000 25 1
1.04E9
2.04E9
10000 25 1
1.03E9
2.12E9
10000 25 1
1.04E9
2.06E9
10000 25 1
1.03E9
2.25E9
10000 25 1
1.02E9
2.11E9
10000 25 1
1.02E9
1.95E9
17782 25 1
2.45E9
5.27E9
17782 25 1
2.65E9
5.42E9
17782 25 1
2.57E9
5.37E9
17782 25 1
2.76E9
5.81E9
17782 25 1
2.73E9
5.58E9
17782 25 1
2.7E9
5.53E9
17782 25 1
2.65E9
6.16E9
17782 25 1
2.64E9
6.02E9
17782 25 1
2.76E9
5.68E9
17782 25 1
2.77E9
6.15E9
31622 25 1
6.33E9
1.729E10
31622 25 1
6.37E9
1.842E10
31622 25 1
6.38E9
1.757E10
31622 25 1
6.36E9
1.796E10
31622 25 1
6.43E9
1.796E10
31622 25 1
6.49E9
1.845E10
31622 25 1
6.47E9
1.812E10
31622 25 1
6.5E9
1.929E10
31622 25 1
7.32E9
1.862E10
31622 25 1
7.12E9
1.911E10
56234 25 1
1.601E10
6.704E10
56234 25 1
1.62E10
6.606E10
56234 25 1
1.578E10
6.681E10
56234 25 1
1.608E10
6.736E10
56234 25 1
1.576E10
6.677E10
56234 25 1
1.562E10
6.672E10
56234 25 1
1.595E10
7.023E10
56234 25 1
1.759E10
6.519E10
56234 25 1
1.626E10
6.604E10
56234 25 1
2.071E10
6.494E10
100000 25 1
4.14E10
1.7306E11
100000 25 1
3.697E10
1.7575E11
100000 25 1
3.811E10
1.7878E11
100000 25 1
3.698E10
1.7609E11
100000 25 1
3.788E10
1.7995E11
100000 25 1
3.679E10
1.7543E11
100000 25 1
3.713E10
1.768E11
100000 25 1
3.741E10
1.7722E11
100000 25 1
3.728E10
1.7914E11
100000 25 1
3.754E10
1.7815E11
