316 5 10
2656250.0
3750000.0
177 5 10
1171875.0
1171875.0
316 5 10
2968750.0
3437500.0
100 5 10
468750.0
332031.25
100 5 10
468750.0
390625.0
177 5 10
1171875.0
1250000.0
177 5 10
1093750.0
1250000.0
100 5 10
468750.0
371093.75
177 5 10
1171875.0
1171875.0
100 5 10
468750.0
390625.0
177 5 10
1093750.0
1171875.0
316 5 10
2656250.0
3750000.0
316 5 10
2968750.0
3750000.0
177 5 10
1171875.0
1015625.0
316 5 10
2812500.0
3750000.0
177 5 10
1093750.0
1093750.0
100 5 10
468750.0
351562.5
177 5 10
1093750.0
1171875.0
316 5 10
2812500.0
3750000.0
100 5 10
468750.0
390625.0
100 5 10
468750.0
371093.75
177 5 10
1171875.0
1171875.0
316 5 10
2812500.0
3437500.0
316 5 10
2812500.0
3750000.0
100 5 10
468750.0
371093.75
177 5 10
1171875.0
1171875.0
100 5 10
507812.5
371093.75
100 5 10
507812.5
371093.75
316 5 10
2812500.0
3750000.0
562 5 10
6562500.0
9375000.0
562 5 10
8125000.0
9375000.0
316 5 10
2812500.0
3125000.0
562 5 10
6875000.0
1.375E7
1778 5 10
3.25E7
1.2E8
1778 5 10
3.5E7
1.2E8
1778 5 10
3.25E7
1.2E8
1778 5 10
3.5E7
1.1E8
1778 5 10
3.5E7
1.1E8
1778 5 10
3.75E7
1.2E8
1000 5 10
1.5E7
3.25E7
1000 5 10
1.5E7
3.5E7
1000 5 10
1.375E7
3.5E7
1000 5 10
1.5E7
3.5E7
1000 5 10
1.5E7
3.5E7
1000 5 10
1.5E7
3.25E7
1000 5 10
1.5E7
3.75E7
562 5 10
6875000.0
1.0625E7
1000 5 10
1.625E7
3.75E7
1000 5 10
1.625E7
3.5E7
1000 5 10
1.5E7
3.75E7
1778 5 10
3.75E7
1.2E8
1778 5 10
3.5E7
1.1E8
1778 5 10
3.5E7
1.1E8
1778 5 10
3.5E7
8.5E7
562 5 10
6875000.0
1.0E7
562 5 10
7187500.0
9375000.0
562 5 10
6250000.0
1.125E7
562 5 10
6875000.0
1.125E7
562 5 10
6875000.0
1.1875E7
562 5 10
7500000.0
1.1875E7
3162 5 10
8.5E7
2.8E8
3162 5 10
9.0E7
3.9E8
3162 5 10
8.5E7
3.0E8
3162 5 10
9.0E7
3.6E8
3162 5 10
8.0E7
3.2E8
3162 5 10
8.0E7
3.7E8
3162 5 10
8.5E7
3.8E8
3162 5 10
9.0E7
4.2E8
3162 5 10
9.0E7
4.9E8
3162 5 10
9.5E7
4.1E8
5623 5 10
1.8E8
1.08E9
5623 5 10
1.7E8
1.15E9
5623 5 10
1.8E8
9.8E8
5623 5 10
1.8E8
1.1E9
5623 5 10
1.8E8
1.14E9
5623 5 10
1.9E8
1.17E9
5623 5 10
1.8E8
1.09E9
5623 5 10
1.8E8
1.26E9
5623 5 10
1.8E8
1.55E9
5623 5 10
1.8E8
1.44E9
10000 5 10
3.9E8
3.11E9
10000 5 10
4.9E8
3.44E9
10000 5 10
5.5E8
3.62E9
10000 5 10
5.0E8
3.87E9
10000 5 10
4.4E8
4.07E9
10000 5 10
3.8E8
4.05E9
10000 5 10
4.2E8
4.83E9
10000 5 10
3.8E8
5.23E9
10000 5 10
5.0E8
5.17E9
10000 5 10
5.7E8
5.33E9
17782 5 10
9.5E8
1.28E10
17782 5 10
8.6E8
1.276E10
17782 5 10
8.7E8
1.288E10
17782 5 10
8.9E8
1.387E10
17782 5 10
1.12E9
1.362E10
17782 5 10
9.4E8
1.437E10
17782 5 10
1.03E9
1.48E10
17782 5 10
8.7E8
1.443E10
17782 5 10
9.5E8
1.473E10
17782 5 10
1.17E9
1.575E10
31622 5 10
2.02E9
5.308E10
31622 5 10
2.41E9
5.294E10
31622 5 10
2.04E9
5.325E10
31622 5 10
2.1E9
5.622E10
31622 5 10
2.39E9
5.65E10
31622 5 10
2.26E9
5.778E10
31622 5 10
2.48E9
5.942E10
31622 5 10
1.95E9
5.91E10
31622 5 10
2.93E9
6.231E10
31622 5 10
1.93E9
6.555E10
56234 5 10
4.68E9
1.5377E11
56234 5 10
5.53E9
1.5437E11
56234 5 10
5.42E9
1.6011E11
56234 5 10
5.22E9
1.5966E11
56234 5 10
5.56E9
1.6166E11
56234 5 10
5.01E9
1.6017E11
56234 5 10
4.71E9
1.6204E11
56234 5 10
4.87E9
1.6303E11
56234 5 10
5.36E9
1.6216E11
56234 5 10
5.06E9
1.639E11
100000 5 10
9.65E9
3.769E11
100000 5 10
9.82E9
3.7729E11
100000 5 10
9.9E9
3.822E11
100000 5 10
9.93E9
3.8592E11
100000 5 10
1.091E10
3.9652E11
100000 5 10
9.78E9
3.8875E11
100000 5 10
9.44E9
3.9356E11
100000 5 10
1.196E10
4.0313E11
100000 5 10
9.04E9
3.9754E11
100000 5 10
9.12E9
3.9792E11
