100 6 20
507812.5
292968.75
100 6 20
468750.0
312500.0
177 6 20
1250000.0
1015625.0
100 6 20
468750.0
332031.25
100 6 20
507812.5
312500.0
100 6 20
546875.0
312500.0
177 6 20
1328125.0
937500.0
177 6 20
1328125.0
1015625.0
316 6 20
3437500.0
2812500.0
177 6 20
1328125.0
1093750.0
562 6 20
8125000.0
9375000.0
562 6 20
7500000.0
1.0E7
177 6 20
1250000.0
1015625.0
100 6 20
546875.0
332031.25
177 6 20
1328125.0
937500.0
100 6 20
507812.5
351562.5
316 6 20
3437500.0
2968750.0
100 6 20
507812.5
332031.25
100 6 20
546875.0
292968.75
316 6 20
3125000.0
3437500.0
177 6 20
1250000.0
937500.0
316 6 20
3437500.0
3125000.0
177 6 20
1406250.0
1093750.0
177 6 20
1406250.0
937500.0
316 6 20
3437500.0
3125000.0
100 6 20
507812.5
312500.0
177 6 20
1250000.0
1093750.0
316 6 20
3125000.0
2812500.0
316 6 20
3125000.0
2812500.0
316 6 20
3125000.0
2656250.0
316 6 20
3437500.0
2656250.0
316 6 20
3125000.0
2812500.0
1778 6 20
4.25E7
1.3E8
1000 6 20
1.875E7
3.25E7
562 6 20
7500000.0
9375000.0
1778 6 20
4.5E7
1.3E8
562 6 20
8125000.0
1.125E7
1000 6 20
1.875E7
3.25E7
1778 6 20
4.5E7
1.4E8
1000 6 20
1.875E7
3.0E7
1778 6 20
4.25E7
1.3E8
562 6 20
7500000.0
1.3125E7
1778 6 20
4.75E7
1.2E8
562 6 20
8125000.0
8125000.0
1000 6 20
1.875E7
4.0E7
562 6 20
8125000.0
9375000.0
562 6 20
8125000.0
8750000.0
562 6 20
8125000.0
9375000.0
1000 6 20
1.875E7
4.0E7
1000 6 20
2.0E7
3.75E7
1778 6 20
4.75E7
1.7E8
1000 6 20
1.875E7
3.75E7
562 6 20
8125000.0
1.0E7
1000 6 20
1.875E7
3.75E7
1000 6 20
1.75E7
3.75E7
1000 6 20
1.875E7
3.0E7
1778 6 20
4.5E7
8.5E7
1778 6 20
4.5E7
8.5E7
1778 6 20
4.5E7
8.0E7
3162 6 20
1.1E8
3.6E8
3162 6 20
1.1E8
3.8E8
3162 6 20
1.2E8
2.8E8
1778 6 20
5.75E7
9.0E7
3162 6 20
1.2E8
2.5E8
3162 6 20
1.1E8
3.0E8
3162 6 20
1.1E8
3.0E8
3162 6 20
1.1E8
2.9E8
3162 6 20
1.1E8
3.1E8
3162 6 20
1.1E8
2.7E8
3162 6 20
1.1E8
2.9E8
5623 6 20
2.5E8
8.9E8
5623 6 20
2.6E8
8.9E8
5623 6 20
2.5E8
9.5E8
5623 6 20
2.5E8
9.9E8
5623 6 20
2.5E8
9.9E8
5623 6 20
2.5E8
1.02E9
5623 6 20
2.4E8
1.04E9
5623 6 20
2.5E8
1.07E9
5623 6 20
2.4E8
1.01E9
5623 6 20
2.5E8
1.0E9
10000 6 20
5.8E8
3.22E9
10000 6 20
5.7E8
3.16E9
10000 6 20
5.7E8
3.29E9
10000 6 20
5.6E8
3.17E9
10000 6 20
5.8E8
3.52E9
10000 6 20
5.7E8
3.32E9
10000 6 20
5.8E8
3.61E9
10000 6 20
5.9E8
3.7E9
10000 6 20
5.7E8
3.79E9
10000 6 20
6.0E8
3.63E9
17782 6 20
1.38E9
1.209E10
17782 6 20
1.49E9
1.305E10
17782 6 20
1.34E9
1.32E10
17782 6 20
1.33E9
1.29E10
17782 6 20
1.34E9
1.377E10
17782 6 20
1.42E9
1.421E10
17782 6 20
1.51E9
1.435E10
17782 6 20
1.37E9
1.409E10
17782 6 20
1.46E9
1.503E10
17782 6 20
1.49E9
1.493E10
31622 6 20
3.03E9
4.55E10
31622 6 20
3.04E9
4.722E10
31622 6 20
3.09E9
4.874E10
31622 6 20
2.98E9
4.914E10
31622 6 20
3.11E9
5.047E10
31622 6 20
3.22E9
4.849E10
31622 6 20
3.35E9
4.948E10
31622 6 20
3.04E9
4.925E10
31622 6 20
3.22E9
5.16E10
31622 6 20
3.52E9
5.255E10
56234 6 20
7.02E9
1.3398E11
56234 6 20
7.29E9
1.3423E11
56234 6 20
7.04E9
1.4252E11
56234 6 20
7.26E9
1.4124E11
56234 6 20
7.09E9
1.4358E11
56234 6 20
7.31E9
1.4379E11
56234 6 20
7.02E9
1.4604E11
56234 6 20
7.7E9
1.4589E11
56234 6 20
7.34E9
1.47E11
56234 6 20
7.39E9
1.5028E11
100000 6 20
1.483E10
3.9423E11
100000 6 20
1.547E10
4.0798E11
100000 6 20
1.61E10
4.1201E11
100000 6 20
1.46E10
4.0278E11
100000 6 20
1.564E10
4.0385E11
100000 6 20
1.542E10
4.0991E11
100000 6 20
1.54E10
4.1176E11
100000 6 20
1.567E10
4.1295E11
100000 6 20
1.426E10
4.1831E11
100000 6 20
1.631E10
4.2072E11
