177 5 20
1171875.0
937500.0
177 5 20
1171875.0
859375.0
177 5 20
1093750.0
1171875.0
177 5 20
1093750.0
937500.0
100 5 20
468750.0
292968.75
177 5 20
1015625.0
937500.0
177 5 20
1093750.0
937500.0
177 5 20
1093750.0
1093750.0
100 5 20
468750.0
332031.25
177 5 20
1171875.0
1093750.0
100 5 20
468750.0
312500.0
100 5 20
429687.5
371093.75
100 5 20
429687.5
351562.5
177 5 20
1171875.0
1093750.0
177 5 20
1093750.0
1093750.0
100 5 20
468750.0
351562.5
100 5 20
468750.0
312500.0
100 5 20
468750.0
351562.5
316 5 20
2812500.0
3437500.0
316 5 20
2812500.0
3437500.0
100 5 20
429687.5
332031.25
316 5 20
2968750.0
3437500.0
316 5 20
2656250.0
2968750.0
316 5 20
2812500.0
2812500.0
562 5 20
6562500.0
8750000.0
316 5 20
2656250.0
2968750.0
316 5 20
2656250.0
2968750.0
562 5 20
6875000.0
8750000.0
100 5 20
429687.5
292968.75
316 5 20
2812500.0
2812500.0
316 5 20
2656250.0
2968750.0
316 5 20
2656250.0
3125000.0
562 5 20
6875000.0
1.5E7
1000 5 20
1.5E7
2.75E7
562 5 20
6875000.0
1.375E7
1778 5 20
3.5E7
1.5E8
1000 5 20
1.625E7
3.0E7
1000 5 20
1.5E7
3.0E7
1778 5 20
3.5E7
1.5E8
562 5 20
6875000.0
1.25E7
1778 5 20
3.75E7
1.6E8
1000 5 20
1.5E7
4.0E7
1000 5 20
1.375E7
3.5E7
1778 5 20
3.5E7
1.2E8
1778 5 20
3.5E7
1.3E8
1000 5 20
1.5E7
3.0E7
1000 5 20
1.5E7
3.5E7
1000 5 20
1.5E7
3.75E7
1000 5 20
1.5E7
3.75E7
1778 5 20
4.0E7
1.1E8
1000 5 20
1.5E7
3.5E7
562 5 20
6562500.0
1.0E7
1778 5 20
3.25E7
1.15E8
1778 5 20
3.5E7
9.5E7
562 5 20
6562500.0
1.1875E7
1778 5 20
3.5E7
9.5E7
1778 5 20
3.5E7
1.05E8
562 5 20
6250000.0
1.0E7
3162 5 20
8.5E7
3.1E8
562 5 20
6562500.0
1.0625E7
562 5 20
7500000.0
1.0625E7
3162 5 20
1.0E8
3.2E8
3162 5 20
1.0E8
3.6E8
3162 5 20
1.1E8
3.7E8
3162 5 20
1.0E8
3.3E8
3162 5 20
7.5E7
2.9E8
3162 5 20
8.5E7
2.8E8
3162 5 20
8.0E7
3.0E8
3162 5 20
8.5E7
4.1E8
3162 5 20
9.0E7
4.0E8
5623 5 20
1.7E8
9.2E8
5623 5 20
1.9E8
9.8E8
5623 5 20
1.9E8
1.05E9
5623 5 20
2.0E8
1.05E9
5623 5 20
1.8E8
1.23E9
5623 5 20
1.8E8
1.28E9
5623 5 20
2.1E8
1.34E9
5623 5 20
1.6E8
1.36E9
5623 5 20
2.1E8
1.34E9
5623 5 20
1.9E8
1.46E9
10000 5 20
3.9E8
3.19E9
10000 5 20
4.4E8
3.69E9
10000 5 20
4.5E8
3.68E9
10000 5 20
4.1E8
3.75E9
10000 5 20
4.6E8
3.97E9
10000 5 20
4.2E8
3.84E9
10000 5 20
4.9E8
3.95E9
10000 5 20
4.9E8
3.94E9
10000 5 20
4.5E8
4.23E9
10000 5 20
4.4E8
5.16E9
17782 5 20
9.1E8
1.236E10
17782 5 20
8.5E8
1.249E10
17782 5 20
8.5E8
1.276E10
17782 5 20
9.6E8
1.314E10
17782 5 20
9.8E8
1.26E10
17782 5 20
8.7E8
1.273E10
17782 5 20
9.7E8
1.35E10
17782 5 20
1.07E9
1.324E10
17782 5 20
1.14E9
1.569E10
17782 5 20
8.5E8
1.601E10
31622 5 20
1.92E9
5.095E10
31622 5 20
2.2E9
5.168E10
31622 5 20
1.83E9
5.328E10
31622 5 20
2.83E9
5.147E10
31622 5 20
1.83E9
5.304E10
31622 5 20
2.91E9
5.203E10
31622 5 20
1.97E9
5.327E10
31622 5 20
2.61E9
5.244E10
31622 5 20
2.66E9
5.375E10
31622 5 20
1.81E9
5.52E10
56234 5 20
4.72E9
1.4582E11
56234 5 20
4.82E9
1.4657E11
56234 5 20
4.42E9
1.5252E11
56234 5 20
4.27E9
1.509E11
56234 5 20
4.2E9
1.5309E11
56234 5 20
5.17E9
1.5366E11
56234 5 20
4.91E9
1.546E11
56234 5 20
4.69E9
1.5665E11
56234 5 20
5.51E9
1.5939E11
56234 5 20
4.58E9
1.6024E11
100000 5 20
1.046E10
3.4926E11
100000 5 20
1.043E10
3.6829E11
100000 5 20
1.002E10
3.6896E11
100000 5 20
1.067E10
3.7605E11
100000 5 20
9.89E9
3.8536E11
100000 5 20
1.087E10
3.9415E11
100000 5 20
1.133E10
3.993E11
100000 5 20
9.98E9
3.9349E11
100000 5 20
9.6E9
3.9858E11
100000 5 20
9.38E9
4.0486E11
