562 3 1
6.5E7
1.2E8
562 3 1
6.0E7
1.5E8
100 3 1
8125000.0
2812500.0
100 3 1
8125000.0
3437500.0
100 3 1
8750000.0
8125000.0
100 3 1
6875000.0
1562500.0
100 3 1
7500000.0
1562500.0
100 3 1
7500000.0
1015625.0
177 3 1
1.375E7
1875000.0
100 3 1
8750000.0
625000.0
100 3 1
5312500.0
625000.0
100 3 1
8125000.0
742187.5
177 3 1
664062.5
3437500.0
316 3 1
1406250.0
1.375E7
177 3 1
625000.0
3750000.0
177 3 1
703125.0
1718750.0
177 3 1
703125.0
1875000.0
177 3 1
781250.0
1875000.0
316 3 1
2031250.0
6562500.0
316 3 1
1562500.0
6875000.0
177 3 1
781250.0
1875000.0
316 3 1
1718750.0
1.5E7
562 3 1
3750000.0
1.875E7
562 3 1
4062500.0
1.875E7
100 3 1
429687.5
937500.0
562 3 1
4687500.0
1.875E7
316 3 1
1718750.0
9375000.0
177 3 1
742187.5
2500000.0
562 3 1
4687500.0
2.5E7
177 3 1
1093750.0
1875000.0
562 3 1
3437500.0
2.75E7
562 3 1
3437500.0
1.75E7
562 3 1
4687500.0
2.75E7
177 3 1
742187.5
1640625.0
316 3 1
1640625.0
4687500.0
316 3 1
1562500.0
4375000.0
316 3 1
1562500.0
4687500.0
316 3 1
1328125.0
5000000.0
316 3 1
1484375.0
5000000.0
562 3 1
3281250.0
1.875E7
1000 3 1
1.375E7
5.75E7
1000 3 1
8750000.0
6.5E7
1000 3 1
4062500.0
7.0E7
1000 3 1
4062500.0
9.5E7
1000 3 1
5312500.0
7.5E7
1000 3 1
3750000.0
1.05E8
1000 3 1
1.0E7
7.0E7
1000 3 1
4687500.0
5.5E7
1000 3 1
4375000.0
6.0E7
1778 3 1
1.5E7
1.9E8
1778 3 1
8750000.0
2.2E8
1778 3 1
8125000.0
2.5E8
1778 3 1
8125000.0
2.5E8
1778 3 1
1.375E7
1.5E8
1778 3 1
9375000.0
2.4E8
1778 3 1
1.375E7
1.8E8
1778 3 1
1.25E7
1.8E8
1778 3 1
1.4375E7
1.4E8
1778 3 1
1.625E7
1.4E8
3162 3 1
3.0E7
5.8E8
3162 3 1
3.75E7
5.5E8
3162 3 1
3.25E7
5.7E8
3162 3 1
2.75E7
5.3E8
3162 3 1
2.75E7
5.7E8
3162 3 1
2.75E7
5.4E8
1000 3 1
5000000.0
7.25E7
3162 3 1
2.25E7
5.5E8
3162 3 1
2.625E7
5.9E8
3162 3 1
2.375E7
6.0E8
3162 3 1
3.0E7
6.0E8
5623 3 1
5.0E7
1.4E9
5623 3 1
7.0E7
1.86E9
5623 3 1
7.0E7
1.94E9
5623 3 1
3.5E7
1.93E9
5623 3 1
3.5E7
1.74E9
5623 3 1
3.25E7
1.92E9
5623 3 1
5.25E7
1.87E9
5623 3 1
2.75E7
1.85E9
5623 3 1
2.75E7
2.16E9
5623 3 1
3.0E7
2.01E9
10000 3 1
1.15E8
4.35E9
10000 3 1
9.25E7
4.41E9
10000 3 1
9.5E7
5.18E9
10000 3 1
1.1E8
4.92E9
10000 3 1
1.2E8
5.57E9
10000 3 1
1.05E8
5.79E9
10000 3 1
1.0E8
6.26E9
10000 3 1
1.2E8
6.49E9
10000 3 1
1.1E8
6.08E9
10000 3 1
1.25E8
6.45E9
17782 3 1
1.1E8
1.67E10
17782 3 1
1.9E8
1.811E10
17782 3 1
1.2E8
1.736E10
17782 3 1
1.9E8
1.888E10
17782 3 1
2.0E8
1.937E10
17782 3 1
1.9E8
1.906E10
17782 3 1
1.7E8
1.946E10
17782 3 1
1.6E8
2.033E10
17782 3 1
1.6E8
1.996E10
17782 3 1
2.8E8
2.012E10
31622 3 1
4.7E8
7.446E10
31622 3 1
3.7E8
7.72E10
31622 3 1
4.5E8
7.571E10
31622 3 1
4.3E8
7.527E10
31622 3 1
4.5E8
7.922E10
31622 3 1
4.6E8
8.015E10
31622 3 1
5.5E8
7.852E10
31622 3 1
4.0E8
7.926E10
31622 3 1
4.6E8
8.036E10
31622 3 1
2.8E8
8.511E10
56234 3 1
6.8E8
2.1845E11
56234 3 1
1.04E9
2.164E11
56234 3 1
8.0E8
2.2697E11
56234 3 1
8.0E8
2.2973E11
56234 3 1
7.5E8
2.325E11
56234 3 1
8.5E8
2.3513E11
56234 3 1
9.7E8
2.3503E11
56234 3 1
9.7E8
2.3804E11
56234 3 1
1.18E9
2.4524E11
56234 3 1
9.8E8
2.5202E11
100000 3 1
1.74E9
5.709E11
100000 3 1
1.38E9
6.0137E11
100000 3 1
1.84E9
5.9795E11
100000 3 1
1.31E9
6.1796E11
100000 3 1
1.52E9
6.2884E11
100000 3 1
1.69E9
6.457E11
100000 3 1
1.1E9
6.5012E11
100000 3 1
2.57E9
6.6424E11
100000 3 1
1.65E9
6.576E11
100000 3 1
2.16E9
6.7425E11
