100 4 1
664062.5
429687.5
316 4 1
2968750.0
4062500.0
316 4 1
2968750.0
4062500.0
316 4 1
3125000.0
4062500.0
316 4 1
3125000.0
3750000.0
316 4 1
3125000.0
4062500.0
177 4 1
1171875.0
1250000.0
316 4 1
3125000.0
3750000.0
177 4 1
1250000.0
1250000.0
316 4 1
2812500.0
4062500.0
177 4 1
1406250.0
1171875.0
177 4 1
1406250.0
1250000.0
177 4 1
1406250.0
1328125.0
316 4 1
2968750.0
4062500.0
316 4 1
3125000.0
4062500.0
177 4 1
1484375.0
1328125.0
177 4 1
1484375.0
1328125.0
177 4 1
1484375.0
1328125.0
177 4 1
1406250.0
1328125.0
177 4 1
1484375.0
1406250.0
316 4 1
3437500.0
3750000.0
100 4 1
468750.0
429687.5
100 4 1
507812.5
429687.5
100 4 1
507812.5
429687.5
100 4 1
507812.5
429687.5
100 4 1
664062.5
449218.75
100 4 1
507812.5
429687.5
100 4 1
546875.0
429687.5
562 4 1
6250000.0
1.1875E7
562 4 1
6562500.0
1.3125E7
100 4 1
507812.5
429687.5
100 4 1
488281.25
390625.0
562 4 1
4375000.0
1.5E7
562 4 1
4375000.0
1.5E7
562 4 1
4687500.0
1.375E7
562 4 1
4375000.0
1.5E7
1778 4 1
2.125E7
1.2E8
1778 4 1
2.25E7
1.1E8
562 4 1
4687500.0
1.625E7
1778 4 1
2.125E7
1.3E8
1778 4 1
2.25E7
1.2E8
1778 4 1
2.375E7
1.2E8
1778 4 1
2.0E7
1.1E8
1778 4 1
2.375E7
1.4E8
1778 4 1
2.375E7
1.3E8
1000 4 1
9375000.0
4.25E7
562 4 1
4062500.0
1.4375E7
1000 4 1
9375000.0
4.0E7
1778 4 1
2.5E7
1.4E8
562 4 1
4375000.0
1.125E7
1000 4 1
1.0E7
4.0E7
1000 4 1
1.0E7
4.25E7
1000 4 1
8750000.0
5.0E7
1000 4 1
1.0E7
3.75E7
1778 4 1
2.5E7
1.6E8
1000 4 1
9375000.0
4.75E7
1000 4 1
9375000.0
4.75E7
1000 4 1
9375000.0
4.75E7
1000 4 1
9375000.0
4.25E7
562 4 1
4375000.0
1.4375E7
3162 4 1
4.5E7
3.7E8
3162 4 1
5.25E7
4.3E8
3162 4 1
6.0E7
4.2E8
3162 4 1
6.0E7
4.4E8
3162 4 1
4.75E7
3.6E8
3162 4 1
4.5E7
3.7E8
3162 4 1
5.25E7
4.2E8
3162 4 1
6.0E7
3.7E8
3162 4 1
5.5E7
4.8E8
3162 4 1
5.75E7
4.5E8
5623 4 1
1.2E8
1.37E9
5623 4 1
1.3E8
1.42E9
5623 4 1
1.1E8
1.48E9
5623 4 1
1.1E8
1.49E9
5623 4 1
1.1E8
1.49E9
5623 4 1
1.1E8
1.52E9
5623 4 1
1.3E8
1.47E9
5623 4 1
1.2E8
1.51E9
5623 4 1
1.3E8
1.58E9
5623 4 1
1.0E8
1.52E9
10000 4 1
2.4E8
4.12E9
10000 4 1
2.5E8
4.19E9
10000 4 1
2.2E8
4.35E9
10000 4 1
2.2E8
4.47E9
10000 4 1
2.4E8
4.6E9
10000 4 1
2.6E8
4.85E9
10000 4 1
2.5E8
4.8E9
10000 4 1
2.5E8
4.79E9
10000 4 1
2.6E8
4.88E9
10000 4 1
2.6E8
5.02E9
17782 4 1
4.5E8
1.539E10
17782 4 1
5.8E8
1.53E10
17782 4 1
6.3E8
1.534E10
17782 4 1
4.5E8
1.614E10
17782 4 1
4.7E8
1.585E10
17782 4 1
6.1E8
1.631E10
17782 4 1
6.0E8
1.649E10
17782 4 1
5.5E8
1.573E10
17782 4 1
6.0E8
1.653E10
17782 4 1
6.1E8
1.667E10
31622 4 1
1.22E9
5.858E10
31622 4 1
1.15E9
5.837E10
31622 4 1
1.12E9
5.971E10
31622 4 1
1.22E9
6.149E10
31622 4 1
1.25E9
6.244E10
31622 4 1
1.19E9
6.447E10
31622 4 1
1.16E9
6.453E10
31622 4 1
1.15E9
6.41E10
31622 4 1
1.14E9
6.403E10
31622 4 1
1.12E9
6.587E10
56234 4 1
2.32E9
1.7319E11
56234 4 1
2.54E9
1.7575E11
56234 4 1
2.35E9
1.7842E11
56234 4 1
2.29E9
1.7645E11
56234 4 1
2.31E9
1.7661E11
56234 4 1
2.8E9
1.7895E11
56234 4 1
2.71E9
1.7904E11
56234 4 1
2.49E9
1.8098E11
56234 4 1
2.66E9
1.8215E11
56234 4 1
3.01E9
1.8501E11
100000 4 1
5.57E9
4.9203E11
100000 4 1
5.64E9
5.0331E11
100000 4 1
5.42E9
4.9317E11
100000 4 1
4.79E9
5.2422E11
100000 4 1
5.26E9
5.2442E11
100000 4 1
4.54E9
5.2834E11
100000 4 1
4.58E9
5.2717E11
100000 4 1
4.71E9
5.3299E11
100000 4 1
4.29E9
5.3971E11
100000 4 1
5.11E9
5.4574E11
