316 7 20
3437500.0
3750000.0
100 7 20
546875.0
429687.5
316 7 20
3750000.0
3437500.0
316 7 20
3437500.0
3437500.0
100 7 20
507812.5
312500.0
100 7 20
468750.0
390625.0
100 7 20
507812.5
332031.25
100 7 20
507812.5
332031.25
177 7 20
1328125.0
937500.0
177 7 20
1328125.0
937500.0
562 7 20
8125000.0
9375000.0
177 7 20
1328125.0
937500.0
177 7 20
1406250.0
1171875.0
177 7 20
1328125.0
1015625.0
100 7 20
507812.5
351562.5
177 7 20
1328125.0
1015625.0
177 7 20
1406250.0
937500.0
100 7 20
585937.5
332031.25
177 7 20
1328125.0
937500.0
100 7 20
507812.5
371093.75
562 7 20
8750000.0
9375000.0
177 7 20
1484375.0
1015625.0
177 7 20
1328125.0
937500.0
316 7 20
3437500.0
2812500.0
100 7 20
546875.0
332031.25
100 7 20
585937.5
312500.0
316 7 20
3750000.0
3125000.0
316 7 20
3437500.0
3125000.0
316 7 20
3750000.0
3281250.0
316 7 20
3437500.0
2968750.0
316 7 20
3750000.0
2656250.0
316 7 20
3125000.0
2656250.0
562 7 20
8750000.0
1.5E7
562 7 20
8125000.0
1.0E7
562 7 20
8750000.0
8750000.0
1000 7 20
2.125E7
5.5E7
1000 7 20
2.375E7
1.1E8
1000 7 20
2.0E7
6.5E7
562 7 20
8750000.0
1.25E7
562 7 20
7500000.0
1.375E7
562 7 20
8125000.0
3.25E7
1000 7 20
2.125E7
8.5E7
1778 7 20
5.5E7
1.5E8
3162 7 20
1.1E8
2.6E8
1778 7 20
5.25E7
1.6E8
1000 7 20
2.125E7
3.75E7
1000 7 20
2.125E7
3.75E7
1778 7 20
6.0E7
1.1E8
1000 7 20
2.125E7
4.0E7
562 7 20
8750000.0
2.0E7
1000 7 20
2.0E7
4.25E7
1778 7 20
5.5E7
1.4E8
1778 7 20
5.5E7
1.35E8
562 7 20
8125000.0
1.6875E7
1000 7 20
2.25E7
2.75E7
1778 7 20
5.5E7
1.8E8
1000 7 20
3.375E7
3.0E7
1778 7 20
5.5E7
8.5E7
1778 7 20
5.5E7
9.5E7
3162 7 20
1.2E8
3.8E8
1778 7 20
5.5E7
9.0E7
1778 7 20
9.75E7
7.5E7
3162 7 20
1.3E8
4.4E8
3162 7 20
1.4E8
4.1E8
3162 7 20
1.2E8
2.4E8
3162 7 20
1.4E8
2.5E8
3162 7 20
1.5E8
2.8E8
3162 7 20
1.3E8
2.7E8
3162 7 20
1.4E8
2.6E8
3162 7 20
1.4E8
2.6E8
5623 7 20
3.2E8
9.1E8
5623 7 20
3.2E8
9.8E8
5623 7 20
3.1E8
1.04E9
5623 7 20
3.2E8
9.1E8
5623 7 20
3.3E8
1.4E9
5623 7 20
3.3E8
1.4E9
5623 7 20
3.1E8
1.43E9
5623 7 20
3.3E8
1.46E9
5623 7 20
3.2E8
1.51E9
5623 7 20
3.3E8
1.53E9
10000 7 20
7.8E8
3.09E9
10000 7 20
7.7E8
3.61E9
10000 7 20
7.9E8
4.63E9
10000 7 20
8.3E8
4.28E9
10000 7 20
7.9E8
4.48E9
10000 7 20
8.5E8
4.67E9
10000 7 20
7.4E8
4.79E9
10000 7 20
7.6E8
5.19E9
10000 7 20
8.4E8
5.0E9
10000 7 20
7.8E8
5.69E9
17782 7 20
1.87E9
1.074E10
17782 7 20
1.91E9
1.139E10
17782 7 20
1.8E9
1.245E10
17782 7 20
2.0E9
1.238E10
17782 7 20
1.97E9
1.32E10
17782 7 20
1.85E9
1.368E10
17782 7 20
1.99E9
1.472E10
17782 7 20
2.04E9
1.46E10
17782 7 20
2.07E9
1.494E10
17782 7 20
1.92E9
1.689E10
31622 7 20
4.87E9
4.314E10
31622 7 20
4.47E9
4.441E10
31622 7 20
4.18E9
4.466E10
31622 7 20
4.38E9
4.76E10
31622 7 20
4.83E9
5.096E10
31622 7 20
4.39E9
5.148E10
31622 7 20
4.44E9
5.146E10
31622 7 20
4.25E9
5.23E10
31622 7 20
5.94E9
5.105E10
31622 7 20
5.16E9
5.485E10
56234 7 20
1.129E10
1.4558E11
56234 7 20
9.78E9
1.4727E11
56234 7 20
1.08E10
1.523E11
56234 7 20
9.5E9
1.5067E11
56234 7 20
1.039E10
1.5273E11
56234 7 20
1.2E10
1.5489E11
56234 7 20
1.028E10
1.5556E11
56234 7 20
9.98E9
1.5596E11
56234 7 20
9.72E9
1.5683E11
56234 7 20
1.108E10
1.5824E11
100000 7 20
2.345E10
3.7274E11
100000 7 20
2.128E10
3.6962E11
100000 7 20
2.16E10
3.9175E11
100000 7 20
2.109E10
3.9422E11
100000 7 20
2.178E10
3.9714E11
100000 7 20
2.458E10
4.063E11
100000 7 20
2.199E10
4.0345E11
100000 7 20
2.186E10
4.075E11
100000 7 20
2.151E10
4.0544E11
100000 7 20
2.18E10
4.0817E11
