316 20 1
3750000.0
3437500.0
316 20 1
3750000.0
3437500.0
316 20 1
4062500.0
3437500.0
316 20 1
4375000.0
3437500.0
316 20 1
4062500.0
3750000.0
316 20 1
3437500.0
3437500.0
100 20 1
507812.5
585937.5
177 20 1
1718750.0
1328125.0
177 20 1
1718750.0
1406250.0
316 20 1
3750000.0
3437500.0
100 20 1
585937.5
585937.5
100 20 1
625000.0
585937.5
100 20 1
546875.0
585937.5
100 20 1
546875.0
585937.5
100 20 1
625000.0
585937.5
100 20 1
585937.5
585937.5
100 20 1
585937.5
585937.5
100 20 1
546875.0
585937.5
100 20 1
625000.0
546875.0
562 20 1
9375000.0
8125000.0
177 20 1
1484375.0
1484375.0
177 20 1
1484375.0
1328125.0
562 20 1
9375000.0
8125000.0
177 20 1
1484375.0
1328125.0
177 20 1
1484375.0
1328125.0
177 20 1
1484375.0
1328125.0
316 20 1
3750000.0
2968750.0
177 20 1
1562500.0
1250000.0
177 20 1
1406250.0
1328125.0
177 20 1
1484375.0
1328125.0
316 20 1
3750000.0
2968750.0
316 20 1
3750000.0
3125000.0
562 20 1
1.0E7
9375000.0
1778 20 1
5.5E7
6.0E7
562 20 1
1.0E7
1.0625E7
562 20 1
9375000.0
9375000.0
562 20 1
1.0E7
9375000.0
562 20 1
9375000.0
9375000.0
1778 20 1
6.5E7
7.0E7
1778 20 1
6.5E7
6.5E7
1000 20 1
2.625E7
3.25E7
1778 20 1
6.5E7
8.0E7
1000 20 1
2.5E7
2.75E7
1778 20 1
6.0E7
8.0E7
562 20 1
1.0625E7
1.125E7
562 20 1
9375000.0
1.1875E7
1000 20 1
2.5E7
2.75E7
1778 20 1
6.5E7
9.0E7
1778 20 1
6.0E7
8.5E7
1778 20 1
6.5E7
9.5E7
1778 20 1
6.0E7
7.5E7
1000 20 1
2.375E7
3.0E7
1000 20 1
2.5E7
2.75E7
1778 20 1
6.0E7
9.0E7
562 20 1
1.0E7
9375000.0
3162 20 1
1.5E8
1.9E8
3162 20 1
1.5E8
2.2E8
3162 20 1
1.5E8
2.3E8
1000 20 1
2.375E7
2.0E7
3162 20 1
1.6E8
2.3E8
1000 20 1
2.625E7
2.125E7
1000 20 1
2.375E7
2.0E7
1000 20 1
2.625E7
2.0E7
1000 20 1
2.5E7
2.125E7
3162 20 1
1.9E8
1.6E8
3162 20 1
1.8E8
1.7E8
3162 20 1
1.7E8
1.6E8
3162 20 1
1.7E8
1.6E8
3162 20 1
1.6E8
1.6E8
3162 20 1
1.7E8
1.6E8
5623 20 1
3.9E8
4.7E8
5623 20 1
4.1E8
5.2E8
5623 20 1
4.1E8
4.8E8
5623 20 1
4.1E8
4.7E8
5623 20 1
4.0E8
5.2E8
5623 20 1
4.2E8
5.1E8
5623 20 1
3.9E8
5.5E8
5623 20 1
4.0E8
4.9E8
5623 20 1
4.0E8
4.9E8
5623 20 1
4.1E8
4.8E8
10000 20 1
1.03E9
1.52E9
10000 20 1
9.9E8
1.63E9
10000 20 1
1.0E9
1.58E9
10000 20 1
9.9E8
1.61E9
10000 20 1
9.8E8
1.71E9
10000 20 1
9.9E8
1.72E9
10000 20 1
1.02E9
1.64E9
10000 20 1
1.03E9
1.69E9
10000 20 1
1.14E9
1.64E9
10000 20 1
9.8E8
1.66E9
17782 20 1
2.41E9
5.38E9
17782 20 1
2.5E9
5.66E9
17782 20 1
2.45E9
5.57E9
17782 20 1
2.75E9
5.22E9
17782 20 1
2.38E9
5.6E9
17782 20 1
2.42E9
5.4E9
17782 20 1
2.51E9
5.74E9
17782 20 1
2.65E9
5.74E9
17782 20 1
2.56E9
5.49E9
17782 20 1
2.45E9
6.06E9
31622 20 1
6.49E9
2.134E10
31622 20 1
6.19E9
2.144E10
31622 20 1
5.94E9
2.276E10
31622 20 1
6.32E9
2.337E10
31622 20 1
6.12E9
2.295E10
31622 20 1
6.31E9
2.36E10
31622 20 1
6.23E9
2.325E10
31622 20 1
6.18E9
2.32E10
31622 20 1
6.33E9
2.36E10
31622 20 1
6.17E9
2.381E10
56234 20 1
1.53E10
7.391E10
56234 20 1
1.523E10
8.02E10
56234 20 1
1.494E10
8.021E10
56234 20 1
1.547E10
8.078E10
56234 20 1
1.511E10
8.117E10
56234 20 1
1.543E10
8.004E10
56234 20 1
1.52E10
8.058E10
56234 20 1
1.539E10
8.009E10
56234 20 1
1.79E10
7.912E10
56234 20 1
1.545E10
8.757E10
100000 20 1
3.971E10
1.9982E11
100000 20 1
3.724E10
2.0405E11
100000 20 1
3.739E10
2.0513E11
100000 20 1
3.711E10
2.0666E11
100000 20 1
3.71E10
2.0986E11
100000 20 1
4.207E10
2.0598E11
100000 20 1
3.637E10
2.1319E11
100000 20 1
4.435E10
2.0608E11
100000 20 1
3.717E10
2.1414E11
100000 20 1
3.788E10
2.1422E11
