316 10 10
3437500.0
3437500.0
100 10 10
507812.5
429687.5
100 10 10
546875.0
429687.5
316 10 10
3750000.0
3437500.0
100 10 10
546875.0
429687.5
100 10 10
546875.0
429687.5
316 10 10
3750000.0
3437500.0
177 10 10
1328125.0
1093750.0
316 10 10
3750000.0
2968750.0
316 10 10
3750000.0
3125000.0
177 10 10
1328125.0
1093750.0
177 10 10
1406250.0
1015625.0
316 10 10
3437500.0
3281250.0
316 10 10
3750000.0
2968750.0
177 10 10
1406250.0
1093750.0
100 10 10
468750.0
390625.0
177 10 10
1328125.0
1093750.0
100 10 10
468750.0
390625.0
100 10 10
546875.0
410156.25
562 10 10
9375000.0
8125000.0
100 10 10
546875.0
410156.25
100 10 10
546875.0
390625.0
316 10 10
3750000.0
2812500.0
177 10 10
1406250.0
1015625.0
177 10 10
1406250.0
1093750.0
100 10 10
546875.0
390625.0
177 10 10
1406250.0
1015625.0
316 10 10
3437500.0
3125000.0
562 10 10
1.0E7
8750000.0
177 10 10
1406250.0
1093750.0
177 10 10
1328125.0
937500.0
316 10 10
3750000.0
2656250.0
562 10 10
9375000.0
8125000.0
562 10 10
9375000.0
8125000.0
562 10 10
8750000.0
8125000.0
562 10 10
9375000.0
7500000.0
562 10 10
8750000.0
8750000.0
562 10 10
8750000.0
1.0625E7
1778 10 10
5.5E7
8.5E7
1778 10 10
6.0E7
8.0E7
1778 10 10
5.5E7
8.5E7
1778 10 10
5.5E7
8.5E7
562 10 10
9375000.0
1.0E7
1778 10 10
6.0E7
8.5E7
562 10 10
9375000.0
8125000.0
1778 10 10
6.0E7
8.5E7
1778 10 10
6.0E7
8.5E7
1778 10 10
6.0E7
6.5E7
1778 10 10
6.0E7
8.0E7
1778 10 10
6.0E7
8.5E7
1000 10 10
2.375E7
1.625E7
1000 10 10
2.25E7
1.875E7
1000 10 10
2.25E7
2.25E7
3162 10 10
1.5E8
2.9E8
3162 10 10
1.4E8
2.6E8
1000 10 10
2.25E7
2.0E7
1000 10 10
2.375E7
2.125E7
3162 10 10
1.5E8
2.5E8
3162 10 10
1.5E8
1.7E8
1000 10 10
2.25E7
2.0E7
1000 10 10
2.25E7
2.125E7
3162 10 10
1.6E8
2.1E8
3162 10 10
1.5E8
2.0E8
1000 10 10
2.25E7
2.25E7
1000 10 10
2.375E7
2.0E7
1000 10 10
2.5E7
2.125E7
3162 10 10
1.5E8
2.9E8
3162 10 10
1.4E8
1.9E8
3162 10 10
1.6E8
2.0E8
3162 10 10
1.6E8
1.9E8
5623 10 10
3.8E8
5.8E8
5623 10 10
3.7E8
5.8E8
5623 10 10
3.6E8
6.0E8
5623 10 10
3.6E8
6.5E8
5623 10 10
3.5E8
6.5E8
5623 10 10
3.6E8
6.5E8
5623 10 10
3.5E8
6.6E8
5623 10 10
3.6E8
6.6E8
5623 10 10
3.6E8
6.5E8
5623 10 10
3.7E8
6.7E8
10000 10 10
7.0E8
1.86E9
10000 10 10
7.0E8
2.23E9
10000 10 10
8.7E8
2.2E9
10000 10 10
8.9E8
2.27E9
10000 10 10
8.9E8
2.18E9
10000 10 10
8.9E8
2.4E9
10000 10 10
7.6E8
2.3E9
10000 10 10
9.1E8
2.14E9
10000 10 10
9.0E8
2.58E9
10000 10 10
9.2E8
2.41E9
17782 10 10
1.71E9
8.37E9
17782 10 10
2.15E9
8.0E9
17782 10 10
1.76E9
8.61E9
17782 10 10
2.18E9
8.17E9
17782 10 10
2.34E9
7.84E9
17782 10 10
1.83E9
9.28E9
17782 10 10
2.27E9
7.9E9
17782 10 10
2.36E9
8.08E9
17782 10 10
2.26E9
7.96E9
17782 10 10
2.4E9
8.81E9
31622 10 10
5.53E9
3.401E10
31622 10 10
5.39E9
3.456E10
31622 10 10
5.37E9
3.448E10
31622 10 10
5.33E9
3.56E10
31622 10 10
5.35E9
3.651E10
31622 10 10
5.23E9
3.663E10
31622 10 10
5.26E9
3.871E10
31622 10 10
5.4E9
3.995E10
31622 10 10
5.38E9
4.166E10
31622 10 10
5.41E9
4.199E10
56234 10 10
1.318E10
1.1438E11
56234 10 10
1.297E10
1.217E11
56234 10 10
1.304E10
1.2532E11
56234 10 10
1.327E10
1.2752E11
56234 10 10
1.308E10
1.2614E11
56234 10 10
1.324E10
1.2778E11
56234 10 10
1.316E10
1.3017E11
56234 10 10
1.372E10
1.2839E11
56234 10 10
1.299E10
1.3272E11
56234 10 10
1.299E10
1.374E11
100000 10 10
3.311E10
2.8945E11
100000 10 10
3.202E10
3.199E11
100000 10 10
3.251E10
3.1265E11
100000 10 10
3.499E10
3.0985E11
100000 10 10
3.142E10
3.1563E11
100000 10 10
3.607E10
3.1115E11
100000 10 10
3.379E10
3.2459E11
100000 10 10
3.261E10
3.2002E11
100000 10 10
3.242E10
3.216E11
100000 10 10
3.399E10
3.2052E11
