316 8 2
3437500.0
3437500.0
316 8 2
3750000.0
3437500.0
100 8 2
585937.5
429687.5
100 8 2
507812.5
429687.5
100 8 2
585937.5
429687.5
100 8 2
546875.0
429687.5
100 8 2
546875.0
429687.5
316 8 2
3437500.0
3437500.0
100 8 2
468750.0
468750.0
100 8 2
585937.5
429687.5
177 8 2
1328125.0
1171875.0
177 8 2
1406250.0
1093750.0
562 8 2
9375000.0
9375000.0
177 8 2
1406250.0
1171875.0
177 8 2
1406250.0
1015625.0
316 8 2
3437500.0
2968750.0
316 8 2
3750000.0
2812500.0
316 8 2
3437500.0
3125000.0
177 8 2
1406250.0
1093750.0
177 8 2
1406250.0
1015625.0
100 8 2
546875.0
410156.25
177 8 2
1484375.0
1015625.0
177 8 2
1484375.0
1093750.0
177 8 2
1406250.0
1093750.0
562 8 2
8750000.0
1.0625E7
316 8 2
3750000.0
3281250.0
316 8 2
3750000.0
2812500.0
177 8 2
1484375.0
1015625.0
316 8 2
3750000.0
3125000.0
100 8 2
585937.5
410156.25
100 8 2
546875.0
429687.5
316 8 2
3593750.0
2812500.0
562 8 2
8750000.0
8750000.0
562 8 2
8125000.0
1.0E7
562 8 2
9375000.0
1.75E7
1778 8 2
5.5E7
1.4E8
562 8 2
8750000.0
1.0625E7
562 8 2
8750000.0
1.0E7
1000 8 2
2.125E7
3.5E7
1778 8 2
5.5E7
1.6E8
562 8 2
9375000.0
1.0625E7
562 8 2
8750000.0
1.0625E7
1778 8 2
6.0E7
7.5E7
1000 8 2
2.25E7
2.75E7
562 8 2
8750000.0
1.5E7
1000 8 2
2.25E7
3.25E7
1000 8 2
2.125E7
2.75E7
1778 8 2
5.5E7
1.0E8
1778 8 2
5.5E7
9.0E7
1000 8 2
2.375E7
3.0E7
1778 8 2
5.5E7
1.0E8
1778 8 2
5.5E7
9.0E7
1778 8 2
5.5E7
9.0E7
1778 8 2
6.0E7
1.35E8
1000 8 2
2.25E7
3.0E7
3162 8 2
1.5E8
2.5E8
1000 8 2
2.875E7
3.0E7
1000 8 2
2.75E7
3.0E7
3162 8 2
1.4E8
3.1E8
1778 8 2
5.75E7
7.5E7
3162 8 2
1.4E8
3.1E8
1000 8 2
2.25E7
2.5E7
3162 8 2
1.4E8
2.1E8
3162 8 2
1.6E8
2.2E8
3162 8 2
1.6E8
2.4E8
3162 8 2
1.5E8
2.1E8
3162 8 2
1.4E8
2.2E8
3162 8 2
1.5E8
2.2E8
3162 8 2
1.7E8
2.3E8
1000 8 2
2.875E7
2.375E7
5623 8 2
3.4E8
6.7E8
5623 8 2
3.5E8
7.6E8
5623 8 2
3.4E8
7.6E8
5623 8 2
3.4E8
6.8E8
5623 8 2
3.4E8
7.7E8
5623 8 2
3.5E8
7.7E8
5623 8 2
3.5E8
8.3E8
5623 8 2
3.4E8
8.5E8
5623 8 2
3.5E8
8.8E8
5623 8 2
3.8E8
9.8E8
10000 8 2
8.2E8
2.63E9
10000 8 2
7.9E8
2.56E9
10000 8 2
9.0E8
2.65E9
10000 8 2
8.6E8
3.01E9
10000 8 2
8.9E8
3.05E9
10000 8 2
8.2E8
3.17E9
10000 8 2
8.3E8
3.25E9
10000 8 2
8.2E8
3.24E9
10000 8 2
8.6E8
3.05E9
10000 8 2
8.5E8
3.52E9
17782 8 2
2.12E9
9.57E9
17782 8 2
2.01E9
9.78E9
17782 8 2
2.0E9
1.051E10
17782 8 2
2.03E9
1.096E10
17782 8 2
1.97E9
1.113E10
17782 8 2
2.37E9
1.092E10
17782 8 2
2.36E9
1.075E10
17782 8 2
1.97E9
1.273E10
17782 8 2
2.1E9
1.334E10
17782 8 2
2.07E9
1.317E10
31622 8 2
4.67E9
3.611E10
31622 8 2
4.79E9
4.101E10
31622 8 2
4.75E9
4.153E10
31622 8 2
4.68E9
4.197E10
31622 8 2
5.24E9
4.16E10
31622 8 2
5.48E9
4.167E10
31622 8 2
5.76E9
4.148E10
31622 8 2
5.29E9
4.321E10
31622 8 2
5.15E9
4.322E10
31622 8 2
5.18E9
4.758E10
56234 8 2
1.154E10
1.3394E11
56234 8 2
1.151E10
1.3503E11
56234 8 2
1.142E10
1.3565E11
56234 8 2
1.149E10
1.3766E11
56234 8 2
1.277E10
1.4064E11
56234 8 2
1.236E10
1.4081E11
56234 8 2
1.133E10
1.4223E11
56234 8 2
1.178E10
1.3988E11
56234 8 2
1.176E10
1.4024E11
56234 8 2
1.157E10
1.4593E11
100000 8 2
2.8E10
3.6871E11
100000 8 2
2.648E10
3.631E11
100000 8 2
2.684E10
3.6712E11
100000 8 2
2.667E10
3.7187E11
100000 8 2
2.772E10
3.7508E11
100000 8 2
2.686E10
3.7551E11
100000 8 2
3.285E10
3.7034E11
100000 8 2
2.837E10
3.8731E11
100000 8 2
2.664E10
3.8133E11
100000 8 2
2.768E10
3.8211E11
