100 10 5
546875.0
468750.0
100 10 5
585937.5
468750.0
100 10 5
546875.0
468750.0
100 10 5
546875.0
468750.0
100 10 5
585937.5
468750.0
100 10 5
546875.0
429687.5
316 10 5
3750000.0
2500000.0
562 10 5
9375000.0
9375000.0
316 10 5
3750000.0
3125000.0
177 10 5
1406250.0
1093750.0
316 10 5
3750000.0
2812500.0
316 10 5
3750000.0
2968750.0
316 10 5
3437500.0
2812500.0
316 10 5
3437500.0
3125000.0
562 10 5
9375000.0
9375000.0
316 10 5
3750000.0
2968750.0
177 10 5
1406250.0
1171875.0
316 10 5
3750000.0
3125000.0
316 10 5
3750000.0
2968750.0
100 10 5
546875.0
390625.0
100 10 5
507812.5
429687.5
100 10 5
546875.0
410156.25
177 10 5
1484375.0
1171875.0
177 10 5
1328125.0
1171875.0
177 10 5
1484375.0
1015625.0
177 10 5
1406250.0
1171875.0
177 10 5
1484375.0
937500.0
177 10 5
1562500.0
1093750.0
177 10 5
1484375.0
1015625.0
100 10 5
625000.0
429687.5
177 10 5
1484375.0
1093750.0
316 10 5
3750000.0
2656250.0
562 10 5
9375000.0
9375000.0
562 10 5
8750000.0
1.0625E7
562 10 5
8750000.0
1.0625E7
1000 10 5
2.625E7
1.2E8
1000 10 5
2.5E7
1.4E8
562 10 5
8750000.0
1.25E7
562 10 5
8750000.0
8750000.0
1778 10 5
5.5E7
1.1E8
1778 10 5
6.0E7
1.0E8
1000 10 5
2.25E7
3.0E7
1778 10 5
6.0E7
8.0E7
1778 10 5
6.0E7
8.0E7
562 10 5
1.0E7
1.5E7
1000 10 5
2.5E7
2.75E7
1778 10 5
6.0E7
1.0E8
562 10 5
9375000.0
8125000.0
1778 10 5
6.0E7
1.0E8
1000 10 5
2.375E7
2.75E7
562 10 5
9375000.0
8125000.0
1778 10 5
6.0E7
1.1E8
1778 10 5
6.0E7
1.25E8
1778 10 5
6.0E7
9.0E7
3162 10 5
1.4E8
3.1E8
1778 10 5
6.0E7
1.4E8
1000 10 5
2.5E7
2.25E7
3162 10 5
1.4E8
2.7E8
1000 10 5
2.125E7
2.25E7
3162 10 5
1.4E8
3.0E8
3162 10 5
1.5E8
2.4E8
1000 10 5
2.5E7
2.25E7
1000 10 5
2.5E7
2.125E7
1000 10 5
2.5E7
2.25E7
3162 10 5
1.7E8
2.0E8
3162 10 5
1.6E8
2.0E8
3162 10 5
1.2E8
2.1E8
3162 10 5
1.4E8
2.0E8
3162 10 5
1.4E8
1.9E8
3162 10 5
1.5E8
1.8E8
5623 10 5
3.6E8
6.7E8
5623 10 5
3.6E8
6.5E8
5623 10 5
3.7E8
6.5E8
5623 10 5
3.6E8
6.7E8
5623 10 5
3.7E8
7.0E8
5623 10 5
3.6E8
6.6E8
5623 10 5
3.7E8
6.6E8
5623 10 5
3.6E8
7.3E8
5623 10 5
3.7E8
7.9E8
5623 10 5
3.8E8
7.9E8
10000 10 5
9.0E8
3.34E9
10000 10 5
9.2E8
3.71E9
10000 10 5
9.1E8
3.89E9
10000 10 5
9.1E8
3.97E9
10000 10 5
9.1E8
4.44E9
10000 10 5
9.1E8
4.53E9
10000 10 5
9.1E8
4.79E9
10000 10 5
9.1E8
4.74E9
10000 10 5
9.2E8
5.08E9
10000 10 5
9.4E8
4.84E9
17782 10 5
2.32E9
1.007E10
17782 10 5
2.31E9
1.032E10
17782 10 5
2.21E9
1.04E10
17782 10 5
2.31E9
1.05E10
17782 10 5
2.26E9
1.068E10
17782 10 5
2.29E9
1.144E10
17782 10 5
2.22E9
1.143E10
17782 10 5
2.35E9
1.166E10
17782 10 5
2.92E9
1.198E10
17782 10 5
2.28E9
1.23E10
31622 10 5
5.58E9
2.958E10
31622 10 5
5.52E9
2.887E10
31622 10 5
5.67E9
2.83E10
31622 10 5
5.9E9
2.888E10
31622 10 5
5.58E9
3.015E10
31622 10 5
6.46E9
2.986E10
31622 10 5
5.9E9
2.966E10
31622 10 5
5.58E9
3.067E10
31622 10 5
6.28E9
3.092E10
31622 10 5
5.63E9
3.732E10
56234 10 5
1.57E10
9.172E10
56234 10 5
1.333E10
9.349E10
56234 10 5
1.367E10
9.647E10
56234 10 5
1.324E10
1.0312E11
56234 10 5
1.342E10
1.0345E11
56234 10 5
1.324E10
1.0307E11
56234 10 5
1.346E10
1.0459E11
56234 10 5
1.325E10
1.0518E11
56234 10 5
1.345E10
1.0836E11
56234 10 5
1.315E10
1.0808E11
100000 10 5
3.206E10
2.8377E11
100000 10 5
3.1E10
2.7821E11
100000 10 5
3.041E10
2.8736E11
100000 10 5
3.148E10
2.8426E11
100000 10 5
3.078E10
2.8855E11
100000 10 5
3.118E10
2.8591E11
100000 10 5
3.943E10
2.8713E11
100000 10 5
3.095E10
2.9008E11
100000 10 5
3.156E10
2.9962E11
100000 10 5
3.168E10
2.9765E11
