316 6 5
3437500.0
3437500.0
100 6 5
507812.5
429687.5
316 6 5
3437500.0
4062500.0
177 6 5
1250000.0
1015625.0
100 6 5
507812.5
390625.0
177 6 5
1328125.0
1015625.0
177 6 5
1328125.0
1093750.0
177 6 5
1328125.0
1093750.0
562 6 5
7500000.0
1.0E7
177 6 5
1250000.0
1015625.0
177 6 5
1406250.0
1093750.0
316 6 5
3437500.0
3437500.0
562 6 5
8125000.0
9375000.0
177 6 5
1406250.0
1093750.0
177 6 5
1328125.0
1093750.0
316 6 5
3437500.0
3437500.0
316 6 5
3437500.0
3281250.0
100 6 5
507812.5
390625.0
100 6 5
507812.5
351562.5
177 6 5
1328125.0
1093750.0
100 6 5
507812.5
390625.0
100 6 5
507812.5
410156.25
100 6 5
546875.0
390625.0
177 6 5
1328125.0
1093750.0
100 6 5
507812.5
390625.0
100 6 5
507812.5
410156.25
100 6 5
546875.0
390625.0
316 6 5
3437500.0
2968750.0
316 6 5
3125000.0
3125000.0
316 6 5
3437500.0
2968750.0
316 6 5
3281250.0
2968750.0
316 6 5
3125000.0
3281250.0
562 6 5
6875000.0
1.0E7
562 6 5
7500000.0
1.5E7
562 6 5
8125000.0
1.25E7
1000 6 5
1.875E7
2.75E7
562 6 5
8125000.0
1.25E7
1000 6 5
1.875E7
2.75E7
1778 6 5
4.5E7
1.1E8
1778 6 5
4.75E7
1.3E8
1778 6 5
5.0E7
1.3E8
1778 6 5
4.75E7
1.1E8
1000 6 5
1.875E7
3.25E7
1000 6 5
1.875E7
3.75E7
562 6 5
7500000.0
1.125E7
1000 6 5
1.875E7
3.25E7
1000 6 5
1.875E7
2.75E7
562 6 5
8125000.0
1.0625E7
1000 6 5
1.875E7
3.5E7
1778 6 5
5.25E7
1.1E8
562 6 5
7500000.0
1.125E7
1000 6 5
1.875E7
3.25E7
1000 6 5
2.0E7
3.25E7
562 6 5
8125000.0
1.125E7
1000 6 5
1.875E7
3.25E7
1778 6 5
4.5E7
9.0E7
1778 6 5
4.75E7
9.0E7
1778 6 5
5.0E7
8.5E7
1778 6 5
4.75E7
9.5E7
3162 6 5
1.1E8
2.9E8
3162 6 5
1.1E8
3.5E8
3162 6 5
1.3E8
3.3E8
1778 6 5
5.0E7
8.0E7
3162 6 5
1.4E8
3.1E8
3162 6 5
1.3E8
2.7E8
3162 6 5
1.4E8
3.1E8
3162 6 5
1.1E8
3.2E8
3162 6 5
1.1E8
2.8E8
3162 6 5
1.1E8
3.3E8
3162 6 5
1.4E8
2.8E8
5623 6 5
2.7E8
1.02E9
5623 6 5
2.5E8
1.07E9
5623 6 5
2.4E8
1.12E9
5623 6 5
2.5E8
1.09E9
5623 6 5
2.4E8
1.17E9
5623 6 5
2.6E8
1.1E9
5623 6 5
2.6E8
1.17E9
5623 6 5
2.6E8
1.18E9
5623 6 5
2.6E8
1.12E9
5623 6 5
2.5E8
1.15E9
10000 6 5
6.9E8
3.34E9
10000 6 5
5.9E8
3.13E9
10000 6 5
5.8E8
3.38E9
10000 6 5
5.8E8
3.31E9
10000 6 5
5.8E8
3.24E9
10000 6 5
5.8E8
3.33E9
10000 6 5
5.7E8
3.27E9
10000 6 5
5.8E8
3.02E9
10000 6 5
5.7E8
3.2E9
10000 6 5
6.1E8
3.41E9
17782 6 5
1.39E9
1.301E10
17782 6 5
1.34E9
1.266E10
17782 6 5
1.43E9
1.269E10
17782 6 5
1.38E9
1.288E10
17782 6 5
1.33E9
1.298E10
17782 6 5
1.33E9
1.322E10
17782 6 5
1.34E9
1.322E10
17782 6 5
1.38E9
1.31E10
17782 6 5
1.35E9
1.364E10
17782 6 5
1.41E9
1.48E10
31622 6 5
3.11E9
4.536E10
31622 6 5
3.11E9
4.933E10
31622 6 5
3.02E9
4.975E10
31622 6 5
3.06E9
5.013E10
31622 6 5
3.03E9
5.118E10
31622 6 5
3.06E9
5.129E10
31622 6 5
3.09E9
5.047E10
31622 6 5
3.01E9
5.092E10
31622 6 5
3.23E9
5.16E10
31622 6 5
3.13E9
5.299E10
56234 6 5
8.22E9
1.4043E11
56234 6 5
7.0E9
1.4105E11
56234 6 5
7.14E9
1.4445E11
56234 6 5
6.84E9
1.4519E11
56234 6 5
7.63E9
1.4398E11
56234 6 5
7.45E9
1.4494E11
56234 6 5
6.74E9
1.4652E11
56234 6 5
7.06E9
1.4819E11
56234 6 5
6.61E9
1.4901E11
56234 6 5
6.76E9
1.5339E11
100000 6 5
1.522E10
3.8196E11
100000 6 5
1.556E10
4.0191E11
100000 6 5
1.653E10
4.0019E11
100000 6 5
1.691E10
4.2781E11
100000 6 5
1.627E10
4.304E11
100000 6 5
1.775E10
4.3111E11
100000 6 5
1.536E10
4.4516E11
100000 6 5
1.656E10
4.4428E11
100000 6 5
1.484E10
4.4825E11
100000 6 5
1.542E10
4.563E11
