316 7 3
3437500.0
3437500.0
316 7 3
3750000.0
3437500.0
100 7 3
507812.5
429687.5
100 7 3
507812.5
429687.5
100 7 3
546875.0
429687.5
100 7 3
546875.0
429687.5
100 7 3
585937.5
429687.5
177 7 3
1250000.0
1093750.0
177 7 3
1328125.0
1093750.0
177 7 3
1250000.0
1015625.0
177 7 3
1250000.0
1015625.0
177 7 3
1406250.0
1015625.0
316 7 3
3437500.0
2968750.0
177 7 3
1328125.0
1093750.0
177 7 3
1328125.0
1093750.0
562 7 3
8125000.0
9375000.0
177 7 3
1406250.0
1093750.0
316 7 3
3437500.0
3125000.0
562 7 3
8125000.0
8750000.0
100 7 3
507812.5
410156.25
177 7 3
1328125.0
1093750.0
100 7 3
585937.5
371093.75
316 7 3
3437500.0
3281250.0
316 7 3
3750000.0
3281250.0
100 7 3
546875.0
371093.75
100 7 3
585937.5
390625.0
100 7 3
546875.0
390625.0
177 7 3
1328125.0
1015625.0
316 7 3
3437500.0
2968750.0
316 7 3
3281250.0
2968750.0
316 7 3
3437500.0
2812500.0
316 7 3
3281250.0
2812500.0
562 7 3
8125000.0
9375000.0
562 7 3
8750000.0
1.0E7
562 7 3
8750000.0
1.125E7
562 7 3
8125000.0
8750000.0
562 7 3
8125000.0
1.5625E7
562 7 3
8750000.0
1.4375E7
1778 7 3
5.5E7
1.0E8
562 7 3
8750000.0
1.25E7
1778 7 3
5.5E7
1.0E8
1778 7 3
5.0E7
1.1E8
1778 7 3
5.5E7
1.15E8
1778 7 3
5.25E7
1.2E8
1778 7 3
5.5E7
1.2E8
1000 7 3
2.25E7
3.25E7
1778 7 3
5.5E7
1.1E8
1000 7 3
2.0E7
2.75E7
1000 7 3
2.125E7
3.25E7
1000 7 3
2.125E7
3.25E7
1778 7 3
5.25E7
1.3E8
1000 7 3
2.25E7
3.25E7
1000 7 3
2.25E7
3.0E7
1778 7 3
5.5E7
1.1E8
1000 7 3
2.25E7
3.0E7
562 7 3
8750000.0
8750000.0
1000 7 3
2.125E7
3.0E7
3162 7 3
1.3E8
3.5E8
3162 7 3
1.3E8
3.2E8
1778 7 3
5.75E7
8.5E7
3162 7 3
1.2E8
3.2E8
1000 7 3
2.25E7
2.5E7
1000 7 3
2.375E7
2.5E7
3162 7 3
1.3E8
3.2E8
3162 7 3
1.3E8
2.8E8
3162 7 3
1.3E8
2.6E8
3162 7 3
1.3E8
2.7E8
3162 7 3
1.3E8
2.4E8
3162 7 3
1.3E8
2.6E8
3162 7 3
1.3E8
2.2E8
5623 7 3
3.1E8
7.8E8
5623 7 3
3.2E8
9.0E8
5623 7 3
3.1E8
9.1E8
5623 7 3
3.0E8
9.3E8
5623 7 3
3.0E8
9.3E8
5623 7 3
3.1E8
1.04E9
5623 7 3
3.1E8
1.0E9
5623 7 3
3.2E8
1.02E9
5623 7 3
3.2E8
9.4E8
5623 7 3
3.1E8
1.2E9
10000 7 3
7.8E8
2.86E9
10000 7 3
7.5E8
2.97E9
10000 7 3
7.9E8
3.0E9
10000 7 3
8.1E8
3.39E9
10000 7 3
7.5E8
3.36E9
10000 7 3
7.5E8
3.46E9
10000 7 3
7.7E8
3.75E9
10000 7 3
8.0E8
3.91E9
10000 7 3
7.4E8
4.02E9
10000 7 3
8.2E8
4.6E9
17782 7 3
1.8E9
1.069E10
17782 7 3
1.75E9
1.155E10
17782 7 3
1.85E9
1.136E10
17782 7 3
1.74E9
1.127E10
17782 7 3
1.83E9
1.268E10
17782 7 3
1.75E9
1.563E10
17782 7 3
1.75E9
1.603E10
17782 7 3
1.87E9
1.611E10
17782 7 3
2.0E9
1.628E10
17782 7 3
1.79E9
1.665E10
31622 7 3
4.08E9
4.728E10
31622 7 3
4.42E9
4.722E10
31622 7 3
4.89E9
4.687E10
31622 7 3
4.21E9
4.89E10
31622 7 3
4.2E9
4.896E10
31622 7 3
4.13E9
4.947E10
31622 7 3
4.3E9
4.908E10
31622 7 3
4.87E9
5.006E10
31622 7 3
4.23E9
5.094E10
31622 7 3
4.65E9
5.111E10
56234 7 3
9.86E9
1.3456E11
56234 7 3
9.73E9
1.4287E11
56234 7 3
1.118E10
1.495E11
56234 7 3
1.0E10
1.4702E11
56234 7 3
1.023E10
1.5191E11
56234 7 3
1.123E10
1.5464E11
56234 7 3
1.128E10
1.533E11
56234 7 3
9.63E9
1.6029E11
56234 7 3
9.5E9
1.6277E11
56234 7 3
1.002E10
1.6591E11
100000 7 3
2.158E10
3.6836E11
100000 7 3
2.25E10
3.8264E11
100000 7 3
2.277E10
3.7373E11
100000 7 3
2.237E10
3.7863E11
100000 7 3
2.225E10
3.9159E11
100000 7 3
2.33E10
3.916E11
100000 7 3
2.177E10
3.939E11
100000 7 3
2.253E10
4.05E11
100000 7 3
2.22E10
3.9753E11
100000 7 3
2.277E10
4.0476E11
