177 3 2
468750.0
859375.0
100 3 2
253906.25
585937.5
100 3 2
449218.75
2343750.0
100 3 2
214843.75
1640625.0
100 3 2
292968.75
507812.5
177 3 2
898437.5
8125000.0
316 3 2
1093750.0
4687500.0
100 3 2
234375.0
292968.75
316 3 2
1171875.0
4375000.0
100 3 2
273437.5
546875.0
177 3 2
507812.5
1093750.0
316 3 2
1171875.0
4375000.0
100 3 2
214843.75
371093.75
100 3 2
253906.25
332031.25
177 3 2
507812.5
1171875.0
316 3 2
1562500.0
3437500.0
100 3 2
351562.5
332031.25
316 3 2
1171875.0
2500000.0
177 3 2
585937.5
1250000.0
177 3 2
546875.0
1328125.0
100 3 2
214843.75
410156.25
316 3 2
937500.0
2656250.0
177 3 2
742187.5
1093750.0
177 3 2
742187.5
1171875.0
177 3 2
585937.5
1171875.0
562 3 2
2968750.0
1.0E7
562 3 2
3281250.0
9375000.0
316 3 2
3359375.0
3750000.0
316 3 2
3203125.0
4375000.0
1778 3 2
1.5E7
1.4E8
562 3 2
5312500.0
1.1E8
562 3 2
1875000.0
8125000.0
562 3 2
2031250.0
8750000.0
1778 3 2
1.375E7
1.7E8
1000 3 2
7187500.0
5.5E7
562 3 2
2500000.0
1.875E7
1778 3 2
6875000.0
8.0E7
1000 3 2
7500000.0
4.25E7
562 3 2
1718750.0
9375000.0
562 3 2
3281250.0
2.125E7
1000 3 2
4062500.0
2.375E7
1778 3 2
1.125E7
2.1E8
1778 3 2
3.0E7
1.7E8
1778 3 2
7500000.0
8.0E7
562 3 2
2968750.0
1.875E7
1000 3 2
3750000.0
2.375E7
1000 3 2
5625000.0
4.75E7
1000 3 2
3750000.0
4.5E7
1000 3 2
5000000.0
5.75E7
316 3 2
3828125.0
1.46875E7
1778 3 2
1.6875E7
1.3E8
1778 3 2
1.8125E7
1.6E8
1000 3 2
6562500.0
4.25E7
1778 3 2
3.0E7
1.5E8
1000 3 2
7500000.0
2.2E8
1778 3 2
1.125E7
1.3E8
1000 3 2
7187500.0
2.375E7
177 3 2
1601562.5
5156250.0
316 3 2
3750000.0
9687500.0
3162 3 2
1.75E7
2.5E8
3162 3 2
3.25E7
4.3E8
3162 3 2
1.625E7
2.4E8
3162 3 2
1.375E7
2.4E8
3162 3 2
1.5E7
2.5E8
3162 3 2
3.0E7
4.2E8
3162 3 2
2.75E7
4.3E8
3162 3 2
3.25E7
5.3E8
562 3 2
1.15625E7
9.5E7
5623 3 2
3.25E7
7.8E8
5623 3 2
3.25E7
8.2E8
5623 3 2
3.0E7
8.3E8
3162 3 2
2.6E8
1.36E9
3162 3 2
1.1E8
1.74E9
5623 3 2
5.5E7
1.45E9
5623 3 2
3.75E7
1.34E9
5623 3 2
3.75E7
1.32E9
5623 3 2
6.0E7
1.43E9
5623 3 2
3.75E7
1.39E9
5623 3 2
6.5E7
1.61E9
5623 3 2
2.1E8
2.73E9
10000 3 2
6.5E7
2.53E9
10000 3 2
1.1E8
3.49E9
10000 3 2
7.5E7
4.25E9
10000 3 2
1.1E8
4.25E9
10000 3 2
8.5E7
4.56E9
10000 3 2
1.2E8
5.06E9
10000 3 2
2.6E8
5.46E9
10000 3 2
2.0E8
5.56E9
10000 3 2
1.2E8
5.83E9
10000 3 2
6.2E8
6.11E9
17782 3 2
1.8E8
9.78E9
17782 3 2
1.8E8
1.007E10
17782 3 2
1.6E8
1.14E10
17782 3 2
1.8E8
1.147E10
17782 3 2
3.2E8
1.16E10
17782 3 2
7.9E8
1.277E10
17782 3 2
2.5E8
1.409E10
17782 3 2
3.8E8
1.863E10
17782 3 2
3.1E8
1.887E10
17782 3 2
8.8E8
1.866E10
31622 3 2
3.5E8
3.853E10
31622 3 2
3.5E8
3.978E10
31622 3 2
3.0E8
4.214E10
31622 3 2
1.53E9
4.113E10
31622 3 2
5.6E8
4.286E10
31622 3 2
5.7E8
4.38E10
31622 3 2
5.4E8
4.505E10
31622 3 2
1.4E9
4.402E10
31622 3 2
1.11E9
4.54E10
31622 3 2
6.2E8
4.721E10
56234 3 2
8.8E8
1.1741E11
56234 3 2
1.16E9
1.2496E11
56234 3 2
1.6E9
1.2785E11
56234 3 2
6.1E8
1.3289E11
56234 3 2
1.22E9
1.3758E11
56234 3 2
1.17E9
1.3617E11
56234 3 2
4.7E8
1.3646E11
56234 3 2
9.9E8
1.4092E11
56234 3 2
1.03E9
1.4169E11
56234 3 2
1.1E9
1.5725E11
100000 3 2
3.4E9
3.4573E11
100000 3 2
2.03E9
3.4567E11
100000 3 2
1.51E9
3.6683E11
100000 3 2
1.51E9
3.7162E11
100000 3 2
1.62E9
3.7284E11
100000 3 2
3.52E9
3.7774E11
100000 3 2
1.12E9
3.7222E11
100000 3 2
1.6E9
3.9278E11
100000 3 2
1.03E9
3.9724E11
100000 3 2
1.56E9
3.9734E11
