177 30 1
1718750.0
1718750.0
100 30 1
625000.0
859375.0
100 30 1
546875.0
859375.0
100 30 1
546875.0
937500.0
316 30 1
4062500.0
3750000.0
100 30 1
585937.5
937500.0
100 30 1
546875.0
937500.0
316 30 1
3750000.0
4062500.0
316 30 1
4062500.0
4375000.0
100 30 1
585937.5
859375.0
316 30 1
4375000.0
4062500.0
316 30 1
4062500.0
4062500.0
316 30 1
4062500.0
4062500.0
316 30 1
4062500.0
4062500.0
316 30 1
4062500.0
4062500.0
177 30 1
1562500.0
1718750.0
316 30 1
4375000.0
4062500.0
177 30 1
1328125.0
1875000.0
177 30 1
1640625.0
1718750.0
177 30 1
1562500.0
1718750.0
177 30 1
1640625.0
1718750.0
316 30 1
4062500.0
3750000.0
177 30 1
1562500.0
1718750.0
177 30 1
1640625.0
1718750.0
177 30 1
1562500.0
1718750.0
100 30 1
546875.0
781250.0
177 30 1
1562500.0
1718750.0
100 30 1
585937.5
820312.5
100 30 1
625000.0
781250.0
562 30 1
1.0E7
8125000.0
100 30 1
625000.0
781250.0
562 30 1
1.0E7
8750000.0
562 30 1
1.0E7
1.25E7
562 30 1
1.0E7
1.125E7
1778 30 1
6.5E7
6.5E7
1778 30 1
6.5E7
7.5E7
1778 30 1
7.0E7
7.0E7
1778 30 1
6.5E7
7.0E7
562 30 1
1.0E7
1.125E7
1778 30 1
6.5E7
7.0E7
562 30 1
1.0E7
1.125E7
1778 30 1
6.5E7
7.5E7
1000 30 1
2.75E7
2.625E7
1000 30 1
2.5E7
3.0E7
562 30 1
1.0625E7
1.0E7
562 30 1
1.0E7
1.3125E7
1778 30 1
6.5E7
7.0E7
562 30 1
9375000.0
1.0625E7
1778 30 1
7.0E7
7.0E7
1778 30 1
6.5E7
7.5E7
1778 30 1
6.5E7
7.5E7
562 30 1
1.0625E7
9375000.0
3162 30 1
1.6E8
2.2E8
3162 30 1
1.7E8
2.1E8
3162 30 1
1.6E8
2.0E8
3162 30 1
1.7E8
1.8E8
1000 30 1
2.625E7
2.25E7
1000 30 1
2.625E7
2.125E7
1000 30 1
2.75E7
2.25E7
1000 30 1
2.5E7
2.25E7
1000 30 1
2.625E7
2.375E7
1000 30 1
2.5E7
2.375E7
1000 30 1
2.625E7
2.25E7
1000 30 1
2.625E7
2.375E7
3162 30 1
1.6E8
1.5E8
3162 30 1
1.6E8
1.7E8
3162 30 1
1.6E8
1.6E8
3162 30 1
1.6E8
1.7E8
3162 30 1
1.7E8
1.8E8
3162 30 1
1.7E8
1.5E8
5623 30 1
3.9E8
4.7E8
5623 30 1
4.0E8
4.6E8
5623 30 1
4.3E8
4.8E8
5623 30 1
4.4E8
4.8E8
5623 30 1
4.1E8
4.6E8
5623 30 1
4.2E8
5.0E8
5623 30 1
4.2E8
4.8E8
5623 30 1
4.3E8
4.9E8
5623 30 1
4.4E8
5.2E8
5623 30 1
4.3E8
4.9E8
10000 30 1
9.8E8
1.83E9
10000 30 1
1.05E9
1.59E9
10000 30 1
1.02E9
1.69E9
10000 30 1
1.04E9
1.55E9
10000 30 1
1.06E9
1.88E9
10000 30 1
1.04E9
1.92E9
10000 30 1
1.04E9
1.75E9
10000 30 1
1.03E9
1.8E9
10000 30 1
1.15E9
1.86E9
10000 30 1
1.18E9
1.78E9
17782 30 1
2.6E9
4.85E9
17782 30 1
2.59E9
5.08E9
17782 30 1
2.6E9
4.91E9
17782 30 1
2.54E9
5.13E9
17782 30 1
2.72E9
4.9E9
17782 30 1
2.59E9
5.08E9
17782 30 1
2.61E9
5.25E9
17782 30 1
2.6E9
5.45E9
17782 30 1
2.61E9
6.26E9
17782 30 1
2.8E9
5.63E9
31622 30 1
6.74E9
1.714E10
31622 30 1
6.78E9
1.972E10
31622 30 1
6.76E9
2.024E10
31622 30 1
6.87E9
2.082E10
31622 30 1
6.64E9
2.198E10
31622 30 1
6.49E9
2.179E10
31622 30 1
6.42E9
2.194E10
31622 30 1
6.58E9
2.223E10
31622 30 1
6.5E9
2.205E10
31622 30 1
6.79E9
2.185E10
56234 30 1
1.597E10
6.384E10
56234 30 1
1.757E10
6.287E10
56234 30 1
1.619E10
6.787E10
56234 30 1
2.067E10
6.236E10
56234 30 1
1.993E10
6.328E10
56234 30 1
1.587E10
6.739E10
56234 30 1
1.634E10
6.776E10
56234 30 1
1.647E10
6.791E10
56234 30 1
1.618E10
6.617E10
56234 30 1
1.627E10
6.957E10
100000 30 1
3.99E10
1.5518E11
100000 30 1
3.933E10
1.5629E11
100000 30 1
3.943E10
1.6102E11
100000 30 1
3.962E10
1.6591E11
100000 30 1
3.951E10
1.6165E11
100000 30 1
4.037E10
1.7463E11
100000 30 1
3.963E10
1.6872E11
100000 30 1
3.933E10
1.7317E11
100000 30 1
4.182E10
1.7764E11
100000 30 1
3.899E10
1.7511E11
