316 9 10
3437500.0
3437500.0
316 9 10
3750000.0
3437500.0
100 9 10
507812.5
429687.5
100 9 10
585937.5
429687.5
177 9 10
1328125.0
1015625.0
316 9 10
3750000.0
3281250.0
316 9 10
3750000.0
2812500.0
100 9 10
507812.5
390625.0
316 9 10
3750000.0
3593750.0
100 9 10
507812.5
390625.0
100 9 10
546875.0
371093.75
316 9 10
3437500.0
3593750.0
316 9 10
3750000.0
2968750.0
562 9 10
9375000.0
1.1875E7
177 9 10
1406250.0
1015625.0
177 9 10
1484375.0
1093750.0
316 9 10
3750000.0
3437500.0
177 9 10
1484375.0
1093750.0
177 9 10
1484375.0
937500.0
177 9 10
1484375.0
1015625.0
177 9 10
1484375.0
1015625.0
100 9 10
546875.0
390625.0
562 9 10
9375000.0
1.1875E7
316 9 10
3437500.0
4062500.0
177 9 10
1406250.0
1015625.0
316 9 10
3750000.0
3750000.0
177 9 10
1406250.0
937500.0
177 9 10
1328125.0
1015625.0
100 9 10
585937.5
429687.5
100 9 10
546875.0
410156.25
100 9 10
585937.5
332031.25
100 9 10
546875.0
410156.25
562 9 10
1.0E7
8125000.0
562 9 10
8750000.0
8750000.0
562 9 10
9375000.0
9375000.0
562 9 10
9375000.0
1.0625E7
1778 9 10
6.0E7
8.5E7
1778 9 10
6.0E7
9.5E7
1778 9 10
6.0E7
9.5E7
1778 9 10
6.0E7
8.5E7
1000 9 10
2.375E7
2.75E7
562 9 10
8750000.0
9375000.0
562 9 10
1.0E7
8750000.0
1778 9 10
5.5E7
9.0E7
1778 9 10
5.5E7
9.5E7
562 9 10
9375000.0
8750000.0
562 9 10
8750000.0
8750000.0
1000 9 10
2.25E7
2.75E7
1778 9 10
6.5E7
9.0E7
1778 9 10
6.0E7
1.0E8
1000 9 10
2.25E7
3.0E7
1778 9 10
6.0E7
1.0E8
1778 9 10
5.5E7
1.1E8
3162 9 10
1.4E8
2.7E8
3162 9 10
1.4E8
2.4E8
3162 9 10
1.4E8
2.8E8
3162 9 10
1.4E8
2.8E8
1000 9 10
2.25E7
2.25E7
1000 9 10
2.375E7
2.25E7
1000 9 10
2.375E7
2.25E7
1000 9 10
2.625E7
2.375E7
1000 9 10
2.375E7
2.375E7
1000 9 10
2.5E7
2.5E7
1000 9 10
2.625E7
2.375E7
3162 9 10
1.7E8
2.2E8
3162 9 10
1.4E8
2.1E8
3162 9 10
1.4E8
2.6E8
3162 9 10
1.5E8
2.3E8
3162 9 10
1.5E8
2.1E8
3162 9 10
1.4E8
2.1E8
5623 9 10
3.5E8
7.0E8
5623 9 10
3.6E8
6.9E8
5623 9 10
3.5E8
7.2E8
5623 9 10
3.7E8
6.6E8
5623 9 10
3.5E8
7.0E8
5623 9 10
3.6E8
7.5E8
5623 9 10
3.6E8
7.9E8
5623 9 10
3.5E8
8.0E8
5623 9 10
3.6E8
7.6E8
5623 9 10
3.6E8
7.6E8
10000 9 10
8.5E8
2.28E9
10000 9 10
8.7E8
2.27E9
10000 9 10
8.5E8
2.37E9
10000 9 10
8.6E8
2.68E9
10000 9 10
8.5E8
2.65E9
10000 9 10
8.7E8
2.64E9
10000 9 10
8.7E8
2.8E9
10000 9 10
9.1E8
3.0E9
10000 9 10
9.0E8
2.77E9
10000 9 10
8.8E8
2.75E9
17782 9 10
2.54E9
9.44E9
17782 9 10
2.26E9
1.049E10
17782 9 10
2.25E9
1.053E10
17782 9 10
2.12E9
1.13E10
17782 9 10
2.07E9
1.114E10
17782 9 10
2.23E9
1.215E10
17782 9 10
2.27E9
1.211E10
17782 9 10
2.29E9
1.269E10
17782 9 10
2.14E9
1.322E10
17782 9 10
2.1E9
1.324E10
31622 9 10
5.89E9
3.535E10
31622 9 10
5.26E9
3.471E10
31622 9 10
5.11E9
3.516E10
31622 9 10
5.37E9
3.703E10
31622 9 10
5.7E9
3.724E10
31622 9 10
5.63E9
3.673E10
31622 9 10
5.56E9
3.765E10
31622 9 10
5.82E9
3.87E10
31622 9 10
5.26E9
4.137E10
31622 9 10
5.31E9
4.307E10
56234 9 10
1.336E10
1.1327E11
56234 9 10
1.297E10
1.1417E11
56234 9 10
1.346E10
1.1876E11
56234 9 10
1.243E10
1.2054E11
56234 9 10
1.267E10
1.2114E11
56234 9 10
1.297E10
1.2218E11
56234 9 10
1.262E10
1.2336E11
56234 9 10
1.337E10
1.2762E11
56234 9 10
1.315E10
1.2846E11
56234 9 10
1.294E10
1.3359E11
100000 9 10
3.038E10
3.2002E11
100000 9 10
3.003E10
3.1127E11
100000 9 10
3.018E10
3.2527E11
100000 9 10
3.013E10
3.1622E11
100000 9 10
3.002E10
3.1528E11
100000 9 10
2.96E10
3.1684E11
100000 9 10
3.05E10
3.1689E11
100000 9 10
3.077E10
3.1784E11
100000 9 10
2.997E10
3.2366E11
100000 9 10
3.027E10
3.2872E11
