100 9 20
507812.5
312500.0
177 9 20
1406250.0
937500.0
100 9 20
546875.0
332031.25
177 9 20
1484375.0
859375.0
177 9 20
1406250.0
1015625.0
316 9 20
3437500.0
2500000.0
177 9 20
1562500.0
1015625.0
177 9 20
1484375.0
1015625.0
316 9 20
3437500.0
2500000.0
316 9 20
3750000.0
2812500.0
177 9 20
1406250.0
937500.0
100 9 20
468750.0
371093.75
562 9 20
9375000.0
7500000.0
177 9 20
1406250.0
937500.0
177 9 20
1484375.0
1015625.0
562 9 20
9375000.0
8750000.0
177 9 20
1484375.0
937500.0
316 9 20
3437500.0
2812500.0
100 9 20
585937.5
351562.5
316 9 20
3437500.0
2656250.0
177 9 20
1484375.0
1015625.0
316 9 20
3750000.0
2968750.0
100 9 20
625000.0
371093.75
316 9 20
3437500.0
2812500.0
316 9 20
3750000.0
2812500.0
316 9 20
3437500.0
2812500.0
100 9 20
585937.5
351562.5
100 9 20
585937.5
351562.5
100 9 20
546875.0
312500.0
100 9 20
546875.0
332031.25
316 9 20
3437500.0
2500000.0
100 9 20
585937.5
371093.75
1778 9 20
5.5E7
1.05E8
1778 9 20
5.5E7
9.5E7
1778 9 20
6.0E7
1.0E8
1778 9 20
5.5E7
1.0E8
1778 9 20
5.5E7
9.0E7
1778 9 20
5.5E7
1.05E8
1778 9 20
5.5E7
9.5E7
1778 9 20
6.0E7
1.0E8
562 9 20
9375000.0
8750000.0
1778 9 20
5.5E7
9.0E7
562 9 20
9375000.0
8750000.0
562 9 20
9375000.0
8125000.0
1778 9 20
6.0E7
1.05E8
562 9 20
9375000.0
8125000.0
1000 9 20
2.25E7
3.0E7
562 9 20
8750000.0
8125000.0
562 9 20
8750000.0
8125000.0
562 9 20
8750000.0
8750000.0
3162 9 20
1.4E8
2.9E8
1000 9 20
2.5E7
2.75E7
3162 9 20
1.5E8
2.9E8
562 9 20
9375000.0
8750000.0
3162 9 20
1.5E8
2.7E8
3162 9 20
1.4E8
3.0E8
1000 9 20
2.375E7
2.125E7
1000 9 20
2.25E7
2.125E7
1000 9 20
2.25E7
2.125E7
1000 9 20
2.5E7
2.25E7
1000 9 20
2.375E7
2.25E7
1000 9 20
2.375E7
2.25E7
1000 9 20
2.5E7
2.125E7
1000 9 20
2.25E7
2.125E7
3162 9 20
1.4E8
2.0E8
3162 9 20
1.3E8
2.2E8
3162 9 20
1.4E8
2.0E8
3162 9 20
1.5E8
2.1E8
3162 9 20
1.4E8
2.1E8
3162 9 20
1.5E8
2.1E8
5623 9 20
3.6E8
6.5E8
5623 9 20
3.7E8
6.9E8
5623 9 20
3.5E8
6.9E8
5623 9 20
3.5E8
7.1E8
5623 9 20
3.6E8
6.8E8
5623 9 20
3.7E8
6.8E8
5623 9 20
3.5E8
7.2E8
5623 9 20
3.5E8
6.9E8
5623 9 20
3.6E8
6.9E8
5623 9 20
3.7E8
6.4E8
10000 9 20
8.5E8
2.64E9
10000 9 20
8.7E8
2.63E9
10000 9 20
8.6E8
2.58E9
10000 9 20
8.7E8
2.71E9
10000 9 20
8.7E8
2.81E9
10000 9 20
8.8E8
2.8E9
10000 9 20
8.5E8
2.85E9
10000 9 20
8.6E8
2.9E9
10000 9 20
8.8E8
2.68E9
10000 9 20
8.8E8
2.88E9
17782 9 20
2.17E9
9.87E9
17782 9 20
2.09E9
1.049E10
17782 9 20
2.26E9
1.097E10
17782 9 20
2.31E9
1.057E10
17782 9 20
2.14E9
1.114E10
17782 9 20
2.15E9
1.141E10
17782 9 20
2.17E9
1.159E10
17782 9 20
2.16E9
1.211E10
17782 9 20
2.16E9
1.239E10
17782 9 20
2.23E9
1.263E10
31622 9 20
5.31E9
3.812E10
31622 9 20
5.31E9
3.872E10
31622 9 20
5.28E9
4.096E10
31622 9 20
6.21E9
4.232E10
31622 9 20
5.39E9
4.446E10
31622 9 20
5.45E9
4.545E10
31622 9 20
5.14E9
4.662E10
31622 9 20
5.15E9
4.611E10
31622 9 20
5.18E9
5.006E10
31622 9 20
5.12E9
5.317E10
56234 9 20
1.311E10
1.4511E11
56234 9 20
1.357E10
1.4604E11
56234 9 20
1.257E10
1.5013E11
56234 9 20
1.341E10
1.5268E11
56234 9 20
1.274E10
1.5673E11
56234 9 20
1.264E10
1.5949E11
56234 9 20
1.369E10
1.601E11
56234 9 20
1.273E10
1.6057E11
56234 9 20
1.279E10
1.6456E11
56234 9 20
1.517E10
1.6823E11
100000 9 20
3.101E10
3.5033E11
100000 9 20
3.155E10
3.4308E11
100000 9 20
3.201E10
3.5539E11
100000 9 20
3.116E10
3.637E11
100000 9 20
3.132E10
3.6452E11
100000 9 20
3.28E10
3.6966E11
100000 9 20
2.979E10
3.8472E11
100000 9 20
3.01E10
3.8345E11
100000 9 20
3.21E10
3.9211E11
100000 9 20
3.076E10
4.0396E11
