316 20 3
4062500.0
3437500.0
316 20 3
3750000.0
3437500.0
316 20 3
4062500.0
3437500.0
562 20 3
9375000.0
8125000.0
100 20 3
546875.0
585937.5
100 20 3
585937.5
546875.0
100 20 3
585937.5
507812.5
562 20 3
1.0E7
8125000.0
100 20 3
507812.5
625000.0
100 20 3
625000.0
585937.5
100 20 3
546875.0
585937.5
100 20 3
585937.5
585937.5
100 20 3
546875.0
585937.5
100 20 3
625000.0
585937.5
316 20 3
3750000.0
3281250.0
316 20 3
4062500.0
3281250.0
316 20 3
4062500.0
3125000.0
316 20 3
4062500.0
3281250.0
316 20 3
3437500.0
3437500.0
316 20 3
3750000.0
3281250.0
100 20 3
585937.5
585937.5
177 20 3
1484375.0
1328125.0
177 20 3
1484375.0
1328125.0
177 20 3
1484375.0
1406250.0
177 20 3
1484375.0
1328125.0
177 20 3
1562500.0
1328125.0
177 20 3
1562500.0
1328125.0
177 20 3
1484375.0
1328125.0
177 20 3
1562500.0
1328125.0
177 20 3
1562500.0
1328125.0
316 20 3
3750000.0
2968750.0
177 20 3
1562500.0
1328125.0
562 20 3
1.0E7
8125000.0
562 20 3
1.0E7
8125000.0
562 20 3
1.0E7
8750000.0
1778 20 3
6.5E7
6.5E7
1778 20 3
6.0E7
6.5E7
1778 20 3
6.5E7
6.5E7
1778 20 3
6.5E7
6.5E7
562 20 3
1.0625E7
9375000.0
1778 20 3
6.0E7
6.5E7
562 20 3
1.0E7
1.0E7
1778 20 3
6.5E7
7.0E7
562 20 3
1.0E7
1.125E7
1778 20 3
6.0E7
8.0E7
1000 20 3
2.375E7
3.5E7
1000 20 3
2.5E7
3.5E7
1778 20 3
6.5E7
6.5E7
1000 20 3
2.5E7
3.25E7
1778 20 3
6.5E7
8.0E7
562 20 3
1.0625E7
1.125E7
1000 20 3
2.5E7
3.0E7
562 20 3
1.0E7
1.125E7
1778 20 3
6.5E7
8.5E7
1000 20 3
2.5E7
1.875E7
3162 20 3
1.6E8
2.3E8
3162 20 3
1.6E8
2.4E8
1000 20 3
2.5E7
2.0E7
3162 20 3
1.6E8
2.2E8
1000 20 3
2.5E7
2.25E7
1000 20 3
2.5E7
2.0E7
3162 20 3
1.6E8
2.4E8
1000 20 3
2.375E7
1.875E7
1000 20 3
2.375E7
2.0E7
3162 20 3
1.5E8
1.8E8
3162 20 3
1.7E8
1.6E8
3162 20 3
1.9E8
1.7E8
3162 20 3
1.6E8
1.6E8
3162 20 3
1.6E8
1.5E8
3162 20 3
1.6E8
1.5E8
5623 20 3
4.0E8
4.7E8
5623 20 3
3.9E8
4.8E8
5623 20 3
4.1E8
4.9E8
5623 20 3
4.0E8
5.1E8
5623 20 3
4.1E8
4.9E8
5623 20 3
4.0E8
4.7E8
5623 20 3
4.0E8
5.2E8
5623 20 3
4.1E8
5.4E8
5623 20 3
3.9E8
5.3E8
5623 20 3
3.9E8
5.3E8
10000 20 3
1.0E9
1.53E9
10000 20 3
1.02E9
1.63E9
10000 20 3
1.0E9
1.64E9
10000 20 3
9.8E8
1.66E9
10000 20 3
1.01E9
1.74E9
10000 20 3
1.0E9
1.74E9
10000 20 3
1.01E9
1.77E9
10000 20 3
1.06E9
1.75E9
10000 20 3
9.9E8
1.71E9
10000 20 3
1.03E9
1.65E9
17782 20 3
2.46E9
5.11E9
17782 20 3
2.46E9
5.44E9
17782 20 3
2.43E9
5.44E9
17782 20 3
2.42E9
5.59E9
17782 20 3
2.57E9
5.61E9
17782 20 3
2.6E9
5.62E9
17782 20 3
2.61E9
5.75E9
17782 20 3
2.56E9
5.69E9
17782 20 3
2.59E9
5.76E9
17782 20 3
2.64E9
6.01E9
31622 20 3
6.12E9
2.194E10
31622 20 3
6.83E9
2.077E10
31622 20 3
5.81E9
2.32E10
31622 20 3
6.29E9
2.299E10
31622 20 3
6.61E9
2.205E10
31622 20 3
6.29E9
2.365E10
31622 20 3
6.29E9
2.429E10
31622 20 3
6.09E9
2.545E10
31622 20 3
6.92E9
2.426E10
31622 20 3
6.41E9
2.413E10
56234 20 3
1.527E10
7.079E10
56234 20 3
1.488E10
7.439E10
56234 20 3
1.531E10
7.66E10
56234 20 3
1.634E10
7.906E10
56234 20 3
1.499E10
8.171E10
56234 20 3
1.576E10
8.078E10
56234 20 3
1.531E10
8.127E10
56234 20 3
1.518E10
8.198E10
56234 20 3
1.518E10
8.282E10
56234 20 3
1.532E10
8.298E10
100000 20 3
3.745E10
1.8901E11
100000 20 3
3.651E10
1.9177E11
100000 20 3
3.792E10
2.0435E11
100000 20 3
3.869E10
1.9555E11
100000 20 3
3.671E10
1.9972E11
100000 20 3
3.706E10
2.0133E11
100000 20 3
3.702E10
2.0278E11
100000 20 3
3.795E10
2.0369E11
100000 20 3
3.83E10
2.0268E11
100000 20 3
3.746E10
2.0806E11
