316 20 20
3750000.0
3437500.0
316 20 20
4062500.0
3437500.0
316 20 20
4062500.0
3437500.0
316 20 20
4062500.0
3437500.0
316 20 20
4062500.0
3437500.0
100 20 20
546875.0
546875.0
100 20 20
546875.0
546875.0
100 20 20
585937.5
546875.0
562 20 20
1.0E7
8125000.0
100 20 20
585937.5
546875.0
100 20 20
546875.0
546875.0
100 20 20
585937.5
546875.0
100 20 20
585937.5
546875.0
562 20 20
1.0E7
8125000.0
100 20 20
664062.5
585937.5
316 20 20
3750000.0
2968750.0
316 20 20
3750000.0
2968750.0
316 20 20
4062500.0
2968750.0
100 20 20
585937.5
546875.0
316 20 20
4062500.0
3125000.0
100 20 20
625000.0
585937.5
316 20 20
4062500.0
2968750.0
177 20 20
1406250.0
1250000.0
177 20 20
1328125.0
1328125.0
177 20 20
1406250.0
1171875.0
177 20 20
1484375.0
1250000.0
177 20 20
1562500.0
1250000.0
177 20 20
1484375.0
1250000.0
177 20 20
1484375.0
1250000.0
177 20 20
1484375.0
1328125.0
177 20 20
1562500.0
1250000.0
177 20 20
1484375.0
1250000.0
562 20 20
1.0E7
7500000.0
562 20 20
1.0E7
8125000.0
562 20 20
9375000.0
1.375E7
1778 20 20
6.5E7
1.1E8
562 20 20
1.0E7
1.0625E7
562 20 20
1.0E7
1.25E7
562 20 20
9375000.0
1.1875E7
1778 20 20
6.0E7
6.0E7
1778 20 20
6.5E7
6.0E7
562 20 20
9375000.0
9375000.0
1778 20 20
6.5E7
8.0E7
1778 20 20
6.0E7
9.0E7
1778 20 20
6.0E7
8.5E7
1778 20 20
6.5E7
7.0E7
562 20 20
1.0E7
8125000.0
1778 20 20
6.0E7
8.5E7
1778 20 20
6.5E7
8.0E7
1778 20 20
7.0E7
7.0E7
3162 20 20
1.6E8
1.8E8
3162 20 20
1.6E8
2.3E8
3162 20 20
1.6E8
2.0E8
1000 20 20
2.625E7
1.875E7
3162 20 20
1.5E8
2.1E8
1000 20 20
2.5E7
2.0E7
1000 20 20
2.5E7
2.0E7
1000 20 20
2.625E7
2.125E7
1000 20 20
2.625E7
2.0E7
1000 20 20
2.625E7
2.0E7
1000 20 20
2.5E7
2.25E7
1000 20 20
2.75E7
2.25E7
1000 20 20
2.5E7
2.0E7
1000 20 20
2.875E7
2.25E7
3162 20 20
1.6E8
1.6E8
3162 20 20
1.7E8
1.8E8
3162 20 20
1.6E8
1.7E8
3162 20 20
1.5E8
1.8E8
3162 20 20
1.7E8
1.9E8
3162 20 20
1.7E8
1.8E8
5623 20 20
3.9E8
4.7E8
5623 20 20
4.1E8
4.7E8
5623 20 20
4.0E8
5.1E8
5623 20 20
3.9E8
4.9E8
5623 20 20
4.0E8
5.1E8
5623 20 20
4.0E8
5.0E8
5623 20 20
4.1E8
4.7E8
5623 20 20
4.1E8
5.0E8
5623 20 20
4.0E8
5.5E8
5623 20 20
4.1E8
5.4E8
10000 20 20
9.9E8
1.58E9
10000 20 20
1.0E9
1.59E9
10000 20 20
1.01E9
1.66E9
10000 20 20
9.9E8
1.67E9
10000 20 20
1.0E9
1.61E9
10000 20 20
1.0E9
1.73E9
10000 20 20
9.8E8
1.67E9
10000 20 20
9.9E8
1.63E9
10000 20 20
1.0E9
1.68E9
10000 20 20
1.0E9
1.79E9
17782 20 20
2.54E9
5.46E9
17782 20 20
2.62E9
5.33E9
17782 20 20
2.48E9
5.81E9
17782 20 20
2.56E9
5.5E9
17782 20 20
2.51E9
5.63E9
17782 20 20
2.54E9
5.84E9
17782 20 20
2.5E9
5.78E9
17782 20 20
2.85E9
5.59E9
17782 20 20
2.43E9
6.06E9
17782 20 20
2.44E9
6.35E9
31622 20 20
6.77E9
2.054E10
31622 20 20
6.23E9
2.249E10
31622 20 20
6.13E9
2.29E10
31622 20 20
6.36E9
2.318E10
31622 20 20
6.57E9
2.442E10
31622 20 20
6.25E9
2.41E10
31622 20 20
7.1E9
2.351E10
31622 20 20
7.21E9
2.272E10
31622 20 20
6.34E9
2.43E10
31622 20 20
6.42E9
2.379E10
56234 20 20
1.539E10
7.315E10
56234 20 20
1.535E10
7.449E10
56234 20 20
1.491E10
7.671E10
56234 20 20
1.528E10
7.811E10
56234 20 20
1.764E10
7.69E10
56234 20 20
1.571E10
7.849E10
56234 20 20
1.531E10
7.971E10
56234 20 20
1.532E10
8.021E10
56234 20 20
1.585E10
8.117E10
56234 20 20
1.805E10
8.33E10
100000 20 20
3.541E10
1.8686E11
100000 20 20
3.668E10
1.9778E11
100000 20 20
3.643E10
1.9848E11
100000 20 20
4.319E10
1.9751E11
100000 20 20
4.885E10
2.0404E11
100000 20 20
3.716E10
2.105E11
100000 20 20
3.663E10
2.1308E11
100000 20 20
3.768E10
2.0992E11
100000 20 20
4.259E10
2.1127E11
100000 20 20
4.8E10
2.1528E11
