316 25 20
4062500.0
3437500.0
316 25 20
3750000.0
3437500.0
316 25 20
3750000.0
3437500.0
316 25 20
4062500.0
3750000.0
316 25 20
3750000.0
3437500.0
316 25 20
3750000.0
3750000.0
316 25 20
3750000.0
3437500.0
316 25 20
3750000.0
3750000.0
316 25 20
4062500.0
3437500.0
316 25 20
4062500.0
3437500.0
100 25 20
859375.0
625000.0
100 25 20
625000.0
664062.5
100 25 20
546875.0
664062.5
100 25 20
585937.5
664062.5
100 25 20
585937.5
664062.5
100 25 20
585937.5
625000.0
100 25 20
585937.5
625000.0
562 25 20
1.0E7
8125000.0
100 25 20
664062.5
664062.5
100 25 20
625000.0
625000.0
562 25 20
1.0E7
7500000.0
100 25 20
625000.0
625000.0
177 25 20
1406250.0
1406250.0
177 25 20
1484375.0
1406250.0
177 25 20
1484375.0
1484375.0
177 25 20
1484375.0
1406250.0
177 25 20
1406250.0
1406250.0
177 25 20
1484375.0
1484375.0
177 25 20
1484375.0
1406250.0
177 25 20
1640625.0
1484375.0
177 25 20
1562500.0
1406250.0
177 25 20
1406250.0
1406250.0
562 25 20
9375000.0
1.0E7
562 25 20
1.0E7
1.125E7
1778 25 20
6.0E7
7.0E7
1778 25 20
6.0E7
7.0E7
562 25 20
1.0625E7
9375000.0
1778 25 20
7.0E7
6.5E7
562 25 20
1.0E7
8750000.0
1000 25 20
2.5E7
2.75E7
562 25 20
1.0E7
1.0625E7
1000 25 20
2.5E7
3.0E7
562 25 20
1.0E7
1.0E7
562 25 20
9375000.0
1.0625E7
562 25 20
1.0E7
1.0E7
1778 25 20
6.0E7
7.5E7
1778 25 20
6.5E7
7.5E7
1778 25 20
6.0E7
7.0E7
1778 25 20
7.0E7
7.0E7
1778 25 20
6.5E7
6.5E7
1778 25 20
6.5E7
6.0E7
1778 25 20
6.5E7
6.5E7
3162 25 20
1.6E8
2.2E8
3162 25 20
1.5E8
2.2E8
3162 25 20
1.7E8
2.0E8
1000 25 20
2.5E7
2.5E7
1000 25 20
2.625E7
2.0E7
1000 25 20
2.625E7
2.125E7
1000 25 20
2.5E7
2.5E7
3162 25 20
1.6E8
2.2E8
1000 25 20
2.5E7
2.625E7
1000 25 20
2.75E7
2.375E7
1000 25 20
2.625E7
2.75E7
1000 25 20
2.625E7
2.75E7
3162 25 20
1.6E8
2.1E8
3162 25 20
1.6E8
2.4E8
3162 25 20
1.5E8
2.2E8
3162 25 20
1.6E8
2.2E8
3162 25 20
1.6E8
1.9E8
3162 25 20
1.7E8
2.1E8
5623 25 20
4.3E8
4.6E8
5623 25 20
4.4E8
4.8E8
5623 25 20
4.1E8
4.7E8
5623 25 20
4.1E8
4.8E8
5623 25 20
4.5E8
5.0E8
5623 25 20
4.1E8
5.1E8
5623 25 20
4.2E8
5.1E8
5623 25 20
4.6E8
5.0E8
5623 25 20
4.5E8
4.9E8
5623 25 20
4.2E8
5.1E8
10000 25 20
1.02E9
1.67E9
10000 25 20
1.03E9
1.72E9
10000 25 20
1.06E9
1.68E9
10000 25 20
1.0E9
1.86E9
10000 25 20
1.03E9
1.73E9
10000 25 20
1.05E9
1.8E9
10000 25 20
1.06E9
1.72E9
10000 25 20
1.09E9
1.8E9
10000 25 20
1.02E9
1.82E9
10000 25 20
1.03E9
1.71E9
17782 25 20
2.74E9
5.81E9
17782 25 20
2.52E9
6.01E9
17782 25 20
2.76E9
5.67E9
17782 25 20
2.52E9
6.14E9
17782 25 20
2.64E9
6.07E9
17782 25 20
2.9E9
6.14E9
17782 25 20
2.69E9
6.22E9
17782 25 20
2.56E9
6.57E9
17782 25 20
2.54E9
6.55E9
17782 25 20
2.57E9
6.79E9
31622 25 20
6.63E9
1.792E10
31622 25 20
6.69E9
2.041E10
31622 25 20
8.3E9
2.128E10
31622 25 20
7.21E9
2.284E10
31622 25 20
7.07E9
2.353E10
31622 25 20
6.69E9
2.296E10
31622 25 20
6.82E9
2.525E10
31622 25 20
6.65E9
2.525E10
31622 25 20
7.17E9
2.558E10
31622 25 20
6.7E9
2.796E10
56234 25 20
1.849E10
7.422E10
56234 25 20
1.584E10
7.959E10
56234 25 20
1.625E10
7.915E10
56234 25 20
1.602E10
7.98E10
56234 25 20
1.58E10
8.088E10
56234 25 20
2.088E10
7.727E10
56234 25 20
1.649E10
8.447E10
56234 25 20
1.743E10
8.539E10
56234 25 20
1.622E10
8.234E10
56234 25 20
1.715E10
8.103E10
100000 25 20
3.96E10
1.8404E11
100000 25 20
3.88E10
1.9493E11
100000 25 20
4.272E10
1.9199E11
100000 25 20
3.975E10
1.8748E11
100000 25 20
3.865E10
1.9248E11
100000 25 20
3.931E10
1.9386E11
100000 25 20
3.953E10
1.9621E11
100000 25 20
3.902E10
1.9702E11
100000 25 20
3.912E10
1.9751E11
100000 25 20
3.871E10
1.9985E11
