100 15 10
585937.5
468750.0
100 15 10
585937.5
468750.0
100 15 10
546875.0
507812.5
100 15 10
585937.5
546875.0
100 15 10
546875.0
468750.0
100 15 10
585937.5
507812.5
100 15 10
585937.5
468750.0
100 15 10
585937.5
468750.0
100 15 10
625000.0
507812.5
100 15 10
546875.0
546875.0
562 15 10
8750000.0
7500000.0
316 15 10
3750000.0
2812500.0
316 15 10
4062500.0
2968750.0
562 15 10
9375000.0
7500000.0
316 15 10
3750000.0
2968750.0
316 15 10
3750000.0
2812500.0
316 15 10
3750000.0
2968750.0
177 15 10
1328125.0
1093750.0
316 15 10
3437500.0
3125000.0
316 15 10
3750000.0
3125000.0
177 15 10
1406250.0
1093750.0
316 15 10
3750000.0
2968750.0
316 15 10
3750000.0
2968750.0
177 15 10
1484375.0
1171875.0
177 15 10
1484375.0
1015625.0
177 15 10
1562500.0
1093750.0
177 15 10
1562500.0
1171875.0
177 15 10
1484375.0
1171875.0
177 15 10
1562500.0
1093750.0
177 15 10
1484375.0
1093750.0
177 15 10
1562500.0
1093750.0
316 15 10
4062500.0
2812500.0
562 15 10
1.0E7
8125000.0
562 15 10
1.0E7
8750000.0
562 15 10
1.0E7
8750000.0
562 15 10
9375000.0
7500000.0
562 15 10
8750000.0
9375000.0
1778 15 10
6.0E7
6.5E7
562 15 10
1.0E7
1.125E7
562 15 10
1.0E7
1.0625E7
1778 15 10
6.0E7
8.0E7
562 15 10
9375000.0
1.0625E7
1000 15 10
2.375E7
3.0E7
1778 15 10
6.5E7
1.0E8
1000 15 10
2.5E7
3.5E7
1778 15 10
5.5E7
8.5E7
1778 15 10
6.5E7
6.0E7
1000 15 10
2.375E7
2.75E7
1778 15 10
6.0E7
9.5E7
1000 15 10
2.5E7
2.75E7
1000 15 10
2.625E7
2.75E7
1000 15 10
2.5E7
2.75E7
1778 15 10
6.0E7
1.1E8
1778 15 10
6.0E7
1.05E8
1778 15 10
6.0E7
1.0E8
1778 15 10
6.5E7
1.05E8
1000 15 10
2.375E7
2.375E7
1000 15 10
2.5E7
2.25E7
3162 15 10
1.6E8
2.9E8
1000 15 10
2.5E7
2.0E7
3162 15 10
1.6E8
2.9E8
1000 15 10
2.375E7
2.0E7
3162 15 10
1.6E8
2.6E8
3162 15 10
1.5E8
2.7E8
3162 15 10
1.6E8
1.6E8
3162 15 10
1.9E8
1.7E8
3162 15 10
1.7E8
1.7E8
3162 15 10
1.6E8
1.9E8
3162 15 10
1.7E8
1.6E8
3162 15 10
1.6E8
1.7E8
5623 15 10
3.9E8
5.1E8
5623 15 10
3.9E8
5.0E8
5623 15 10
4.1E8
5.3E8
5623 15 10
3.8E8
5.5E8
5623 15 10
3.9E8
5.1E8
5623 15 10
3.9E8
5.7E8
5623 15 10
3.8E8
6.1E8
5623 15 10
4.4E8
5.8E8
5623 15 10
4.6E8
5.5E8
5623 15 10
4.6E8
6.0E8
10000 15 10
9.6E8
1.68E9
10000 15 10
9.4E8
1.8E9
10000 15 10
9.4E8
1.84E9
10000 15 10
9.4E8
1.82E9
10000 15 10
9.4E8
1.89E9
10000 15 10
1.09E9
1.8E9
10000 15 10
9.6E8
1.79E9
10000 15 10
1.12E9
1.79E9
10000 15 10
1.06E9
1.82E9
10000 15 10
1.07E9
2.02E9
17782 15 10
2.36E9
6.69E9
17782 15 10
2.34E9
6.84E9
17782 15 10
2.38E9
7.14E9
17782 15 10
2.33E9
6.94E9
17782 15 10
2.33E9
7.37E9
17782 15 10
2.37E9
7.26E9
17782 15 10
2.36E9
7.55E9
17782 15 10
2.36E9
7.81E9
17782 15 10
2.37E9
7.79E9
17782 15 10
2.44E9
7.93E9
31622 15 10
5.93E9
2.624E10
31622 15 10
5.87E9
2.623E10
31622 15 10
5.91E9
2.716E10
31622 15 10
5.97E9
2.726E10
31622 15 10
5.93E9
2.783E10
31622 15 10
5.9E9
3.045E10
31622 15 10
5.92E9
3.181E10
31622 15 10
6.03E9
3.206E10
31622 15 10
5.88E9
3.316E10
31622 15 10
6.15E9
3.31E10
56234 15 10
1.461E10
9.499E10
56234 15 10
1.511E10
1.0044E11
56234 15 10
1.418E10
1.0129E11
56234 15 10
1.861E10
9.761E10
56234 15 10
1.432E10
1.0305E11
56234 15 10
1.445E10
1.0253E11
56234 15 10
1.599E10
1.0154E11
56234 15 10
1.619E10
1.0183E11
56234 15 10
1.777E10
1.0212E11
56234 15 10
1.672E10
1.0567E11
100000 15 10
3.528E10
2.4128E11
100000 15 10
3.53E10
2.4483E11
100000 15 10
4.484E10
2.325E11
100000 15 10
3.425E10
2.4317E11
100000 15 10
4.377E10
2.2791E11
100000 15 10
3.93E10
2.3891E11
100000 15 10
3.554E10
2.4183E11
100000 15 10
3.655E10
2.3733E11
100000 15 10
3.568E10
2.4303E11
100000 15 10
4.148E10
2.3955E11
