316 30 3
3437500.0
3437500.0
100 30 3
625000.0
859375.0
316 30 3
3750000.0
3750000.0
100 30 3
546875.0
859375.0
316 30 3
4062500.0
4062500.0
316 30 3
4062500.0
4062500.0
316 30 3
3750000.0
4062500.0
177 30 3
1328125.0
1718750.0
316 30 3
4062500.0
4062500.0
177 30 3
1484375.0
1875000.0
316 30 3
4375000.0
4062500.0
177 30 3
1250000.0
1718750.0
177 30 3
1562500.0
1875000.0
177 30 3
1562500.0
1718750.0
177 30 3
1484375.0
1875000.0
177 30 3
1562500.0
1875000.0
100 30 3
546875.0
859375.0
100 30 3
507812.5
859375.0
316 30 3
3750000.0
4062500.0
177 30 3
1484375.0
1718750.0
316 30 3
3593750.0
4062500.0
100 30 3
625000.0
859375.0
100 30 3
625000.0
820312.5
100 30 3
625000.0
820312.5
316 30 3
4062500.0
3750000.0
100 30 3
625000.0
781250.0
562 30 3
1.0625E7
8750000.0
562 30 3
1.0E7
9375000.0
177 30 3
1562500.0
1718750.0
100 30 3
625000.0
781250.0
100 30 3
625000.0
781250.0
177 30 3
1562500.0
1796875.0
1000 30 3
2.75E7
3.0E7
1000 30 3
2.75E7
2.75E7
562 30 3
1.0E7
1.125E7
562 30 3
1.0625E7
1.0625E7
1778 30 3
6.5E7
7.0E7
562 30 3
1.0E7
1.125E7
1778 30 3
6.5E7
7.0E7
562 30 3
1.0E7
1.125E7
1000 30 3
2.5E7
3.0E7
1000 30 3
2.5E7
2.75E7
562 30 3
1.0E7
1.0E7
1778 30 3
6.5E7
8.0E7
1778 30 3
6.5E7
7.0E7
1000 30 3
2.5E7
3.0E7
1778 30 3
7.0E7
8.0E7
562 30 3
1.0E7
1.0625E7
562 30 3
1.0E7
1.125E7
1778 30 3
6.5E7
7.0E7
1778 30 3
6.5E7
7.5E7
1778 30 3
7.5E7
7.5E7
1778 30 3
6.5E7
7.0E7
1000 30 3
2.625E7
3.0E7
1778 30 3
7.0E7
6.5E7
562 30 3
1.0E7
1.125E7
3162 30 3
1.6E8
2.1E8
3162 30 3
1.8E8
2.0E8
3162 30 3
1.6E8
2.0E8
1000 30 3
2.625E7
2.25E7
1000 30 3
2.625E7
2.25E7
3162 30 3
1.9E8
1.5E8
1000 30 3
2.625E7
2.125E7
1000 30 3
2.75E7
2.375E7
3162 30 3
1.6E8
1.5E8
3162 30 3
1.8E8
1.7E8
3162 30 3
1.7E8
1.6E8
3162 30 3
1.7E8
1.7E8
3162 30 3
1.7E8
1.8E8
3162 30 3
1.6E8
1.7E8
5623 30 3
4.1E8
5.0E8
5623 30 3
4.1E8
5.1E8
5623 30 3
4.1E8
5.1E8
5623 30 3
4.2E8
5.0E8
5623 30 3
4.2E8
5.1E8
5623 30 3
4.1E8
5.2E8
5623 30 3
4.2E8
5.1E8
5623 30 3
4.2E8
5.1E8
5623 30 3
4.1E8
5.4E8
5623 30 3
4.2E8
5.3E8
10000 30 3
1.03E9
1.73E9
10000 30 3
1.05E9
1.83E9
10000 30 3
1.06E9
1.84E9
10000 30 3
1.03E9
1.83E9
10000 30 3
1.05E9
1.95E9
10000 30 3
1.07E9
2.09E9
10000 30 3
1.07E9
1.87E9
10000 30 3
1.05E9
2.07E9
10000 30 3
1.03E9
2.06E9
10000 30 3
1.06E9
2.17E9
17782 30 3
2.65E9
5.44E9
17782 30 3
2.61E9
6.38E9
17782 30 3
2.62E9
6.24E9
17782 30 3
3.02E9
6.25E9
17782 30 3
2.86E9
6.77E9
17782 30 3
2.83E9
7.72E9
17782 30 3
2.93E9
7.76E9
17782 30 3
2.61E9
7.82E9
17782 30 3
3.02E9
7.81E9
17782 30 3
2.78E9
8.45E9
31622 30 3
6.84E9
2.092E10
31622 30 3
6.96E9
2.17E10
31622 30 3
6.84E9
2.213E10
31622 30 3
6.84E9
2.266E10
31622 30 3
6.72E9
2.361E10
31622 30 3
6.98E9
2.456E10
31622 30 3
7.28E9
2.359E10
31622 30 3
6.78E9
2.458E10
31622 30 3
6.92E9
2.426E10
31622 30 3
6.85E9
2.527E10
56234 30 3
1.624E10
6.362E10
56234 30 3
1.642E10
6.465E10
56234 30 3
1.832E10
6.788E10
56234 30 3
1.712E10
6.93E10
56234 30 3
1.777E10
7.01E10
56234 30 3
1.661E10
7.078E10
56234 30 3
1.632E10
7.208E10
56234 30 3
1.676E10
7.197E10
56234 30 3
1.728E10
7.169E10
56234 30 3
1.645E10
7.486E10
100000 30 3
3.932E10
1.4983E11
100000 30 3
3.95E10
1.6759E11
100000 30 3
4.179E10
1.7261E11
100000 30 3
4.044E10
1.7297E11
100000 30 3
3.98E10
1.771E11
100000 30 3
3.92E10
1.7861E11
100000 30 3
4.034E10
1.7862E11
100000 30 3
4.118E10
1.7871E11
100000 30 3
3.932E10
1.7812E11
100000 30 3
4.211E10
1.8104E11
