100 9 1
546875.0
429687.5
100 9 1
546875.0
429687.5
100 9 1
546875.0
468750.0
100 9 1
546875.0
429687.5
100 9 1
585937.5
429687.5
100 9 1
546875.0
429687.5
100 9 1
546875.0
468750.0
100 9 1
585937.5
468750.0
100 9 1
546875.0
429687.5
562 9 1
8750000.0
8750000.0
316 9 1
3437500.0
2968750.0
316 9 1
3437500.0
3125000.0
177 9 1
1406250.0
1093750.0
177 9 1
1406250.0
1171875.0
316 9 1
3437500.0
2968750.0
316 9 1
3437500.0
3125000.0
177 9 1
1484375.0
1093750.0
100 9 1
585937.5
429687.5
316 9 1
3437500.0
3125000.0
316 9 1
3750000.0
3125000.0
177 9 1
1406250.0
1093750.0
177 9 1
1406250.0
1093750.0
177 9 1
1406250.0
1171875.0
316 9 1
3750000.0
3125000.0
316 9 1
3750000.0
3125000.0
177 9 1
1484375.0
1093750.0
177 9 1
1562500.0
1171875.0
177 9 1
1328125.0
1093750.0
177 9 1
1484375.0
1093750.0
316 9 1
3750000.0
2812500.0
316 9 1
3750000.0
2812500.0
562 9 1
1.0E7
7500000.0
562 9 1
8750000.0
8750000.0
562 9 1
8750000.0
8750000.0
562 9 1
8750000.0
1.0E7
562 9 1
8750000.0
1.0625E7
562 9 1
8750000.0
1.125E7
562 9 1
8750000.0
1.1875E7
1000 9 1
2.25E7
5.5E7
1778 9 1
6.0E7
9.0E7
1778 9 1
5.5E7
9.5E7
1778 9 1
5.5E7
9.0E7
1000 9 1
2.25E7
4.0E7
1778 9 1
6.0E7
1.05E8
1000 9 1
2.375E7
2.75E7
562 9 1
8750000.0
1.6875E7
1000 9 1
2.125E7
3.0E7
1000 9 1
2.25E7
3.5E7
1778 9 1
6.0E7
1.2E8
1778 9 1
5.5E7
1.0E8
562 9 1
9375000.0
9375000.0
1778 9 1
6.0E7
8.5E7
1778 9 1
6.0E7
1.15E8
1778 9 1
5.5E7
1.1E8
1778 9 1
5.5E7
1.6E8
3162 9 1
1.5E8
2.7E8
3162 9 1
1.4E8
2.7E8
1000 9 1
2.25E7
2.375E7
3162 9 1
1.5E8
3.1E8
3162 9 1
1.5E8
3.3E8
1000 9 1
2.25E7
2.5E7
1000 9 1
2.375E7
2.25E7
1000 9 1
2.125E7
2.25E7
1000 9 1
2.375E7
2.25E7
3162 9 1
1.5E8
2.0E8
3162 9 1
1.5E8
2.1E8
3162 9 1
1.8E8
2.2E8
3162 9 1
1.4E8
2.2E8
3162 9 1
1.5E8
2.2E8
3162 9 1
1.5E8
2.2E8
5623 9 1
3.6E8
6.5E8
5623 9 1
3.5E8
7.1E8
5623 9 1
3.5E8
7.2E8
5623 9 1
3.6E8
7.6E8
5623 9 1
3.5E8
7.5E8
5623 9 1
3.5E8
7.6E8
5623 9 1
3.5E8
7.7E8
5623 9 1
3.6E8
7.8E8
5623 9 1
3.5E8
7.9E8
5623 9 1
3.5E8
7.9E8
10000 9 1
8.9E8
2.63E9
10000 9 1
8.9E8
2.54E9
10000 9 1
8.6E8
2.45E9
10000 9 1
8.4E8
2.62E9
10000 9 1
8.6E8
2.94E9
10000 9 1
8.6E8
2.72E9
10000 9 1
8.7E8
2.68E9
10000 9 1
8.8E8
2.89E9
10000 9 1
8.7E8
2.79E9
10000 9 1
8.6E8
2.93E9
17782 9 1
2.16E9
8.62E9
17782 9 1
2.21E9
8.29E9
17782 9 1
2.18E9
8.7E9
17782 9 1
2.15E9
8.74E9
17782 9 1
2.32E9
8.65E9
17782 9 1
2.1E9
9.28E9
17782 9 1
2.25E9
9.25E9
17782 9 1
2.09E9
9.07E9
17782 9 1
2.13E9
9.52E9
17782 9 1
2.12E9
9.36E9
31622 9 1
5.28E9
3.375E10
31622 9 1
5.59E9
3.492E10
31622 9 1
5.3E9
3.545E10
31622 9 1
5.1E9
3.577E10
31622 9 1
5.18E9
3.54E10
31622 9 1
5.09E9
3.553E10
31622 9 1
5.2E9
3.605E10
31622 9 1
5.27E9
3.784E10
31622 9 1
5.3E9
3.759E10
31622 9 1
5.99E9
3.778E10
56234 9 1
1.288E10
1.2148E11
56234 9 1
1.266E10
1.2318E11
56234 9 1
1.279E10
1.2756E11
56234 9 1
1.222E10
1.3256E11
56234 9 1
1.242E10
1.321E11
56234 9 1
1.241E10
1.3358E11
56234 9 1
1.256E10
1.3467E11
56234 9 1
1.274E10
1.368E11
56234 9 1
1.243E10
1.3609E11
56234 9 1
1.27E10
1.3821E11
100000 9 1
3.098E10
3.2214E11
100000 9 1
3.015E10
3.2579E11
100000 9 1
3.081E10
3.3056E11
100000 9 1
3.107E10
3.3588E11
100000 9 1
3.008E10
3.4538E11
100000 9 1
3.043E10
3.4744E11
100000 9 1
2.983E10
3.4587E11
100000 9 1
2.973E10
3.519E11
100000 9 1
2.973E10
3.5273E11
100000 9 1
3.043E10
3.5303E11
