316 25 10
3750000.0
3437500.0
316 25 10
3750000.0
3437500.0
316 25 10
4062500.0
3750000.0
316 25 10
3750000.0
3437500.0
316 25 10
3750000.0
3437500.0
316 25 10
3750000.0
3437500.0
316 25 10
3750000.0
3750000.0
316 25 10
4062500.0
3437500.0
316 25 10
3750000.0
3750000.0
177 25 10
1406250.0
1718750.0
177 25 10
1406250.0
1718750.0
316 25 10
4062500.0
3750000.0
100 25 10
585937.5
664062.5
562 25 10
1.0E7
8125000.0
100 25 10
625000.0
664062.5
100 25 10
546875.0
703125.0
100 25 10
585937.5
703125.0
100 25 10
585937.5
703125.0
100 25 10
625000.0
703125.0
100 25 10
585937.5
703125.0
100 25 10
625000.0
703125.0
100 25 10
585937.5
742187.5
562 25 10
9375000.0
8125000.0
177 25 10
1406250.0
1406250.0
177 25 10
1562500.0
1484375.0
100 25 10
625000.0
664062.5
177 25 10
1484375.0
1406250.0
177 25 10
1484375.0
1484375.0
177 25 10
1406250.0
1406250.0
177 25 10
1484375.0
1328125.0
177 25 10
1640625.0
1484375.0
177 25 10
1484375.0
1484375.0
1000 25 10
2.75E7
2.75E7
562 25 10
1.0E7
1.0E7
562 25 10
9375000.0
1.0625E7
562 25 10
9375000.0
9375000.0
1778 25 10
6.5E7
7.0E7
562 25 10
1.0E7
1.0E7
1778 25 10
6.0E7
7.0E7
562 25 10
9375000.0
1.0625E7
562 25 10
1.0E7
9375000.0
1778 25 10
6.5E7
7.5E7
562 25 10
1.0625E7
9375000.0
1000 25 10
2.75E7
2.625E7
1778 25 10
6.5E7
8.5E7
1000 25 10
2.75E7
2.375E7
1778 25 10
6.5E7
7.5E7
1000 25 10
2.75E7
2.5E7
1000 25 10
2.75E7
2.75E7
562 25 10
1.0E7
9375000.0
1000 25 10
2.75E7
2.5E7
1778 25 10
6.5E7
7.5E7
1778 25 10
6.5E7
7.0E7
1778 25 10
6.5E7
7.0E7
1778 25 10
6.0E7
6.5E7
1778 25 10
6.5E7
6.5E7
3162 25 10
1.6E8
1.7E8
1000 25 10
2.5E7
2.25E7
3162 25 10
1.8E8
2.0E8
1000 25 10
2.625E7
2.125E7
1000 25 10
2.625E7
2.125E7
3162 25 10
1.7E8
2.0E8
1000 25 10
2.625E7
2.125E7
3162 25 10
1.6E8
1.9E8
3162 25 10
1.6E8
1.5E8
3162 25 10
1.6E8
1.5E8
3162 25 10
1.6E8
1.5E8
3162 25 10
1.6E8
1.7E8
3162 25 10
1.7E8
1.7E8
3162 25 10
1.6E8
1.8E8
5623 25 10
4.1E8
4.7E8
5623 25 10
4.2E8
4.6E8
5623 25 10
4.2E8
4.9E8
5623 25 10
4.0E8
5.2E8
5623 25 10
4.0E8
5.3E8
5623 25 10
4.2E8
4.8E8
5623 25 10
4.1E8
4.9E8
5623 25 10
4.1E8
4.8E8
5623 25 10
4.0E8
5.0E8
5623 25 10
4.2E8
4.8E8
10000 25 10
1.06E9
1.56E9
10000 25 10
9.9E8
1.63E9
10000 25 10
9.9E8
1.59E9
10000 25 10
9.6E8
1.66E9
10000 25 10
1.11E9
1.49E9
10000 25 10
1.09E9
1.57E9
10000 25 10
1.07E9
1.68E9
10000 25 10
1.03E9
1.54E9
10000 25 10
1.07E9
1.61E9
10000 25 10
1.04E9
1.66E9
17782 25 10
2.58E9
5.18E9
17782 25 10
2.52E9
5.29E9
17782 25 10
2.51E9
5.33E9
17782 25 10
2.65E9
5.19E9
17782 25 10
2.52E9
5.49E9
17782 25 10
2.65E9
5.35E9
17782 25 10
2.54E9
5.55E9
17782 25 10
2.52E9
5.49E9
17782 25 10
2.58E9
5.21E9
17782 25 10
2.62E9
5.95E9
31622 25 10
6.5E9
1.919E10
31622 25 10
7.03E9
2.045E10
31622 25 10
6.36E9
2.163E10
31622 25 10
6.27E9
2.157E10
31622 25 10
6.46E9
2.162E10
31622 25 10
7.72E9
2.145E10
31622 25 10
6.45E9
2.082E10
31622 25 10
6.38E9
2.034E10
31622 25 10
6.47E9
2.236E10
31622 25 10
8.1E9
2.086E10
56234 25 10
1.582E10
7.81E10
56234 25 10
1.57E10
7.708E10
56234 25 10
1.591E10
7.728E10
56234 25 10
1.606E10
7.99E10
56234 25 10
1.616E10
7.774E10
56234 25 10
1.589E10
7.877E10
56234 25 10
1.578E10
8.01E10
56234 25 10
1.629E10
8.063E10
56234 25 10
1.602E10
8.048E10
56234 25 10
1.619E10
8.107E10
100000 25 10
3.842E10
1.7295E11
100000 25 10
3.884E10
1.7428E11
100000 25 10
3.877E10
1.7675E11
100000 25 10
3.903E10
1.8468E11
100000 25 10
3.84E10
1.8597E11
100000 25 10
3.817E10
1.882E11
100000 25 10
3.949E10
1.9306E11
100000 25 10
3.86E10
1.9042E11
100000 25 10
3.782E10
1.9114E11
100000 25 10
3.847E10
1.901E11
