100 9 5
507812.5
429687.5
100 9 5
507812.5
429687.5
100 9 5
546875.0
429687.5
100 9 5
507812.5
429687.5
100 9 5
546875.0
429687.5
100 9 5
585937.5
429687.5
562 9 5
8750000.0
8125000.0
316 9 5
3437500.0
2812500.0
177 9 5
1406250.0
1093750.0
562 9 5
1.0E7
8125000.0
177 9 5
1484375.0
1015625.0
177 9 5
1328125.0
937500.0
316 9 5
3750000.0
2812500.0
316 9 5
3437500.0
2968750.0
100 9 5
546875.0
390625.0
316 9 5
3437500.0
2812500.0
316 9 5
3750000.0
2968750.0
316 9 5
3750000.0
2812500.0
316 9 5
3750000.0
2812500.0
177 9 5
1484375.0
1015625.0
177 9 5
1406250.0
1093750.0
100 9 5
546875.0
390625.0
177 9 5
1484375.0
1015625.0
177 9 5
1484375.0
1093750.0
177 9 5
1484375.0
1015625.0
177 9 5
1406250.0
1015625.0
177 9 5
1484375.0
1015625.0
316 9 5
3750000.0
2656250.0
316 9 5
3750000.0
2812500.0
316 9 5
3750000.0
2812500.0
100 9 5
546875.0
390625.0
100 9 5
507812.5
351562.5
1778 9 5
6.0E7
1.1E8
1778 9 5
5.5E7
1.1E8
1778 9 5
6.0E7
1.1E8
1778 9 5
6.0E7
1.1E8
1778 9 5
5.5E7
1.2E8
562 9 5
8125000.0
1.0625E7
562 9 5
8750000.0
1.0625E7
562 9 5
9375000.0
9375000.0
562 9 5
8750000.0
1.0625E7
1778 9 5
6.0E7
8.5E7
1778 9 5
6.0E7
8.0E7
562 9 5
8750000.0
9375000.0
562 9 5
9375000.0
8750000.0
1778 9 5
6.0E7
8.0E7
1778 9 5
5.5E7
8.0E7
1778 9 5
6.0E7
1.0E8
562 9 5
9375000.0
9375000.0
562 9 5
8750000.0
8125000.0
1000 9 5
2.25E7
2.75E7
1000 9 5
2.5E7
2.75E7
3162 9 5
1.4E8
3.0E8
3162 9 5
1.4E8
2.9E8
3162 9 5
1.5E8
3.1E8
3162 9 5
1.5E8
2.8E8
1000 9 5
2.25E7
2.375E7
1000 9 5
2.25E7
2.25E7
1000 9 5
2.375E7
2.375E7
1000 9 5
2.5E7
2.375E7
1000 9 5
2.25E7
2.125E7
1000 9 5
2.5E7
2.375E7
1000 9 5
2.625E7
2.375E7
1000 9 5
2.375E7
2.25E7
3162 9 5
1.4E8
2.2E8
3162 9 5
1.3E8
2.1E8
3162 9 5
1.5E8
2.1E8
3162 9 5
1.5E8
2.3E8
3162 9 5
1.4E8
2.2E8
3162 9 5
1.4E8
2.2E8
5623 9 5
3.6E8
6.5E8
5623 9 5
3.7E8
6.7E8
5623 9 5
3.5E8
6.6E8
5623 9 5
3.8E8
6.6E8
5623 9 5
3.5E8
6.3E8
5623 9 5
3.6E8
6.5E8
5623 9 5
3.5E8
6.9E8
5623 9 5
3.4E8
6.9E8
5623 9 5
3.6E8
6.5E8
5623 9 5
3.7E8
6.6E8
10000 9 5
8.7E8
2.3E9
10000 9 5
8.5E8
2.46E9
10000 9 5
8.7E8
2.56E9
10000 9 5
8.4E8
2.55E9
10000 9 5
8.6E8
2.53E9
10000 9 5
8.3E8
2.58E9
10000 9 5
9.0E8
2.58E9
10000 9 5
8.5E8
2.7E9
10000 9 5
8.8E8
2.76E9
10000 9 5
8.8E8
2.53E9
17782 9 5
2.08E9
8.85E9
17782 9 5
2.16E9
9.12E9
17782 9 5
2.14E9
9.06E9
17782 9 5
2.12E9
9.27E9
17782 9 5
2.1E9
9.37E9
17782 9 5
2.1E9
9.29E9
17782 9 5
2.16E9
9.6E9
17782 9 5
2.08E9
9.52E9
17782 9 5
2.09E9
1.002E10
17782 9 5
2.18E9
1.013E10
31622 9 5
5.19E9
3.425E10
31622 9 5
5.28E9
3.648E10
31622 9 5
5.06E9
3.807E10
31622 9 5
5.4E9
3.58E10
31622 9 5
5.57E9
3.694E10
31622 9 5
5.05E9
3.774E10
31622 9 5
5.5E9
3.934E10
31622 9 5
5.28E9
3.952E10
31622 9 5
5.35E9
4.057E10
31622 9 5
5.28E9
3.978E10
56234 9 5
1.239E10
1.1713E11
56234 9 5
1.574E10
1.118E11
56234 9 5
1.268E10
1.2424E11
56234 9 5
1.529E10
1.2775E11
56234 9 5
1.263E10
1.3483E11
56234 9 5
1.258E10
1.3355E11
56234 9 5
1.225E10
1.3713E11
56234 9 5
1.435E10
1.3307E11
56234 9 5
1.267E10
1.3772E11
56234 9 5
1.246E10
1.3895E11
100000 9 5
3.037E10
3.1037E11
100000 9 5
3.027E10
3.1161E11
100000 9 5
3.015E10
3.2448E11
100000 9 5
3.07E10
3.2707E11
100000 9 5
3.195E10
3.3798E11
100000 9 5
3.011E10
3.3293E11
100000 9 5
2.98E10
3.3613E11
100000 9 5
2.986E10
3.3654E11
100000 9 5
3.061E10
3.3625E11
100000 9 5
3.062E10
3.3746E11
