177 3 20
546875.0
859375.0
177 3 20
468750.0
937500.0
177 3 20
585937.5
859375.0
177 3 20
546875.0
859375.0
177 3 20
468750.0
937500.0
177 3 20
585937.5
859375.0
562 3 20
2500000.0
6875000.0
100 3 20
214843.75
253906.25
100 3 20
253906.25
253906.25
100 3 20
214843.75
273437.5
100 3 20
273437.5
234375.0
100 3 20
253906.25
273437.5
100 3 20
273437.5
273437.5
316 3 20
1250000.0
2031250.0
100 3 20
273437.5
273437.5
100 3 20
273437.5
253906.25
100 3 20
292968.75
273437.5
316 3 20
1015625.0
2343750.0
316 3 20
1171875.0
2187500.0
316 3 20
937500.0
2500000.0
316 3 20
1171875.0
2343750.0
316 3 20
1171875.0
2500000.0
100 3 20
292968.75
273437.5
316 3 20
1093750.0
2500000.0
316 3 20
1015625.0
2656250.0
316 3 20
1250000.0
2500000.0
316 3 20
1250000.0
2812500.0
177 3 20
507812.5
781250.0
177 3 20
546875.0
703125.0
177 3 20
468750.0
859375.0
562 3 20
2812500.0
6250000.0
177 3 20
585937.5
859375.0
562 3 20
2187500.0
6875000.0
562 3 20
2968750.0
6875000.0
562 3 20
2343750.0
6875000.0
1778 3 20
1.375E7
4.0E7
1000 3 20
5000000.0
1.625E7
562 3 20
2968750.0
8125000.0
562 3 20
2812500.0
8125000.0
1778 3 20
8750000.0
6.0E7
1778 3 20
1.375E7
4.0E7
3162 3 20
1.625E7
1.6E8
1000 3 20
4062500.0
2.125E7
1000 3 20
4375000.0
1.875E7
1000 3 20
5000000.0
1.875E7
562 3 20
2187500.0
9375000.0
1778 3 20
8750000.0
7.0E7
562 3 20
2500000.0
6875000.0
1000 3 20
4687500.0
1.875E7
1000 3 20
6562500.0
2.375E7
3162 3 20
1.875E7
1.7E8
1000 3 20
4687500.0
2.0E7
1778 3 20
9375000.0
7.5E7
1000 3 20
5312500.0
2.5E7
1000 3 20
5625000.0
2.375E7
1778 3 20
8750000.0
4.25E7
1778 3 20
9375000.0
4.25E7
1000 3 20
4062500.0
2.375E7
3162 3 20
1.875E7
2.2E8
1778 3 20
9375000.0
7.0E7
1778 3 20
8750000.0
6.5E7
562 3 20
2968750.0
6875000.0
3162 3 20
1.625E7
2.8E8
1778 3 20
8750000.0
6.25E7
3162 3 20
3.0E7
2.3E8
3162 3 20
2.75E7
2.4E8
3162 3 20
1.75E7
1.8E8
3162 3 20
1.875E7
2.2E8
3162 3 20
2.0E7
2.1E8
3162 3 20
2.375E7
2.2E8
5623 3 20
3.25E7
5.3E8
5623 3 20
3.25E7
4.7E8
5623 3 20
3.75E7
5.2E8
5623 3 20
6.0E7
6.5E8
5623 3 20
3.5E7
5.8E8
5623 3 20
4.75E7
5.2E8
5623 3 20
3.75E7
6.0E8
5623 3 20
4.75E7
5.5E8
5623 3 20
4.5E7
5.6E8
5623 3 20
4.0E7
5.8E8
10000 3 20
7.5E7
1.37E9
10000 3 20
1.1E8
1.61E9
10000 3 20
1.0E8
1.36E9
10000 3 20
7.0E7
1.55E9
10000 3 20
8.5E7
1.67E9
10000 3 20
1.1E8
1.81E9
10000 3 20
1.05E8
1.54E9
10000 3 20
7.5E7
1.7E9
10000 3 20
8.5E7
1.73E9
10000 3 20
9.5E7
1.76E9
17782 3 20
2.2E8
4.68E9
17782 3 20
2.2E8
4.78E9
17782 3 20
2.1E8
4.65E9
17782 3 20
2.0E8
4.65E9
17782 3 20
1.5E8
4.58E9
17782 3 20
1.5E8
4.47E9
17782 3 20
1.6E8
5.13E9
17782 3 20
1.4E8
4.81E9
17782 3 20
2.2E8
5.72E9
17782 3 20
1.9E8
5.76E9
31622 3 20
4.4E8
1.565E10
31622 3 20
3.2E8
1.583E10
31622 3 20
4.9E8
1.606E10
31622 3 20
3.9E8
1.664E10
31622 3 20
2.9E8
1.644E10
31622 3 20
3.6E8
1.621E10
31622 3 20
2.9E8
1.646E10
31622 3 20
4.9E8
1.704E10
31622 3 20
4.1E8
1.753E10
31622 3 20
4.5E8
1.71E10
56234 3 20
9.7E8
3.89E10
56234 3 20
8.5E8
3.854E10
56234 3 20
7.7E8
3.886E10
56234 3 20
1.04E9
3.963E10
56234 3 20
7.9E8
4.074E10
56234 3 20
8.6E8
4.085E10
56234 3 20
8.4E8
4.096E10
56234 3 20
9.1E8
4.292E10
56234 3 20
7.9E8
4.253E10
56234 3 20
7.9E8
4.27E10
100000 3 20
1.7E9
9.737E10
100000 3 20
1.77E9
1.0082E11
100000 3 20
1.7E9
9.811E10
100000 3 20
1.46E9
9.993E10
100000 3 20
1.55E9
1.0377E11
100000 3 20
1.54E9
1.0116E11
100000 3 20
1.58E9
1.016E11
100000 3 20
1.39E9
1.0221E11
100000 3 20
1.52E9
1.0328E11
100000 3 20
1.54E9
1.0516E11
