100 5 3
468750.0
429687.5
100 5 3
507812.5
429687.5
316 5 3
2812500.0
3750000.0
177 5 3
1171875.0
1171875.0
316 5 3
2656250.0
3750000.0
177 5 3
1171875.0
1171875.0
316 5 3
2656250.0
3750000.0
177 5 3
1093750.0
1250000.0
316 5 3
2656250.0
4375000.0
177 5 3
1171875.0
1171875.0
316 5 3
2656250.0
4062500.0
316 5 3
2812500.0
3750000.0
177 5 3
1171875.0
1250000.0
177 5 3
1171875.0
1171875.0
316 5 3
2812500.0
3437500.0
100 5 3
429687.5
429687.5
316 5 3
2812500.0
3750000.0
316 5 3
2656250.0
4062500.0
177 5 3
1171875.0
1406250.0
316 5 3
2812500.0
4062500.0
177 5 3
1250000.0
1250000.0
100 5 3
507812.5
429687.5
100 5 3
468750.0
410156.25
100 5 3
468750.0
429687.5
177 5 3
1171875.0
1250000.0
100 5 3
507812.5
429687.5
100 5 3
507812.5
429687.5
100 5 3
468750.0
449218.75
100 5 3
546875.0
429687.5
177 5 3
1250000.0
1171875.0
562 5 3
6562500.0
1.0E7
562 5 3
6562500.0
9375000.0
562 5 3
6875000.0
1.0E7
1778 5 3
3.25E7
1.1E8
1778 5 3
3.25E7
1.2E8
1778 5 3
3.25E7
1.2E8
1778 5 3
3.5E7
1.2E8
1778 5 3
3.5E7
1.3E8
1778 5 3
3.5E7
1.1E8
1778 5 3
3.5E7
1.3E8
1000 5 3
1.5E7
3.0E7
1000 5 3
1.5E7
3.5E7
1000 5 3
1.5E7
3.25E7
1000 5 3
1.375E7
3.75E7
1000 5 3
1.5E7
4.0E7
1000 5 3
1.5E7
3.25E7
1000 5 3
1.5E7
3.5E7
1000 5 3
1.5E7
4.25E7
1000 5 3
1.5E7
4.5E7
1000 5 3
1.5E7
4.5E7
562 5 3
6562500.0
1.0625E7
1778 5 3
3.25E7
1.05E8
1778 5 3
3.5E7
1.05E8
1778 5 3
3.5E7
1.05E8
562 5 3
6875000.0
1.0625E7
562 5 3
6875000.0
1.0625E7
562 5 3
6875000.0
1.125E7
562 5 3
6875000.0
1.125E7
562 5 3
7187500.0
1.0625E7
562 5 3
7187500.0
1.1875E7
3162 5 3
8.0E7
3.9E8
3162 5 3
8.0E7
4.0E8
3162 5 3
8.5E7
3.8E8
3162 5 3
9.5E7
3.9E8
3162 5 3
9.5E7
3.9E8
3162 5 3
8.0E7
3.7E8
3162 5 3
7.5E7
3.8E8
3162 5 3
9.5E7
3.4E8
3162 5 3
8.5E7
3.9E8
3162 5 3
8.5E7
4.0E8
5623 5 3
1.9E8
1.04E9
5623 5 3
1.9E8
1.11E9
5623 5 3
1.9E8
1.16E9
5623 5 3
1.9E8
1.12E9
5623 5 3
1.8E8
1.19E9
5623 5 3
1.9E8
1.2E9
5623 5 3
2.0E8
1.23E9
5623 5 3
2.0E8
1.18E9
5623 5 3
2.0E8
1.3E9
5623 5 3
1.9E8
1.28E9
10000 5 3
3.9E8
3.53E9
10000 5 3
4.2E8
3.46E9
10000 5 3
4.3E8
3.4E9
10000 5 3
4.6E8
3.95E9
10000 5 3
4.4E8
3.86E9
10000 5 3
4.0E8
3.5E9
10000 5 3
3.9E8
3.82E9
10000 5 3
4.7E8
3.8E9
10000 5 3
4.7E8
4.21E9
10000 5 3
4.5E8
4.02E9
17782 5 3
1.0E9
1.212E10
17782 5 3
9.6E8
1.423E10
17782 5 3
9.5E8
1.445E10
17782 5 3
1.03E9
1.447E10
17782 5 3
1.04E9
1.456E10
17782 5 3
9.7E8
1.409E10
17782 5 3
9.5E8
1.513E10
17782 5 3
1.01E9
1.5E10
17782 5 3
9.1E8
1.492E10
17782 5 3
9.9E8
1.483E10
31622 5 3
2.22E9
4.977E10
31622 5 3
2.23E9
5.169E10
31622 5 3
2.06E9
5.544E10
31622 5 3
2.28E9
5.438E10
31622 5 3
2.22E9
5.686E10
31622 5 3
2.04E9
5.712E10
31622 5 3
2.27E9
5.608E10
31622 5 3
2.17E9
5.885E10
31622 5 3
1.97E9
5.938E10
31622 5 3
2.07E9
5.998E10
56234 5 3
4.5E9
1.4451E11
56234 5 3
4.83E9
1.4815E11
56234 5 3
4.79E9
1.4681E11
56234 5 3
4.88E9
1.514E11
56234 5 3
5.33E9
1.4983E11
56234 5 3
4.51E9
1.5307E11
56234 5 3
4.88E9
1.498E11
56234 5 3
4.56E9
1.535E11
56234 5 3
4.8E9
1.5469E11
56234 5 3
5.15E9
1.5597E11
100000 5 3
9.99E9
3.7209E11
100000 5 3
1.073E10
3.9893E11
100000 5 3
1.004E10
3.9462E11
100000 5 3
1.044E10
3.9205E11
100000 5 3
9.2E9
4.0028E11
100000 5 3
9.92E9
3.9975E11
100000 5 3
9.24E9
4.0366E11
100000 5 3
1.064E10
4.1471E11
100000 5 3
1.0E10
4.0843E11
100000 5 3
1.17E10
4.0484E11
