100 8 20
585937.5
429687.5
100 8 20
546875.0
429687.5
316 8 20
3437500.0
4687500.0
100 8 20
585937.5
585937.5
100 8 20
585937.5
429687.5
316 8 20
3437500.0
5625000.0
316 8 20
3437500.0
6250000.0
316 8 20
3437500.0
6562500.0
177 8 20
1250000.0
1015625.0
177 8 20
1484375.0
1093750.0
177 8 20
1328125.0
1015625.0
100 8 20
546875.0
351562.5
100 8 20
507812.5
390625.0
100 8 20
507812.5
390625.0
177 8 20
1484375.0
1093750.0
177 8 20
1484375.0
1015625.0
316 8 20
3750000.0
3125000.0
100 8 20
507812.5
312500.0
100 8 20
507812.5
371093.75
177 8 20
1328125.0
937500.0
316 8 20
3437500.0
3437500.0
177 8 20
1250000.0
1015625.0
177 8 20
1484375.0
1171875.0
177 8 20
1406250.0
937500.0
100 8 20
546875.0
351562.5
177 8 20
1562500.0
1093750.0
316 8 20
3437500.0
3281250.0
562 8 20
8750000.0
1.375E7
562 8 20
8750000.0
1.25E7
316 8 20
3750000.0
2656250.0
316 8 20
3750000.0
2656250.0
316 8 20
3281250.0
3125000.0
1778 8 20
5.5E7
1.1E8
1778 8 20
5.5E7
1.1E8
1778 8 20
6.0E7
1.2E8
1000 8 20
2.125E7
6.5E7
1000 8 20
2.0E7
6.5E7
1000 8 20
2.25E7
5.5E7
562 8 20
9375000.0
5.25E7
562 8 20
9375000.0
5.0E7
562 8 20
8750000.0
9375000.0
562 8 20
9375000.0
9375000.0
562 8 20
8750000.0
1.3125E7
1000 8 20
2.25E7
5.5E7
1778 8 20
6.0E7
9.5E7
1000 8 20
2.375E7
3.0E7
562 8 20
9375000.0
3.375E7
562 8 20
9375000.0
1.5625E7
1000 8 20
2.25E7
4.0E7
562 8 20
9375000.0
3.375E7
1778 8 20
5.5E7
1.25E8
1778 8 20
5.5E7
9.5E7
1000 8 20
2.125E7
4.25E7
1000 8 20
2.25E7
5.25E7
1778 8 20
5.5E7
1.35E8
1778 8 20
6.0E7
1.25E8
1778 8 20
6.0E7
1.35E8
1778 8 20
5.5E7
1.4E8
3162 8 20
1.4E8
3.1E8
1000 8 20
2.25E7
3.25E7
1000 8 20
2.5E7
2.25E7
3162 8 20
1.4E8
5.1E8
3162 8 20
1.5E8
4.4E8
3162 8 20
1.6E8
2.6E8
3162 8 20
1.6E8
2.1E8
3162 8 20
1.7E8
2.4E8
3162 8 20
3.2E8
2.2E8
3162 8 20
1.4E8
2.1E8
3162 8 20
1.5E8
2.2E8
3162 8 20
1.5E8
2.2E8
5623 8 20
3.4E8
7.7E8
5623 8 20
3.5E8
7.7E8
5623 8 20
3.4E8
9.3E8
5623 8 20
3.4E8
9.3E8
5623 8 20
3.4E8
1.18E9
5623 8 20
3.5E8
1.06E9
5623 8 20
3.5E8
1.27E9
5623 8 20
3.5E8
1.2E9
5623 8 20
3.6E8
1.16E9
5623 8 20
3.5E8
1.36E9
10000 8 20
8.3E8
2.38E9
10000 8 20
8.6E8
2.77E9
10000 8 20
8.0E8
2.84E9
10000 8 20
8.5E8
2.89E9
10000 8 20
8.7E8
3.11E9
10000 8 20
1.03E9
3.11E9
10000 8 20
8.5E8
3.16E9
10000 8 20
8.2E8
3.29E9
10000 8 20
8.7E8
3.02E9
10000 8 20
8.9E8
3.85E9
17782 8 20
2.01E9
8.83E9
17782 8 20
2.28E9
8.75E9
17782 8 20
2.36E9
8.85E9
17782 8 20
2.01E9
8.65E9
17782 8 20
2.03E9
9.37E9
17782 8 20
2.38E9
8.81E9
17782 8 20
2.37E9
8.76E9
17782 8 20
2.24E9
8.99E9
17782 8 20
2.51E9
9.75E9
17782 8 20
2.13E9
1.085E10
31622 8 20
4.8E9
3.522E10
31622 8 20
5.24E9
3.544E10
31622 8 20
4.82E9
3.486E10
31622 8 20
5.11E9
3.8E10
31622 8 20
5.15E9
3.778E10
31622 8 20
5.44E9
3.714E10
31622 8 20
5.28E9
3.818E10
31622 8 20
4.94E9
4.006E10
31622 8 20
5.59E9
4.205E10
31622 8 20
5.8E9
4.325E10
56234 8 20
1.15E10
1.2001E11
56234 8 20
1.115E10
1.2319E11
56234 8 20
1.162E10
1.245E11
56234 8 20
1.138E10
1.252E11
56234 8 20
1.4E10
1.2627E11
56234 8 20
1.136E10
1.2647E11
56234 8 20
1.116E10
1.2619E11
56234 8 20
1.376E10
1.2786E11
56234 8 20
1.124E10
1.2738E11
56234 8 20
1.16E10
1.2923E11
100000 8 20
2.717E10
3.2513E11
100000 8 20
2.641E10
3.3129E11
100000 8 20
3.074E10
3.3058E11
100000 8 20
2.657E10
3.3902E11
100000 8 20
2.65E10
3.3993E11
100000 8 20
2.668E10
3.4248E11
100000 8 20
2.783E10
3.5241E11
100000 8 20
2.709E10
3.6731E11
100000 8 20
2.718E10
3.6763E11
100000 8 20
3.366E10
3.5713E11
