100 10 1
546875.0
429687.5
100 10 1
507812.5
429687.5
316 10 1
3437500.0
3437500.0
316 10 1
3750000.0
3437500.0
100 10 1
546875.0
429687.5
100 10 1
546875.0
468750.0
100 10 1
546875.0
468750.0
100 10 1
546875.0
429687.5
100 10 1
625000.0
468750.0
100 10 1
585937.5
429687.5
100 10 1
625000.0
429687.5
177 10 1
1406250.0
1093750.0
177 10 1
1328125.0
1093750.0
177 10 1
1406250.0
1015625.0
562 10 1
9375000.0
7500000.0
316 10 1
3750000.0
2968750.0
177 10 1
1406250.0
1093750.0
316 10 1
4062500.0
2500000.0
177 10 1
1484375.0
1015625.0
100 10 1
546875.0
429687.5
177 10 1
1484375.0
1015625.0
177 10 1
1484375.0
1093750.0
316 10 1
3750000.0
2968750.0
177 10 1
1406250.0
1015625.0
316 10 1
3750000.0
2812500.0
562 10 1
9375000.0
8125000.0
177 10 1
1406250.0
1093750.0
316 10 1
3437500.0
2656250.0
177 10 1
1484375.0
1015625.0
316 10 1
3437500.0
3125000.0
316 10 1
3750000.0
2968750.0
316 10 1
3750000.0
2656250.0
562 10 1
8125000.0
7500000.0
562 10 1
9375000.0
1.3125E7
562 10 1
9375000.0
9375000.0
1000 10 1
2.25E7
5.5E7
562 10 1
8750000.0
1.1875E7
562 10 1
8750000.0
1.3125E7
1000 10 1
2.25E7
2.75E7
1778 10 1
5.5E7
8.5E7
562 10 1
8750000.0
1.0625E7
1778 10 1
5.5E7
9.5E7
562 10 1
9375000.0
1.125E7
1778 10 1
5.5E7
8.0E7
1778 10 1
5.5E7
1.05E8
1778 10 1
6.0E7
9.5E7
1778 10 1
6.0E7
8.5E7
1000 10 1
2.25E7
3.0E7
1000 10 1
2.125E7
2.75E7
1778 10 1
6.0E7
1.05E8
562 10 1
9375000.0
8125000.0
1778 10 1
5.5E7
8.5E7
3162 10 1
1.4E8
2.4E8
1778 10 1
6.0E7
9.5E7
1778 10 1
5.5E7
1.2E8
3162 10 1
1.4E8
2.9E8
3162 10 1
1.5E8
3.0E8
3162 10 1
1.4E8
2.8E8
1000 10 1
2.375E7
2.125E7
1000 10 1
2.25E7
2.125E7
1000 10 1
2.25E7
2.125E7
1000 10 1
2.25E7
2.125E7
1000 10 1
2.5E7
2.125E7
1000 10 1
2.25E7
2.25E7
3162 10 1
1.5E8
2.1E8
3162 10 1
1.5E8
2.1E8
3162 10 1
1.4E8
2.0E8
3162 10 1
1.5E8
2.1E8
3162 10 1
1.5E8
2.0E8
3162 10 1
1.5E8
2.0E8
5623 10 1
3.7E8
6.2E8
5623 10 1
3.4E8
6.2E8
5623 10 1
3.8E8
6.5E8
5623 10 1
3.9E8
6.7E8
5623 10 1
4.0E8
6.6E8
5623 10 1
3.6E8
6.2E8
5623 10 1
4.2E8
6.5E8
5623 10 1
3.9E8
6.4E8
5623 10 1
3.6E8
6.8E8
5623 10 1
4.4E8
6.8E8
10000 10 1
8.8E8
2.26E9
10000 10 1
9.2E8
2.18E9
10000 10 1
9.0E8
2.16E9
10000 10 1
9.1E8
2.29E9
10000 10 1
9.0E8
2.3E9
10000 10 1
8.9E8
2.32E9
10000 10 1
8.9E8
2.24E9
10000 10 1
8.8E8
2.23E9
10000 10 1
8.8E8
2.16E9
10000 10 1
9.1E8
2.42E9
17782 10 1
2.27E9
7.26E9
17782 10 1
2.41E9
7.18E9
17782 10 1
2.15E9
7.85E9
17782 10 1
2.15E9
8.07E9
17782 10 1
2.21E9
8.61E9
17782 10 1
2.16E9
8.11E9
17782 10 1
2.27E9
8.97E9
17782 10 1
2.24E9
9.21E9
17782 10 1
2.3E9
8.86E9
17782 10 1
2.22E9
9.68E9
31622 10 1
5.6E9
2.984E10
31622 10 1
5.38E9
3.074E10
31622 10 1
5.43E9
3.144E10
31622 10 1
5.33E9
3.284E10
31622 10 1
5.3E9
3.306E10
31622 10 1
5.43E9
3.454E10
31622 10 1
5.32E9
3.39E10
31622 10 1
6.17E9
3.297E10
31622 10 1
5.48E9
3.618E10
31622 10 1
5.75E9
3.521E10
56234 10 1
1.289E10
1.1041E11
56234 10 1
1.333E10
1.165E11
56234 10 1
1.347E10
1.1302E11
56234 10 1
1.332E10
1.1735E11
56234 10 1
1.28E10
1.1688E11
56234 10 1
1.303E10
1.1652E11
56234 10 1
1.459E10
1.1681E11
56234 10 1
1.596E10
1.1611E11
56234 10 1
1.333E10
1.185E11
56234 10 1
1.315E10
1.2133E11
100000 10 1
3.267E10
3.1513E11
100000 10 1
3.198E10
3.1393E11
100000 10 1
3.218E10
3.2884E11
100000 10 1
3.196E10
3.2475E11
100000 10 1
3.181E10
3.2229E11
100000 10 1
3.125E10
3.2589E11
100000 10 1
3.156E10
3.2673E11
100000 10 1
3.205E10
3.2507E11
100000 10 1
3.078E10
3.2889E11
100000 10 1
3.227E10
3.2539E11
