562 10 20
8750000.0
8125000.0
316 10 20
3750000.0
2500000.0
177 10 20
1328125.0
937500.0
316 10 20
3437500.0
2500000.0
316 10 20
3437500.0
2500000.0
316 10 20
3750000.0
2656250.0
316 10 20
3750000.0
2656250.0
100 10 20
546875.0
332031.25
316 10 20
3437500.0
2656250.0
177 10 20
1406250.0
1015625.0
316 10 20
3750000.0
2812500.0
562 10 20
9375000.0
8125000.0
177 10 20
1406250.0
937500.0
177 10 20
1406250.0
859375.0
100 10 20
585937.5
371093.75
177 10 20
1406250.0
937500.0
100 10 20
585937.5
312500.0
177 10 20
1406250.0
937500.0
316 10 20
3437500.0
2812500.0
100 10 20
585937.5
371093.75
177 10 20
1328125.0
859375.0
100 10 20
585937.5
351562.5
177 10 20
1328125.0
937500.0
177 10 20
1484375.0
859375.0
100 10 20
546875.0
351562.5
100 10 20
507812.5
371093.75
177 10 20
1406250.0
937500.0
100 10 20
546875.0
351562.5
316 10 20
3750000.0
2500000.0
316 10 20
3750000.0
2656250.0
100 10 20
585937.5
332031.25
100 10 20
585937.5
332031.25
562 10 20
8750000.0
6875000.0
1778 10 20
5.5E7
7.0E7
562 10 20
8750000.0
8750000.0
562 10 20
9375000.0
8125000.0
562 10 20
9375000.0
8125000.0
1778 10 20
5.5E7
7.5E7
1000 10 20
2.375E7
2.75E7
1778 10 20
6.0E7
7.5E7
562 10 20
9375000.0
9375000.0
1000 10 20
2.375E7
2.75E7
1000 10 20
2.375E7
2.75E7
562 10 20
9375000.0
8750000.0
1778 10 20
6.0E7
7.5E7
1778 10 20
6.0E7
7.5E7
1778 10 20
5.5E7
7.5E7
1778 10 20
6.0E7
7.0E7
562 10 20
9375000.0
8750000.0
562 10 20
9375000.0
8125000.0
1778 10 20
5.5E7
7.0E7
1778 10 20
6.0E7
8.0E7
3162 10 20
1.4E8
2.4E8
1778 10 20
5.5E7
7.5E7
3162 10 20
1.4E8
2.3E8
1000 10 20
2.375E7
2.125E7
1000 10 20
2.375E7
2.25E7
3162 10 20
1.5E8
2.6E8
1000 10 20
2.25E7
2.125E7
1000 10 20
2.375E7
2.125E7
1000 10 20
2.375E7
2.0E7
3162 10 20
1.4E8
2.3E8
1000 10 20
2.125E7
2.125E7
3162 10 20
1.5E8
1.9E8
1000 10 20
2.25E7
2.375E7
3162 10 20
1.3E8
2.1E8
3162 10 20
1.5E8
2.0E8
3162 10 20
1.4E8
1.9E8
3162 10 20
1.5E8
2.0E8
3162 10 20
1.5E8
2.0E8
5623 10 20
3.3E8
6.4E8
5623 10 20
3.7E8
6.0E8
5623 10 20
3.4E8
6.2E8
5623 10 20
3.5E8
6.1E8
5623 10 20
3.6E8
6.2E8
5623 10 20
3.6E8
6.4E8
5623 10 20
3.7E8
6.2E8
5623 10 20
3.5E8
7.4E8
5623 10 20
3.6E8
6.2E8
5623 10 20
3.4E8
6.3E8
10000 10 20
8.3E8
2.05E9
10000 10 20
8.8E8
2.23E9
10000 10 20
8.8E8
2.32E9
10000 10 20
8.9E8
2.18E9
10000 10 20
8.8E8
2.16E9
10000 10 20
8.7E8
2.17E9
10000 10 20
1.01E9
2.16E9
10000 10 20
8.8E8
2.17E9
10000 10 20
8.9E8
2.09E9
10000 10 20
8.8E8
2.14E9
17782 10 20
2.18E9
7.39E9
17782 10 20
2.07E9
7.99E9
17782 10 20
2.17E9
7.86E9
17782 10 20
2.15E9
7.53E9
17782 10 20
2.36E9
7.58E9
17782 10 20
2.17E9
8.56E9
17782 10 20
2.19E9
8.29E9
17782 10 20
2.36E9
8.5E9
17782 10 20
2.14E9
8.43E9
17782 10 20
2.18E9
8.28E9
31622 10 20
5.28E9
2.878E10
31622 10 20
5.25E9
2.984E10
31622 10 20
5.33E9
3.015E10
31622 10 20
5.45E9
3.06E10
31622 10 20
5.53E9
3.045E10
31622 10 20
5.43E9
3.221E10
31622 10 20
5.65E9
3.105E10
31622 10 20
5.23E9
3.28E10
31622 10 20
5.28E9
3.24E10
31622 10 20
5.63E9
3.239E10
56234 10 20
1.298E10
1.0718E11
56234 10 20
1.295E10
1.0977E11
56234 10 20
1.317E10
1.1003E11
56234 10 20
1.293E10
1.1135E11
56234 10 20
1.321E10
1.1211E11
56234 10 20
1.301E10
1.1036E11
56234 10 20
1.315E10
1.1173E11
56234 10 20
1.296E10
1.134E11
56234 10 20
1.304E10
1.1363E11
56234 10 20
1.314E10
1.2183E11
100000 10 20
3.133E10
2.7472E11
100000 10 20
3.187E10
3.0139E11
100000 10 20
3.196E10
2.9822E11
100000 10 20
3.246E10
3.0971E11
100000 10 20
3.17E10
3.0445E11
100000 10 20
3.17E10
3.0514E11
100000 10 20
3.112E10
3.0637E11
100000 10 20
3.161E10
3.0899E11
100000 10 20
3.172E10
3.1103E11
100000 10 20
3.134E10
3.1339E11
