100 5 2
468750.0
429687.5
100 5 2
468750.0
429687.5
100 5 2
507812.5
429687.5
100 5 2
468750.0
429687.5
100 5 2
429687.5
429687.5
316 5 2
2656250.0
3437500.0
177 5 2
1093750.0
1093750.0
316 5 2
2500000.0
4062500.0
177 5 2
1093750.0
1093750.0
316 5 2
2656250.0
3437500.0
316 5 2
2656250.0
3750000.0
316 5 2
2812500.0
3437500.0
316 5 2
2656250.0
3750000.0
177 5 2
1093750.0
1171875.0
177 5 2
1093750.0
1250000.0
316 5 2
2656250.0
4062500.0
177 5 2
1093750.0
1015625.0
177 5 2
1171875.0
1250000.0
316 5 2
2812500.0
3437500.0
316 5 2
2812500.0
3750000.0
177 5 2
1171875.0
1171875.0
177 5 2
1093750.0
1250000.0
177 5 2
1250000.0
1328125.0
177 5 2
1250000.0
1093750.0
100 5 2
468750.0
371093.75
316 5 2
2812500.0
3750000.0
100 5 2
429687.5
390625.0
100 5 2
468750.0
429687.5
100 5 2
468750.0
449218.75
100 5 2
468750.0
410156.25
562 5 2
6250000.0
1.0E7
562 5 2
6562500.0
1.0E7
1778 5 2
3.75E7
1.1E8
1778 5 2
3.25E7
1.2E8
562 5 2
7500000.0
1.0625E7
1778 5 2
3.5E7
1.1E8
562 5 2
6875000.0
1.25E7
1778 5 2
3.5E7
1.2E8
1778 5 2
3.75E7
1.1E8
1778 5 2
3.75E7
1.1E8
1778 5 2
3.75E7
1.2E8
1778 5 2
3.75E7
1.1E8
1778 5 2
3.75E7
1.2E8
562 5 2
6875000.0
1.375E7
562 5 2
6875000.0
1.0625E7
1000 5 2
1.5E7
3.5E7
1000 5 2
1.5E7
3.5E7
1000 5 2
1.5E7
3.25E7
1000 5 2
1.5E7
3.5E7
1000 5 2
1.625E7
3.0E7
1000 5 2
1.5E7
3.75E7
1000 5 2
1.5E7
3.25E7
1000 5 2
1.375E7
3.75E7
1000 5 2
1.5E7
3.5E7
562 5 2
6875000.0
1.0E7
1000 5 2
1.5E7
3.75E7
1778 5 2
3.75E7
1.1E8
562 5 2
6875000.0
9375000.0
562 5 2
6875000.0
1.0625E7
3162 5 2
8.0E7
3.7E8
3162 5 2
8.5E7
3.2E8
562 5 2
6875000.0
1.25E7
3162 5 2
8.5E7
3.5E8
3162 5 2
9.0E7
3.8E8
3162 5 2
8.0E7
3.1E8
3162 5 2
8.0E7
3.2E8
3162 5 2
7.5E7
4.0E8
3162 5 2
8.0E7
3.2E8
3162 5 2
8.5E7
4.2E8
3162 5 2
7.5E7
3.4E8
5623 5 2
1.8E8
1.28E9
5623 5 2
1.8E8
1.38E9
5623 5 2
1.7E8
1.28E9
5623 5 2
1.9E8
1.29E9
5623 5 2
1.8E8
1.53E9
5623 5 2
1.8E8
1.46E9
5623 5 2
1.8E8
1.59E9
5623 5 2
1.8E8
1.61E9
5623 5 2
1.8E8
1.57E9
5623 5 2
1.7E8
1.61E9
10000 5 2
4.9E8
4.36E9
10000 5 2
4.9E8
4.26E9
10000 5 2
4.0E8
4.37E9
10000 5 2
5.1E8
4.42E9
10000 5 2
5.0E8
4.3E9
10000 5 2
4.6E8
4.45E9
10000 5 2
5.0E8
4.43E9
10000 5 2
4.8E8
4.47E9
10000 5 2
4.0E8
5.11E9
10000 5 2
4.4E8
5.07E9
17782 5 2
9.0E8
1.384E10
17782 5 2
1.13E9
1.39E10
17782 5 2
1.03E9
1.46E10
17782 5 2
9.7E8
1.434E10
17782 5 2
9.1E8
1.436E10
17782 5 2
9.6E8
1.543E10
17782 5 2
1.06E9
1.569E10
17782 5 2
1.17E9
1.69E10
17782 5 2
1.2E9
1.777E10
17782 5 2
1.28E9
1.772E10
31622 5 2
2.33E9
4.995E10
31622 5 2
2.33E9
5.106E10
31622 5 2
2.23E9
5.266E10
31622 5 2
1.98E9
5.373E10
31622 5 2
2.38E9
5.447E10
31622 5 2
2.16E9
5.47E10
31622 5 2
2.24E9
5.602E10
31622 5 2
2.39E9
5.64E10
31622 5 2
2.32E9
5.758E10
31622 5 2
2.13E9
6.03E10
56234 5 2
5.2E9
1.4336E11
56234 5 2
5.72E9
1.4929E11
56234 5 2
4.79E9
1.4733E11
56234 5 2
5.08E9
1.4768E11
56234 5 2
4.74E9
1.5091E11
56234 5 2
4.73E9
1.5363E11
56234 5 2
5.02E9
1.5261E11
56234 5 2
4.93E9
1.5354E11
56234 5 2
4.54E9
1.5811E11
56234 5 2
4.64E9
1.6115E11
100000 5 2
1.027E10
3.6725E11
100000 5 2
9.42E9
3.7626E11
100000 5 2
9.81E9
3.7914E11
100000 5 2
9.49E9
3.8506E11
100000 5 2
1.261E10
3.9208E11
100000 5 2
1.014E10
3.8697E11
100000 5 2
1.019E10
3.8896E11
100000 5 2
1.086E10
3.9025E11
100000 5 2
1.172E10
4.0111E11
100000 5 2
9.78E9
3.9396E11
