316 25 2
4062500.0
3437500.0
316 25 2
3437500.0
3437500.0
316 25 2
4062500.0
3437500.0
316 25 2
4062500.0
3750000.0
316 25 2
4062500.0
3437500.0
316 25 2
4062500.0
3750000.0
316 25 2
4062500.0
3750000.0
316 25 2
4062500.0
3437500.0
177 25 2
1484375.0
1718750.0
316 25 2
3750000.0
3437500.0
177 25 2
1406250.0
1718750.0
177 25 2
1484375.0
1718750.0
177 25 2
1718750.0
1562500.0
562 25 2
1.0E7
9375000.0
562 25 2
1.0E7
8750000.0
316 25 2
3750000.0
3437500.0
100 25 2
585937.5
703125.0
100 25 2
625000.0
742187.5
100 25 2
625000.0
742187.5
100 25 2
625000.0
742187.5
100 25 2
585937.5
703125.0
100 25 2
585937.5
703125.0
100 25 2
546875.0
703125.0
100 25 2
585937.5
703125.0
100 25 2
625000.0
703125.0
100 25 2
546875.0
664062.5
177 25 2
1484375.0
1406250.0
177 25 2
1406250.0
1406250.0
177 25 2
1562500.0
1484375.0
177 25 2
1562500.0
1562500.0
177 25 2
1562500.0
1484375.0
177 25 2
1562500.0
1562500.0
1000 25 2
2.75E7
3.0E7
1778 25 2
6.5E7
6.0E7
1778 25 2
6.0E7
7.5E7
1778 25 2
6.5E7
8.0E7
562 25 2
1.0E7
9375000.0
1778 25 2
7.0E7
7.0E7
562 25 2
9375000.0
9375000.0
562 25 2
1.0E7
1.1875E7
562 25 2
1.0E7
9375000.0
562 25 2
1.0E7
1.0E7
1778 25 2
7.0E7
8.5E7
1778 25 2
6.0E7
7.0E7
1000 25 2
2.5E7
2.75E7
562 25 2
1.0E7
1.125E7
1778 25 2
6.0E7
7.0E7
562 25 2
1.0E7
1.0E7
562 25 2
9375000.0
1.0625E7
1000 25 2
2.75E7
2.5E7
1000 25 2
2.75E7
2.5E7
1778 25 2
6.0E7
7.5E7
1000 25 2
2.75E7
2.875E7
1778 25 2
6.5E7
7.0E7
1000 25 2
2.375E7
3.25E7
1000 25 2
2.75E7
2.5E7
1000 25 2
2.75E7
3.25E7
1000 25 2
2.375E7
3.25E7
1778 25 2
7.0E7
9.5E7
1000 25 2
2.625E7
2.375E7
3162 25 2
1.6E8
2.2E8
3162 25 2
1.8E8
1.9E8
3162 25 2
1.7E8
2.3E8
3162 25 2
1.7E8
2.1E8
3162 25 2
2.0E8
1.5E8
3162 25 2
1.4E8
1.5E8
3162 25 2
1.7E8
1.4E8
3162 25 2
1.7E8
1.5E8
3162 25 2
1.6E8
1.6E8
3162 25 2
1.6E8
1.5E8
5623 25 2
4.2E8
4.4E8
5623 25 2
4.0E8
5.1E8
5623 25 2
4.0E8
5.4E8
5623 25 2
3.9E8
5.1E8
5623 25 2
4.0E8
5.0E8
5623 25 2
4.2E8
5.3E8
5623 25 2
4.0E8
5.4E8
5623 25 2
4.0E8
5.1E8
5623 25 2
4.0E8
5.1E8
5623 25 2
4.3E8
5.1E8
10000 25 2
1.02E9
1.6E9
10000 25 2
1.03E9
1.52E9
10000 25 2
1.04E9
1.89E9
10000 25 2
1.04E9
1.86E9
10000 25 2
1.03E9
1.87E9
10000 25 2
1.01E9
1.92E9
10000 25 2
1.08E9
1.67E9
10000 25 2
1.05E9
1.87E9
10000 25 2
1.02E9
1.94E9
10000 25 2
1.02E9
2.02E9
17782 25 2
2.93E9
4.56E9
17782 25 2
2.55E9
5.19E9
17782 25 2
2.7E9
4.95E9
17782 25 2
2.59E9
5.8E9
17782 25 2
2.63E9
6.01E9
17782 25 2
2.74E9
5.77E9
17782 25 2
2.49E9
5.74E9
17782 25 2
2.91E9
5.82E9
17782 25 2
2.67E9
5.88E9
17782 25 2
2.58E9
5.9E9
31622 25 2
6.18E9
2.208E10
31622 25 2
6.37E9
2.174E10
31622 25 2
6.47E9
2.136E10
31622 25 2
6.93E9
2.05E10
31622 25 2
6.76E9
2.165E10
31622 25 2
6.4E9
2.247E10
31622 25 2
7.19E9
2.235E10
31622 25 2
7.38E9
2.249E10
31622 25 2
6.43E9
2.334E10
31622 25 2
7.07E9
2.283E10
56234 25 2
1.624E10
7.85E10
56234 25 2
1.6E10
7.93E10
56234 25 2
1.564E10
7.706E10
56234 25 2
1.606E10
7.667E10
56234 25 2
1.612E10
7.782E10
56234 25 2
1.554E10
8.02E10
56234 25 2
1.644E10
7.982E10
56234 25 2
1.653E10
8.143E10
56234 25 2
1.579E10
8.24E10
56234 25 2
1.645E10
8.193E10
100000 25 2
4.039E10
1.8225E11
100000 25 2
3.869E10
1.8708E11
100000 25 2
3.992E10
1.9947E11
100000 25 2
5.341E10
1.7907E11
100000 25 2
3.947E10
2.0629E11
100000 25 2
3.909E10
1.9791E11
100000 25 2
3.892E10
1.9926E11
100000 25 2
3.798E10
1.9929E11
100000 25 2
4.163E10
1.9844E11
100000 25 2
5.441E10
1.9195E11
