316 6 3
3437500.0
3437500.0
316 6 3
3437500.0
3437500.0
100 6 3
507812.5
468750.0
100 6 3
507812.5
429687.5
100 6 3
546875.0
468750.0
100 6 3
507812.5
468750.0
177 6 3
1250000.0
1093750.0
177 6 3
1328125.0
1328125.0
177 6 3
1328125.0
1093750.0
177 6 3
1328125.0
1093750.0
177 6 3
1328125.0
1171875.0
177 6 3
1406250.0
1015625.0
562 6 3
8125000.0
1.0E7
316 6 3
3437500.0
3125000.0
316 6 3
3281250.0
3437500.0
562 6 3
8125000.0
1.0625E7
316 6 3
3281250.0
3437500.0
177 6 3
1328125.0
1093750.0
316 6 3
3281250.0
3437500.0
177 6 3
1328125.0
1171875.0
177 6 3
1250000.0
1250000.0
316 6 3
3437500.0
3125000.0
100 6 3
507812.5
410156.25
316 6 3
3437500.0
3281250.0
100 6 3
507812.5
410156.25
316 6 3
3437500.0
3281250.0
177 6 3
1406250.0
1093750.0
100 6 3
546875.0
410156.25
100 6 3
546875.0
429687.5
100 6 3
546875.0
371093.75
100 6 3
507812.5
390625.0
316 6 3
3125000.0
3125000.0
562 6 3
7500000.0
9375000.0
562 6 3
7500000.0
9375000.0
562 6 3
7500000.0
8125000.0
562 6 3
7500000.0
1.0E7
562 6 3
7500000.0
1.1875E7
562 6 3
7500000.0
1.1875E7
1778 6 3
4.5E7
1.1E8
1778 6 3
4.75E7
1.1E8
1000 6 3
1.875E7
3.0E7
1000 6 3
1.875E7
2.75E7
1000 6 3
2.0E7
3.0E7
1778 6 3
4.75E7
1.1E8
1000 6 3
1.875E7
3.5E7
1778 6 3
4.75E7
1.2E8
1000 6 3
1.875E7
3.5E7
1778 6 3
4.75E7
1.3E8
1000 6 3
2.0E7
3.0E7
1000 6 3
2.0E7
3.25E7
1000 6 3
1.875E7
3.25E7
1000 6 3
2.0E7
3.25E7
1778 6 3
4.75E7
1.2E8
562 6 3
8125000.0
1.0625E7
1000 6 3
1.875E7
3.0E7
3162 6 3
1.1E8
3.0E8
562 6 3
8750000.0
1.0E7
3162 6 3
1.1E8
3.0E8
3162 6 3
1.1E8
3.1E8
1778 6 3
4.5E7
8.5E7
1778 6 3
4.75E7
9.0E7
1778 6 3
4.5E7
9.0E7
1778 6 3
4.5E7
9.0E7
3162 6 3
1.2E8
3.1E8
3162 6 3
1.2E8
2.6E8
3162 6 3
1.3E8
2.7E8
3162 6 3
1.2E8
2.7E8
3162 6 3
1.2E8
2.7E8
3162 6 3
1.1E8
2.7E8
3162 6 3
1.05E8
2.8E8
5623 6 3
2.5E8
9.3E8
5623 6 3
2.5E8
1.0E9
5623 6 3
2.6E8
9.7E8
5623 6 3
2.6E8
1.0E9
5623 6 3
2.5E8
1.0E9
5623 6 3
2.6E8
9.9E8
5623 6 3
2.7E8
9.9E8
5623 6 3
2.5E8
1.04E9
5623 6 3
2.5E8
1.02E9
5623 6 3
2.5E8
9.4E8
10000 6 3
6.6E8
3.45E9
10000 6 3
5.8E8
3.68E9
10000 6 3
6.3E8
3.68E9
10000 6 3
6.2E8
3.68E9
10000 6 3
5.8E8
3.7E9
10000 6 3
6.6E8
3.75E9
10000 6 3
5.6E8
3.85E9
10000 6 3
5.7E8
3.67E9
10000 6 3
5.8E8
3.79E9
10000 6 3
6.4E8
4.49E9
17782 6 3
1.46E9
1.296E10
17782 6 3
1.35E9
1.327E10
17782 6 3
1.37E9
1.378E10
17782 6 3
1.38E9
1.442E10
17782 6 3
1.33E9
1.456E10
17782 6 3
1.53E9
1.403E10
17782 6 3
1.4E9
1.477E10
17782 6 3
1.43E9
1.506E10
17782 6 3
1.48E9
1.54E10
17782 6 3
1.42E9
1.685E10
31622 6 3
3.18E9
5.484E10
31622 6 3
3.09E9
5.524E10
31622 6 3
3.21E9
5.589E10
31622 6 3
3.76E9
5.596E10
31622 6 3
3.19E9
5.908E10
31622 6 3
3.14E9
5.92E10
31622 6 3
3.3E9
6.004E10
31622 6 3
3.23E9
6.08E10
31622 6 3
3.14E9
6.141E10
31622 6 3
3.83E9
6.581E10
56234 6 3
7.1E9
1.7903E11
56234 6 3
6.72E9
1.8001E11
56234 6 3
9.01E9
1.8041E11
56234 6 3
7.3E9
1.8085E11
56234 6 3
7.42E9
1.8194E11
56234 6 3
7.99E9
1.8357E11
56234 6 3
6.86E9
1.8885E11
56234 6 3
7.71E9
1.929E11
56234 6 3
8.21E9
1.9215E11
56234 6 3
7.15E9
1.9437E11
100000 6 3
1.625E10
4.4122E11
100000 6 3
1.908E10
4.3821E11
100000 6 3
1.503E10
4.4749E11
100000 6 3
1.676E10
4.5108E11
100000 6 3
1.595E10
4.6531E11
100000 6 3
1.625E10
4.7146E11
100000 6 3
1.644E10
4.8463E11
100000 6 3
1.6E10
4.76E11
100000 6 3
1.55E10
4.7995E11
100000 6 3
1.515E10
4.8557E11
