100 8 10
546875.0
429687.5
100 8 10
546875.0
429687.5
100 8 10
546875.0
429687.5
100 8 10
546875.0
429687.5
316 8 10
3437500.0
2968750.0
177 8 10
1328125.0
1093750.0
177 8 10
1406250.0
1015625.0
316 8 10
3437500.0
3125000.0
562 8 10
8750000.0
8750000.0
316 8 10
3750000.0
2968750.0
177 8 10
1406250.0
1015625.0
316 8 10
3750000.0
2968750.0
316 8 10
3437500.0
2968750.0
316 8 10
3750000.0
3125000.0
177 8 10
1562500.0
1015625.0
316 8 10
3750000.0
2812500.0
177 8 10
1484375.0
937500.0
562 8 10
9375000.0
8750000.0
100 8 10
546875.0
371093.75
316 8 10
3437500.0
2968750.0
100 8 10
546875.0
429687.5
316 8 10
3750000.0
2968750.0
316 8 10
3750000.0
2812500.0
177 8 10
1328125.0
1093750.0
177 8 10
1406250.0
1015625.0
100 8 10
585937.5
390625.0
100 8 10
546875.0
410156.25
100 8 10
546875.0
429687.5
177 8 10
1406250.0
1093750.0
177 8 10
1406250.0
1015625.0
177 8 10
1484375.0
937500.0
100 8 10
546875.0
371093.75
562 8 10
8125000.0
9375000.0
562 8 10
8125000.0
9375000.0
562 8 10
8750000.0
1.0625E7
562 8 10
8750000.0
1.125E7
562 8 10
1.0E7
1.5E7
1778 8 10
6.0E7
9.5E7
1778 8 10
5.5E7
1.05E8
1778 8 10
5.5E7
1.1E8
1778 8 10
6.0E7
1.6E8
562 8 10
9375000.0
7500000.0
1778 8 10
6.0E7
1.05E8
1778 8 10
5.5E7
1.25E8
1778 8 10
5.5E7
1.2E8
1000 8 10
2.375E7
3.0E7
1778 8 10
5.5E7
1.1E8
1000 8 10
2.25E7
2.75E7
1000 8 10
2.125E7
3.5E7
1000 8 10
2.25E7
3.0E7
562 8 10
8750000.0
1.0E7
1000 8 10
2.375E7
3.25E7
1000 8 10
2.125E7
2.75E7
1000 8 10
2.25E7
3.25E7
1000 8 10
2.625E7
3.75E7
1778 8 10
5.5E7
1.2E8
3162 8 10
1.4E8
3.1E8
3162 8 10
1.5E8
3.3E8
1000 8 10
2.375E7
2.75E7
562 8 10
9375000.0
9375000.0
3162 8 10
1.4E8
3.3E8
3162 8 10
1.4E8
3.1E8
1000 8 10
2.25E7
2.25E7
1778 8 10
5.75E7
8.0E7
3162 8 10
1.2E8
2.3E8
3162 8 10
1.4E8
2.3E8
3162 8 10
1.2E8
2.2E8
3162 8 10
1.4E8
2.2E8
3162 8 10
1.3E8
2.1E8
3162 8 10
1.5E8
2.1E8
5623 8 10
3.4E8
7.2E8
5623 8 10
3.4E8
7.3E8
5623 8 10
3.3E8
7.7E8
5623 8 10
3.4E8
7.7E8
5623 8 10
3.5E8
7.2E8
5623 8 10
3.4E8
8.2E8
5623 8 10
3.4E8
8.3E8
5623 8 10
3.5E8
8.4E8
5623 8 10
3.4E8
8.5E8
5623 8 10
3.4E8
7.3E8
10000 8 10
8.1E8
2.76E9
10000 8 10
8.4E8
2.87E9
10000 8 10
8.1E8
2.94E9
10000 8 10
8.1E8
2.79E9
10000 8 10
8.1E8
2.91E9
10000 8 10
8.3E8
2.89E9
10000 8 10
8.1E8
3.04E9
10000 8 10
7.9E8
2.98E9
10000 8 10
8.6E8
3.31E9
10000 8 10
8.0E8
3.07E9
17782 8 10
1.96E9
8.89E9
17782 8 10
2.04E9
9.64E9
17782 8 10
2.03E9
9.2E9
17782 8 10
2.08E9
1.001E10
17782 8 10
2.0E9
9.83E9
17782 8 10
2.07E9
1.002E10
17782 8 10
2.0E9
1.069E10
17782 8 10
2.11E9
1.04E10
17782 8 10
1.97E9
1.107E10
17782 8 10
2.1E9
1.169E10
31622 8 10
4.66E9
3.901E10
31622 8 10
5.1E9
3.8E10
31622 8 10
4.99E9
3.844E10
31622 8 10
4.86E9
3.959E10
31622 8 10
5.07E9
3.92E10
31622 8 10
5.49E9
3.89E10
31622 8 10
4.76E9
3.993E10
31622 8 10
4.86E9
3.993E10
31622 8 10
7.34E9
3.786E10
31622 8 10
4.75E9
4.413E10
56234 8 10
1.34E10
1.4073E11
56234 8 10
1.287E10
1.4071E11
56234 8 10
1.151E10
1.419E11
56234 8 10
1.193E10
1.4461E11
56234 8 10
1.351E10
1.409E11
56234 8 10
1.14E10
1.4439E11
56234 8 10
1.369E10
1.4414E11
56234 8 10
1.14E10
1.4708E11
56234 8 10
1.183E10
1.4983E11
56234 8 10
1.183E10
1.5774E11
100000 8 10
2.786E10
3.4918E11
100000 8 10
2.69E10
3.7243E11
100000 8 10
2.745E10
3.788E11
100000 8 10
2.689E10
3.7409E11
100000 8 10
2.691E10
3.716E11
100000 8 10
2.666E10
3.7662E11
100000 8 10
2.71E10
4.0051E11
100000 8 10
2.704E10
3.916E11
100000 8 10
2.647E10
3.9358E11
100000 8 10
2.73E10
4.0846E11
