100 10 3
546875.0
429687.5
316 10 3
3750000.0
3437500.0
100 10 3
585937.5
429687.5
100 10 3
546875.0
429687.5
100 10 3
546875.0
429687.5
100 10 3
625000.0
429687.5
100 10 3
585937.5
429687.5
100 10 3
585937.5
429687.5
562 10 3
9375000.0
7500000.0
562 10 3
9375000.0
8125000.0
316 10 3
3750000.0
2968750.0
316 10 3
3750000.0
2968750.0
316 10 3
3437500.0
3125000.0
177 10 3
1484375.0
1093750.0
177 10 3
1484375.0
1015625.0
316 10 3
3750000.0
2968750.0
177 10 3
1406250.0
1015625.0
177 10 3
1484375.0
1015625.0
316 10 3
3750000.0
2968750.0
316 10 3
3437500.0
2812500.0
177 10 3
1406250.0
1015625.0
177 10 3
1484375.0
1093750.0
177 10 3
1562500.0
1015625.0
316 10 3
3750000.0
2968750.0
100 10 3
546875.0
429687.5
177 10 3
1484375.0
1093750.0
316 10 3
3437500.0
2812500.0
177 10 3
1562500.0
1093750.0
177 10 3
1484375.0
1015625.0
316 10 3
3750000.0
3125000.0
100 10 3
585937.5
429687.5
100 10 3
625000.0
410156.25
562 10 3
9375000.0
1.0E7
562 10 3
9375000.0
1.0E7
562 10 3
9375000.0
1.0E7
562 10 3
9375000.0
1.125E7
562 10 3
9375000.0
1.0625E7
562 10 3
9375000.0
1.0625E7
1778 10 3
6.0E7
8.5E7
562 10 3
9375000.0
1.1875E7
562 10 3
8750000.0
1.0625E7
1000 10 3
2.25E7
3.5E7
1778 10 3
6.0E7
9.5E7
1000 10 3
2.375E7
2.75E7
1778 10 3
6.0E7
1.0E8
1778 10 3
6.0E7
1.0E8
1778 10 3
6.0E7
1.0E8
1778 10 3
5.5E7
1.05E8
1778 10 3
6.0E7
1.05E8
1000 10 3
2.375E7
2.75E7
1000 10 3
2.25E7
2.75E7
1778 10 3
6.0E7
9.0E7
1778 10 3
6.0E7
9.5E7
1000 10 3
2.5E7
2.75E7
1778 10 3
6.0E7
1.0E8
1000 10 3
2.125E7
2.75E7
3162 10 3
1.4E8
3.1E8
3162 10 3
1.4E8
2.9E8
3162 10 3
1.4E8
3.0E8
3162 10 3
1.4E8
3.0E8
1000 10 3
2.375E7
2.25E7
1000 10 3
2.125E7
2.125E7
1000 10 3
2.25E7
2.125E7
1000 10 3
2.5E7
2.25E7
3162 10 3
1.3E8
2.1E8
3162 10 3
1.5E8
2.1E8
3162 10 3
1.6E8
1.9E8
3162 10 3
1.4E8
2.2E8
3162 10 3
1.5E8
2.0E8
3162 10 3
1.4E8
2.0E8
5623 10 3
3.5E8
6.6E8
5623 10 3
3.8E8
6.4E8
5623 10 3
3.6E8
6.5E8
5623 10 3
3.7E8
7.1E8
5623 10 3
3.6E8
6.8E8
5623 10 3
3.6E8
6.8E8
5623 10 3
3.6E8
7.0E8
5623 10 3
3.6E8
6.3E8
5623 10 3
3.6E8
7.8E8
5623 10 3
3.6E8
6.6E8
10000 10 3
1.03E9
2.24E9
10000 10 3
9.2E8
2.42E9
10000 10 3
9.5E8
2.52E9
10000 10 3
9.5E8
2.25E9
10000 10 3
9.6E8
2.39E9
10000 10 3
8.9E8
2.37E9
10000 10 3
8.9E8
2.4E9
10000 10 3
9.2E8
2.4E9
10000 10 3
9.0E8
2.28E9
10000 10 3
9.8E8
2.55E9
17782 10 3
2.2E9
8.57E9
17782 10 3
2.12E9
9.01E9
17782 10 3
2.33E9
8.4E9
17782 10 3
2.45E9
8.47E9
17782 10 3
2.21E9
8.75E9
17782 10 3
2.19E9
9.16E9
17782 10 3
2.26E9
8.78E9
17782 10 3
2.24E9
8.98E9
17782 10 3
2.11E9
8.89E9
17782 10 3
2.27E9
8.94E9
31622 10 3
5.48E9
2.932E10
31622 10 3
5.34E9
2.989E10
31622 10 3
5.26E9
3.117E10
31622 10 3
5.38E9
3.01E10
31622 10 3
5.53E9
3.096E10
31622 10 3
5.27E9
3.099E10
31622 10 3
5.91E9
3.142E10
31622 10 3
5.43E9
3.111E10
31622 10 3
5.32E9
3.259E10
31622 10 3
5.35E9
3.22E10
56234 10 3
1.435E10
9.825E10
56234 10 3
1.296E10
1.0025E11
56234 10 3
1.307E10
1.036E11
56234 10 3
1.287E10
1.1177E11
56234 10 3
1.491E10
1.0853E11
56234 10 3
1.531E10
1.1079E11
56234 10 3
1.279E10
1.1459E11
56234 10 3
1.396E10
1.1547E11
56234 10 3
1.265E10
1.2289E11
56234 10 3
1.58E10
1.2176E11
100000 10 3
3.148E10
2.6908E11
100000 10 3
3.238E10
3.0107E11
100000 10 3
3.152E10
2.9588E11
100000 10 3
3.145E10
3.0014E11
100000 10 3
3.178E10
3.0168E11
100000 10 3
3.131E10
3.0242E11
100000 10 3
3.152E10
3.0659E11
100000 10 3
3.192E10
3.1546E11
100000 10 3
3.146E10
3.1631E11
100000 10 3
3.176E10
3.2201E11
