100 15 20
507812.5
468750.0
100 15 20
546875.0
468750.0
100 15 20
585937.5
429687.5
100 15 20
585937.5
429687.5
100 15 20
625000.0
468750.0
100 15 20
625000.0
429687.5
100 15 20
625000.0
468750.0
100 15 20
585937.5
468750.0
100 15 20
585937.5
468750.0
100 15 20
585937.5
468750.0
562 15 20
9375000.0
6875000.0
562 15 20
1.0E7
7500000.0
316 15 20
3750000.0
2656250.0
316 15 20
3750000.0
2812500.0
177 15 20
1406250.0
1015625.0
316 15 20
3750000.0
2656250.0
316 15 20
3750000.0
2812500.0
316 15 20
3750000.0
2656250.0
177 15 20
1484375.0
1093750.0
316 15 20
3750000.0
2812500.0
316 15 20
3750000.0
2812500.0
177 15 20
1406250.0
1093750.0
316 15 20
3750000.0
2968750.0
177 15 20
1406250.0
1171875.0
177 15 20
1406250.0
1171875.0
316 15 20
3750000.0
2812500.0
177 15 20
1484375.0
1171875.0
177 15 20
1562500.0
1093750.0
316 15 20
3750000.0
2656250.0
177 15 20
1484375.0
1171875.0
177 15 20
1484375.0
1093750.0
177 15 20
1484375.0
1093750.0
562 15 20
9375000.0
7500000.0
562 15 20
9375000.0
8125000.0
562 15 20
9375000.0
8750000.0
562 15 20
9375000.0
9375000.0
1778 15 20
6.0E7
8.0E7
562 15 20
9375000.0
1.1875E7
1000 15 20
2.375E7
3.0E7
1778 15 20
6.0E7
8.5E7
562 15 20
9375000.0
8750000.0
1778 15 20
6.5E7
8.5E7
1778 15 20
6.5E7
8.5E7
1000 15 20
2.625E7
3.0E7
1778 15 20
6.5E7
8.0E7
1778 15 20
6.5E7
8.0E7
1778 15 20
6.0E7
9.0E7
1778 15 20
6.5E7
8.5E7
562 15 20
9375000.0
1.0625E7
562 15 20
9375000.0
1.0625E7
1778 15 20
6.0E7
8.0E7
1778 15 20
6.5E7
9.0E7
1000 15 20
2.5E7
2.75E7
3162 15 20
1.5E8
2.4E8
3162 15 20
1.5E8
2.4E8
3162 15 20
1.5E8
2.5E8
3162 15 20
1.6E8
2.4E8
1000 15 20
2.25E7
1.875E7
1000 15 20
2.5E7
1.875E7
1000 15 20
2.5E7
2.0E7
1000 15 20
2.5E7
1.875E7
1000 15 20
2.5E7
2.0E7
1000 15 20
2.625E7
2.0E7
1000 15 20
2.375E7
2.125E7
3162 15 20
1.6E8
1.7E8
3162 15 20
1.5E8
1.7E8
3162 15 20
1.6E8
1.7E8
3162 15 20
1.6E8
1.9E8
3162 15 20
1.5E8
1.8E8
3162 15 20
1.6E8
1.6E8
5623 15 20
3.9E8
5.3E8
5623 15 20
3.9E8
5.1E8
5623 15 20
3.8E8
5.2E8
5623 15 20
3.9E8
5.5E8
5623 15 20
3.9E8
5.3E8
5623 15 20
3.8E8
5.4E8
5623 15 20
3.9E8
5.4E8
5623 15 20
3.9E8
5.5E8
5623 15 20
3.8E8
5.5E8
5623 15 20
3.8E8
5.6E8
10000 15 20
9.5E8
1.7E9
10000 15 20
9.9E8
1.73E9
10000 15 20
9.7E8
1.85E9
10000 15 20
9.8E8
1.83E9
10000 15 20
9.6E8
1.86E9
10000 15 20
1.02E9
1.87E9
10000 15 20
9.9E8
1.91E9
10000 15 20
9.5E8
1.87E9
10000 15 20
9.9E8
1.88E9
10000 15 20
9.4E8
2.02E9
17782 15 20
2.35E9
6.37E9
17782 15 20
2.35E9
6.52E9
17782 15 20
2.57E9
6.52E9
17782 15 20
2.5E9
6.81E9
17782 15 20
2.34E9
7.04E9
17782 15 20
2.38E9
6.78E9
17782 15 20
2.36E9
7.15E9
17782 15 20
2.39E9
7.13E9
17782 15 20
2.34E9
7.19E9
17782 15 20
2.35E9
6.92E9
31622 15 20
5.82E9
2.401E10
31622 15 20
5.94E9
2.392E10
31622 15 20
5.83E9
2.48E10
31622 15 20
5.94E9
2.589E10
31622 15 20
5.89E9
2.593E10
31622 15 20
5.85E9
2.749E10
31622 15 20
5.89E9
2.538E10
31622 15 20
5.87E9
2.666E10
31622 15 20
5.88E9
2.706E10
31622 15 20
5.8E9
2.693E10
56234 15 20
1.514E10
8.683E10
56234 15 20
1.467E10
8.533E10
56234 15 20
1.462E10
8.879E10
56234 15 20
1.459E10
8.928E10
56234 15 20
1.495E10
9.303E10
56234 15 20
1.807E10
9.315E10
56234 15 20
1.821E10
9.469E10
56234 15 20
1.43E10
1.0006E11
56234 15 20
1.491E10
9.942E10
56234 15 20
1.763E10
9.949E10
100000 15 20
4.062E10
2.3042E11
100000 15 20
4.525E10
2.2863E11
100000 15 20
3.582E10
2.4776E11
100000 15 20
3.475E10
2.4647E11
100000 15 20
3.471E10
2.5158E11
100000 15 20
4.245E10
2.4458E11
100000 15 20
3.942E10
2.4967E11
100000 15 20
3.833E10
2.6002E11
100000 15 20
3.584E10
2.5773E11
100000 15 20
4.287E10
2.5142E11
