316 3 10
1015625.0
3437500.0
316 3 10
1171875.0
3750000.0
316 3 10
1171875.0
3750000.0
177 3 10
625000.0
859375.0
177 3 10
859375.0
1171875.0
316 3 10
1015625.0
3750000.0
177 3 10
546875.0
1015625.0
177 3 10
468750.0
1171875.0
100 3 10
234375.0
273437.5
177 3 10
546875.0
1015625.0
100 3 10
234375.0
273437.5
177 3 10
546875.0
1015625.0
562 3 10
2500000.0
7500000.0
100 3 10
332031.25
312500.0
100 3 10
234375.0
273437.5
177 3 10
585937.5
1171875.0
177 3 10
625000.0
1015625.0
177 3 10
585937.5
1093750.0
100 3 10
253906.25
273437.5
316 3 10
1171875.0
2187500.0
100 3 10
312500.0
332031.25
316 3 10
1250000.0
2187500.0
316 3 10
1328125.0
2500000.0
316 3 10
1093750.0
2656250.0
100 3 10
253906.25
410156.25
316 3 10
1171875.0
2187500.0
100 3 10
214843.75
312500.0
100 3 10
273437.5
410156.25
100 3 10
273437.5
312500.0
316 3 10
1171875.0
2812500.0
177 3 10
546875.0
859375.0
562 3 10
2343750.0
6875000.0
1000 3 10
7500000.0
5.5E7
1778 3 10
1.625E7
1.1E8
1000 3 10
6875000.0
3.5E7
562 3 10
2187500.0
1.375E7
1778 3 10
1.1875E7
1.2E8
562 3 10
3437500.0
1.625E7
1000 3 10
4375000.0
3.0E7
1000 3 10
5312500.0
6.0E7
1000 3 10
1.0E7
3.75E7
562 3 10
2343750.0
1.0625E7
562 3 10
2187500.0
1.4375E7
1778 3 10
1.3125E7
1.2E8
1778 3 10
1.125E7
7.0E7
1778 3 10
1.1875E7
1.5E8
1778 3 10
2.25E7
6.0E7
562 3 10
2343750.0
1.625E7
1000 3 10
9375000.0
1.75E7
1778 3 10
1.375E7
4.5E7
1778 3 10
9375000.0
8.0E7
1000 3 10
5937500.0
1.75E7
562 3 10
2343750.0
1.375E7
562 3 10
3125000.0
1.0625E7
1778 3 10
2.25E7
8.0E7
3162 3 10
3.0E7
3.0E8
1000 3 10
4687500.0
1.75E7
3162 3 10
4.0E7
2.8E8
3162 3 10
3.0E7
2.8E8
562 3 10
3593750.0
9375000.0
3162 3 10
1.625E7
1.9E8
1000 3 10
6875000.0
2.25E7
3162 3 10
3.25E7
2.0E8
1778 3 10
1.375E7
6.25E7
1000 3 10
6562500.0
4.375E7
3162 3 10
2.75E7
3.8E8
3162 3 10
1.75E7
2.6E8
3162 3 10
2.0E7
3.5E8
3162 3 10
2.5E7
3.6E8
3162 3 10
1.875E7
3.7E8
5623 3 10
4.5E7
5.0E8
5623 3 10
5.5E7
6.5E8
5623 3 10
4.25E7
5.4E8
5623 3 10
4.5E7
5.3E8
5623 3 10
4.5E7
5.1E8
5623 3 10
9.5E7
6.8E8
5623 3 10
3.75E7
6.4E8
5623 3 10
1.3E8
6.0E8
5623 3 10
5.0E7
7.0E8
5623 3 10
5.5E7
6.7E8
10000 3 10
1.0E8
1.49E9
10000 3 10
7.0E7
1.85E9
10000 3 10
2.6E8
1.84E9
10000 3 10
1.25E8
1.83E9
10000 3 10
7.5E7
1.97E9
10000 3 10
9.5E7
2.01E9
10000 3 10
9.5E7
2.0E9
10000 3 10
8.0E7
2.2E9
10000 3 10
2.2E8
2.28E9
10000 3 10
2.5E8
2.3E9
17782 3 10
3.0E8
5.15E9
17782 3 10
2.2E8
5.89E9
17782 3 10
3.4E8
5.32E9
17782 3 10
2.3E8
5.94E9
17782 3 10
1.7E8
6.0E9
17782 3 10
2.7E8
6.13E9
17782 3 10
1.6E8
6.69E9
17782 3 10
2.7E8
6.96E9
17782 3 10
2.0E8
6.55E9
17782 3 10
4.1E8
7.13E9
31622 3 10
2.7E8
1.659E10
31622 3 10
3.1E8
1.728E10
31622 3 10
3.0E8
1.749E10
31622 3 10
2.8E8
1.787E10
31622 3 10
5.1E8
1.882E10
31622 3 10
5.6E8
1.827E10
31622 3 10
2.8E8
1.962E10
31622 3 10
4.9E8
1.991E10
31622 3 10
6.5E8
1.908E10
31622 3 10
6.2E8
2.037E10
56234 3 10
1.03E9
4.752E10
56234 3 10
7.9E8
4.972E10
56234 3 10
6.5E8
5.013E10
56234 3 10
8.0E8
5.317E10
56234 3 10
8.0E8
5.418E10
56234 3 10
6.9E8
5.631E10
56234 3 10
6.8E8
5.448E10
56234 3 10
7.8E8
5.554E10
56234 3 10
6.2E8
5.509E10
56234 3 10
6.3E8
5.46E10
100000 3 10
1.54E9
1.3554E11
100000 3 10
1.66E9
1.338E11
100000 3 10
1.95E9
1.3669E11
100000 3 10
1.67E9
1.3906E11
100000 3 10
1.92E9
1.4211E11
100000 3 10
1.96E9
1.4613E11
100000 3 10
1.84E9
1.4174E11
100000 3 10
1.92E9
1.4235E11
100000 3 10
1.63E9
1.4307E11
100000 3 10
1.52E9
1.433E11
