100 5 5
468750.0
468750.0
100 5 5
429687.5
429687.5
100 5 5
507812.5
429687.5
100 5 5
507812.5
429687.5
100 5 5
507812.5
429687.5
316 5 5
2656250.0
3437500.0
177 5 5
1093750.0
1093750.0
177 5 5
1093750.0
1093750.0
177 5 5
1015625.0
1093750.0
177 5 5
1171875.0
1015625.0
177 5 5
1093750.0
1093750.0
177 5 5
1171875.0
1093750.0
177 5 5
1093750.0
1171875.0
316 5 5
2812500.0
4062500.0
316 5 5
2812500.0
3750000.0
177 5 5
1171875.0
1250000.0
177 5 5
1093750.0
1328125.0
100 5 5
507812.5
429687.5
316 5 5
2968750.0
3437500.0
100 5 5
468750.0
390625.0
316 5 5
2812500.0
3750000.0
177 5 5
1171875.0
1171875.0
316 5 5
2812500.0
3750000.0
100 5 5
468750.0
371093.75
316 5 5
2812500.0
3437500.0
100 5 5
468750.0
429687.5
316 5 5
2656250.0
4062500.0
316 5 5
2968750.0
3750000.0
100 5 5
468750.0
371093.75
562 5 5
6562500.0
1.1875E7
562 5 5
6875000.0
1.1875E7
316 5 5
2968750.0
3906250.0
562 5 5
6875000.0
1.375E7
562 5 5
6875000.0
1.125E7
1778 5 5
3.75E7
1.2E8
562 5 5
6875000.0
1.25E7
1778 5 5
3.5E7
1.1E8
1778 5 5
4.0E7
1.2E8
1778 5 5
4.0E7
1.2E8
1778 5 5
4.0E7
1.3E8
562 5 5
7500000.0
1.1875E7
1778 5 5
4.0E7
1.3E8
1000 5 5
1.75E7
3.5E7
1000 5 5
1.625E7
3.25E7
1000 5 5
1.75E7
3.75E7
1778 5 5
4.25E7
1.2E8
562 5 5
6875000.0
1.5E7
1000 5 5
1.75E7
3.5E7
1000 5 5
1.75E7
3.25E7
1000 5 5
1.625E7
3.5E7
1778 5 5
5.0E7
1.7E8
562 5 5
6875000.0
1.3125E7
562 5 5
7500000.0
9375000.0
1778 5 5
5.75E7
1.5E8
1000 5 5
2.0E7
4.0E7
1000 5 5
2.125E7
3.5E7
1000 5 5
1.75E7
3.0E7
1778 5 5
4.25E7
9.5E7
1000 5 5
2.0E7
3.25E7
562 5 5
7500000.0
1.125E7
3162 5 5
9.0E7
3.7E8
3162 5 5
9.0E7
3.2E8
3162 5 5
9.0E7
3.2E8
3162 5 5
8.5E7
3.8E8
3162 5 5
8.0E7
3.2E8
3162 5 5
7.5E7
3.8E8
3162 5 5
8.5E7
4.3E8
3162 5 5
8.0E7
3.2E8
3162 5 5
1.2E8
6.3E8
3162 5 5
8.0E7
3.1E8
5623 5 5
1.9E8
1.13E9
5623 5 5
1.8E8
1.32E9
5623 5 5
1.8E8
1.46E9
5623 5 5
2.0E8
1.77E9
5623 5 5
2.1E8
2.06E9
5623 5 5
1.9E8
1.92E9
5623 5 5
2.2E8
2.18E9
5623 5 5
1.8E8
2.01E9
5623 5 5
2.2E8
2.34E9
5623 5 5
2.1E8
2.65E9
10000 5 5
4.0E8
4.45E9
10000 5 5
4.4E8
4.72E9
10000 5 5
4.1E8
4.69E9
10000 5 5
7.5E8
4.53E9
10000 5 5
4.4E8
4.54E9
10000 5 5
4.5E8
4.73E9
10000 5 5
4.9E8
4.97E9
10000 5 5
7.2E8
6.57E9
10000 5 5
7.2E8
6.7E9
10000 5 5
8.1E8
7.8E9
17782 5 5
1.02E9
1.321E10
17782 5 5
9.3E8
1.268E10
17782 5 5
1.16E9
1.482E10
17782 5 5
9.4E8
1.465E10
17782 5 5
1.02E9
1.668E10
17782 5 5
1.07E9
1.64E10
17782 5 5
1.14E9
1.657E10
17782 5 5
1.32E9
1.56E10
17782 5 5
1.02E9
1.665E10
17782 5 5
1.27E9
1.642E10
31622 5 5
2.02E9
5.387E10
31622 5 5
1.92E9
5.499E10
31622 5 5
2.02E9
5.66E10
31622 5 5
2.3E9
5.68E10
31622 5 5
2.14E9
5.558E10
31622 5 5
2.75E9
5.932E10
31622 5 5
2.23E9
6.182E10
31622 5 5
2.28E9
6.008E10
31622 5 5
3.22E9
5.929E10
31622 5 5
2.44E9
6.659E10
56234 5 5
5.64E9
1.6361E11
56234 5 5
5.78E9
1.6667E11
56234 5 5
6.64E9
1.7269E11
56234 5 5
6.65E9
1.7179E11
56234 5 5
5.76E9
1.7067E11
56234 5 5
5.56E9
1.7445E11
56234 5 5
4.85E9
1.8106E11
56234 5 5
5.05E9
1.8167E11
56234 5 5
4.93E9
1.8299E11
56234 5 5
4.64E9
1.8566E11
100000 5 5
9.78E9
3.7971E11
100000 5 5
9.72E9
3.9452E11
100000 5 5
9.92E9
4.0008E11
100000 5 5
9.59E9
4.1195E11
100000 5 5
9.74E9
4.1457E11
100000 5 5
9.69E9
4.0688E11
100000 5 5
1.053E10
4.0861E11
100000 5 5
1.22E10
4.2215E11
100000 5 5
1.0E10
4.1335E11
100000 5 5
1.268E10
4.2401E11
