316 7 1
3437500.0
3437500.0
316 7 1
3437500.0
3437500.0
316 7 1
3437500.0
3750000.0
316 7 1
3437500.0
3437500.0
316 7 1
3437500.0
3437500.0
316 7 1
3750000.0
3437500.0
316 7 1
3437500.0
3750000.0
100 7 1
546875.0
468750.0
100 7 1
546875.0
468750.0
100 7 1
507812.5
546875.0
100 7 1
585937.5
468750.0
316 7 1
3750000.0
3437500.0
100 7 1
585937.5
429687.5
100 7 1
507812.5
546875.0
100 7 1
585937.5
507812.5
100 7 1
546875.0
507812.5
100 7 1
507812.5
507812.5
100 7 1
585937.5
507812.5
562 7 1
8125000.0
9375000.0
562 7 1
8750000.0
8125000.0
177 7 1
1328125.0
1015625.0
177 7 1
1328125.0
1015625.0
177 7 1
1406250.0
1015625.0
177 7 1
1328125.0
1093750.0
177 7 1
1406250.0
1015625.0
316 7 1
3437500.0
2968750.0
316 7 1
3437500.0
2968750.0
177 7 1
1406250.0
1093750.0
177 7 1
1484375.0
1015625.0
177 7 1
1406250.0
1015625.0
177 7 1
1406250.0
1093750.0
177 7 1
1406250.0
1093750.0
1778 7 1
5.5E7
1.1E8
1778 7 1
5.5E7
1.2E8
1778 7 1
5.5E7
1.3E8
562 7 1
8750000.0
8750000.0
562 7 1
8750000.0
1.0E7
562 7 1
8750000.0
1.125E7
562 7 1
8750000.0
1.0E7
1000 7 1
2.25E7
3.0E7
562 7 1
8750000.0
1.125E7
562 7 1
8750000.0
1.0625E7
562 7 1
8750000.0
1.4375E7
562 7 1
8750000.0
9375000.0
1000 7 1
2.25E7
3.0E7
1778 7 1
5.5E7
9.0E7
1000 7 1
2.125E7
3.0E7
1778 7 1
5.75E7
1.1E8
1000 7 1
2.25E7
3.5E7
1778 7 1
5.5E7
9.5E7
1778 7 1
5.5E7
1.0E8
1000 7 1
2.25E7
3.25E7
1000 7 1
2.25E7
4.25E7
1000 7 1
2.125E7
4.0E7
3162 7 1
1.3E8
3.0E8
1000 7 1
2.25E7
4.5E7
1000 7 1
2.25E7
4.25E7
1000 7 1
2.25E7
4.25E7
3162 7 1
1.3E8
3.5E8
3162 7 1
1.3E8
3.6E8
1778 7 1
5.5E7
9.5E7
1778 7 1
5.5E7
8.5E7
1778 7 1
5.5E7
9.5E7
3162 7 1
1.3E8
4.1E8
3162 7 1
1.3E8
2.7E8
3162 7 1
1.4E8
2.5E8
3162 7 1
1.3E8
3.2E8
3162 7 1
1.3E8
2.8E8
3162 7 1
1.3E8
2.5E8
3162 7 1
1.3E8
2.6E8
5623 7 1
3.2E8
7.7E8
5623 7 1
3.2E8
7.8E8
5623 7 1
3.2E8
8.1E8
5623 7 1
3.2E8
1.01E9
5623 7 1
3.6E8
1.01E9
5623 7 1
3.4E8
1.01E9
5623 7 1
3.3E8
1.11E9
5623 7 1
3.4E8
1.09E9
5623 7 1
3.2E8
1.3E9
5623 7 1
3.4E8
1.29E9
10000 7 1
7.3E8
2.65E9
10000 7 1
7.2E8
2.85E9
10000 7 1
7.7E8
2.78E9
10000 7 1
7.3E8
3.52E9
10000 7 1
8.2E8
3.52E9
10000 7 1
7.5E8
3.82E9
10000 7 1
7.7E8
3.64E9
10000 7 1
7.6E8
3.99E9
10000 7 1
7.4E8
4.47E9
10000 7 1
7.5E8
4.6E9
17782 7 1
2.06E9
1.144E10
17782 7 1
1.83E9
1.245E10
17782 7 1
1.86E9
1.193E10
17782 7 1
1.76E9
1.259E10
17782 7 1
2.24E9
1.199E10
17782 7 1
2.02E9
1.279E10
17782 7 1
1.81E9
1.468E10
17782 7 1
2.11E9
1.447E10
17782 7 1
2.0E9
1.445E10
17782 7 1
2.32E9
1.504E10
31622 7 1
4.19E9
4.248E10
31622 7 1
4.72E9
4.246E10
31622 7 1
5.04E9
4.38E10
31622 7 1
5.12E9
4.381E10
31622 7 1
4.24E9
4.471E10
31622 7 1
4.1E9
4.572E10
31622 7 1
4.3E9
4.763E10
31622 7 1
4.61E9
4.779E10
31622 7 1
4.23E9
4.924E10
31622 7 1
4.2E9
4.828E10
56234 7 1
9.85E9
1.4282E11
56234 7 1
9.41E9
1.4277E11
56234 7 1
1.001E10
1.4781E11
56234 7 1
9.47E9
1.5221E11
56234 7 1
9.41E9
1.5335E11
56234 7 1
1.164E10
1.5598E11
56234 7 1
1.181E10
1.5457E11
56234 7 1
1.111E10
1.5656E11
56234 7 1
9.57E9
1.5955E11
56234 7 1
9.48E9
1.6055E11
100000 7 1
2.214E10
3.5321E11
100000 7 1
2.349E10
3.6869E11
100000 7 1
2.106E10
3.6762E11
100000 7 1
2.174E10
3.7539E11
100000 7 1
2.903E10
3.7618E11
100000 7 1
2.25E10
3.7666E11
100000 7 1
2.161E10
3.7923E11
100000 7 1
2.297E10
3.8001E11
100000 7 1
2.165E10
3.8185E11
100000 7 1
2.114E10
3.8309E11
