316 9 2
3750000.0
3437500.0
316 9 2
3750000.0
3437500.0
316 9 2
3750000.0
3437500.0
316 9 2
3750000.0
3750000.0
316 9 2
3750000.0
3750000.0
316 9 2
3750000.0
3437500.0
100 9 2
507812.5
429687.5
100 9 2
507812.5
429687.5
316 9 2
3437500.0
3437500.0
100 9 2
507812.5
468750.0
100 9 2
507812.5
429687.5
100 9 2
585937.5
468750.0
316 9 2
3437500.0
4687500.0
100 9 2
585937.5
429687.5
316 9 2
3750000.0
3437500.0
100 9 2
546875.0
468750.0
100 9 2
625000.0
429687.5
100 9 2
546875.0
429687.5
316 9 2
3750000.0
2812500.0
177 9 2
1406250.0
1093750.0
177 9 2
1406250.0
1171875.0
177 9 2
1484375.0
937500.0
177 9 2
1328125.0
1171875.0
562 9 2
8125000.0
1.0E7
562 9 2
9375000.0
9375000.0
177 9 2
1328125.0
1171875.0
177 9 2
1484375.0
1171875.0
177 9 2
1484375.0
1171875.0
177 9 2
1406250.0
1171875.0
177 9 2
1406250.0
1015625.0
177 9 2
1562500.0
1093750.0
100 9 2
546875.0
390625.0
562 9 2
9375000.0
2.0E7
1778 9 2
5.5E7
1.1E8
1000 9 2
2.375E7
2.75E7
1778 9 2
6.0E7
1.3E8
562 9 2
8750000.0
9375000.0
562 9 2
8750000.0
1.0625E7
1000 9 2
2.25E7
6.0E7
562 9 2
9375000.0
8125000.0
562 9 2
9375000.0
9375000.0
1778 9 2
5.5E7
1.2E8
1000 9 2
2.25E7
8.5E7
562 9 2
8750000.0
1.3125E7
1778 9 2
5.5E7
8.0E7
562 9 2
8750000.0
1.3125E7
1778 9 2
5.5E7
2.0E8
1778 9 2
5.5E7
1.9E8
1000 9 2
2.375E7
4.0E7
1000 9 2
2.375E7
4.0E7
1000 9 2
2.5E7
7.0E7
1000 9 2
2.375E7
4.5E7
1000 9 2
2.25E7
5.0E7
1778 9 2
5.5E7
9.5E7
1000 9 2
2.25E7
3.75E7
562 9 2
9375000.0
1.875E7
1778 9 2
6.0E7
1.3E8
1000 9 2
2.375E7
5.25E7
1778 9 2
5.5E7
1.35E8
1778 9 2
5.5E7
1.4E8
3162 9 2
1.4E8
3.0E8
3162 9 2
1.4E8
4.3E8
3162 9 2
1.4E8
4.4E8
3162 9 2
1.4E8
4.0E8
3162 9 2
1.4E8
2.2E8
3162 9 2
1.4E8
2.2E8
3162 9 2
1.6E8
2.2E8
3162 9 2
1.6E8
2.3E8
3162 9 2
1.7E8
2.2E8
3162 9 2
2.0E8
2.4E8
5623 9 2
3.6E8
6.4E8
5623 9 2
3.5E8
6.8E8
5623 9 2
3.9E8
6.6E8
5623 9 2
3.6E8
6.7E8
5623 9 2
3.6E8
7.1E8
5623 9 2
3.6E8
7.4E8
5623 9 2
3.8E8
7.7E8
5623 9 2
3.6E8
7.6E8
5623 9 2
3.8E8
8.1E8
5623 9 2
3.9E8
7.5E8
10000 9 2
8.5E8
2.34E9
10000 9 2
8.6E8
2.58E9
10000 9 2
8.5E8
2.78E9
10000 9 2
8.7E8
2.75E9
10000 9 2
8.8E8
3.13E9
10000 9 2
9.3E8
3.11E9
10000 9 2
8.5E8
3.39E9
10000 9 2
8.9E8
2.89E9
10000 9 2
8.7E8
3.28E9
10000 9 2
9.3E8
3.38E9
17782 9 2
2.36E9
9.17E9
17782 9 2
2.25E9
1.026E10
17782 9 2
2.28E9
1.129E10
17782 9 2
2.06E9
1.244E10
17782 9 2
2.25E9
1.254E10
17782 9 2
2.09E9
1.256E10
17782 9 2
2.18E9
1.348E10
17782 9 2
2.49E9
1.321E10
17782 9 2
2.75E9
1.312E10
17782 9 2
2.45E9
1.366E10
31622 9 2
5.37E9
3.635E10
31622 9 2
5.24E9
3.559E10
31622 9 2
5.47E9
3.887E10
31622 9 2
5.54E9
4.089E10
31622 9 2
5.55E9
4.048E10
31622 9 2
5.64E9
4.135E10
31622 9 2
5.9E9
4.26E10
31622 9 2
5.87E9
4.977E10
31622 9 2
6.27E9
5.128E10
31622 9 2
5.38E9
5.313E10
56234 9 2
1.425E10
1.3911E11
56234 9 2
1.478E10
1.3673E11
56234 9 2
1.272E10
1.3886E11
56234 9 2
1.28E10
1.3936E11
56234 9 2
1.258E10
1.4076E11
56234 9 2
1.437E10
1.4023E11
56234 9 2
1.263E10
1.4349E11
56234 9 2
1.289E10
1.4322E11
56234 9 2
1.258E10
1.469E11
56234 9 2
1.566E10
1.4382E11
100000 9 2
3.105E10
3.2104E11
100000 9 2
2.971E10
3.4113E11
100000 9 2
3.077E10
3.4007E11
100000 9 2
3.052E10
3.4723E11
100000 9 2
3.318E10
3.528E11
100000 9 2
3.047E10
3.4447E11
100000 9 2
3.075E10
3.4572E11
100000 9 2
3.233E10
3.5501E11
100000 9 2
2.995E10
3.537E11
100000 9 2
3.074E10
3.5635E11
