316 15 3
3750000.0
3437500.0
100 15 3
546875.0
507812.5
100 15 3
585937.5
507812.5
100 15 3
585937.5
507812.5
100 15 3
625000.0
507812.5
100 15 3
585937.5
507812.5
100 15 3
546875.0
507812.5
100 15 3
585937.5
507812.5
100 15 3
625000.0
468750.0
100 15 3
585937.5
546875.0
100 15 3
585937.5
468750.0
316 15 3
3750000.0
2968750.0
316 15 3
4062500.0
2968750.0
562 15 3
1.0E7
8125000.0
316 15 3
3750000.0
2968750.0
316 15 3
3750000.0
2968750.0
316 15 3
3750000.0
2812500.0
562 15 3
1.0E7
8125000.0
316 15 3
4062500.0
2968750.0
316 15 3
4062500.0
2968750.0
316 15 3
3750000.0
2812500.0
177 15 3
1484375.0
1171875.0
177 15 3
1484375.0
1171875.0
177 15 3
1406250.0
1093750.0
316 15 3
4062500.0
2968750.0
177 15 3
1406250.0
1171875.0
177 15 3
1484375.0
1171875.0
177 15 3
1562500.0
1171875.0
177 15 3
1562500.0
1015625.0
177 15 3
1484375.0
1093750.0
177 15 3
1484375.0
1093750.0
177 15 3
1640625.0
1171875.0
562 15 3
1.0E7
8750000.0
562 15 3
9375000.0
9375000.0
562 15 3
1.0E7
9375000.0
1778 15 3
6.0E7
7.5E7
562 15 3
9375000.0
1.0E7
1778 15 3
6.0E7
7.0E7
562 15 3
9375000.0
1.125E7
562 15 3
1.0E7
9375000.0
562 15 3
1.0E7
9375000.0
1778 15 3
6.0E7
8.5E7
1778 15 3
6.0E7
1.05E8
1778 15 3
6.5E7
8.5E7
1778 15 3
6.5E7
7.0E7
1000 15 3
2.75E7
2.625E7
1778 15 3
6.0E7
8.0E7
562 15 3
9375000.0
1.375E7
1000 15 3
2.5E7
3.0E7
1000 15 3
2.5E7
3.0E7
1000 15 3
2.75E7
2.75E7
1000 15 3
2.25E7
2.75E7
1778 15 3
6.5E7
1.1E8
1778 15 3
6.5E7
1.1E8
1778 15 3
6.0E7
1.05E8
1000 15 3
2.625E7
2.75E7
3162 15 3
1.5E8
2.6E8
3162 15 3
1.5E8
2.3E8
3162 15 3
1.6E8
3.2E8
1000 15 3
2.375E7
2.125E7
3162 15 3
1.6E8
2.8E8
1000 15 3
2.375E7
2.0E7
1000 15 3
2.625E7
2.0E7
1000 15 3
2.375E7
2.125E7
3162 15 3
1.5E8
1.8E8
3162 15 3
1.5E8
1.7E8
3162 15 3
1.5E8
1.7E8
3162 15 3
1.6E8
1.7E8
3162 15 3
1.6E8
1.7E8
3162 15 3
1.5E8
1.9E8
5623 15 3
3.9E8
5.5E8
5623 15 3
3.8E8
5.3E8
5623 15 3
3.7E8
5.3E8
5623 15 3
3.8E8
5.7E8
5623 15 3
3.9E8
5.6E8
5623 15 3
3.8E8
5.3E8
5623 15 3
4.0E8
5.9E8
5623 15 3
3.7E8
5.6E8
5623 15 3
4.0E8
5.4E8
5623 15 3
4.0E8
5.4E8
10000 15 3
9.4E8
1.71E9
10000 15 3
9.9E8
1.7E9
10000 15 3
9.8E8
1.79E9
10000 15 3
9.7E8
1.86E9
10000 15 3
9.7E8
1.82E9
10000 15 3
9.5E8
1.84E9
10000 15 3
9.5E8
1.96E9
10000 15 3
1.0E9
1.94E9
10000 15 3
9.9E8
2.05E9
10000 15 3
1.05E9
1.75E9
17782 15 3
2.39E9
6.34E9
17782 15 3
2.37E9
6.57E9
17782 15 3
2.35E9
6.96E9
17782 15 3
2.55E9
7.05E9
17782 15 3
2.38E9
7.74E9
17782 15 3
2.36E9
7.77E9
17782 15 3
2.53E9
7.47E9
17782 15 3
2.76E9
7.15E9
17782 15 3
2.48E9
8.08E9
17782 15 3
2.46E9
8.06E9
31622 15 3
5.86E9
2.678E10
31622 15 3
5.88E9
2.718E10
31622 15 3
5.96E9
2.833E10
31622 15 3
5.93E9
2.772E10
31622 15 3
6.13E9
2.871E10
31622 15 3
6.18E9
2.91E10
31622 15 3
6.06E9
2.869E10
31622 15 3
6.04E9
2.942E10
31622 15 3
5.94E9
2.989E10
31622 15 3
5.88E9
2.948E10
56234 15 3
1.452E10
8.961E10
56234 15 3
1.458E10
9.218E10
56234 15 3
1.465E10
9.16E10
56234 15 3
1.595E10
9.116E10
56234 15 3
1.456E10
9.366E10
56234 15 3
1.48E10
9.639E10
56234 15 3
1.472E10
9.698E10
56234 15 3
1.453E10
9.691E10
56234 15 3
1.503E10
9.88E10
56234 15 3
1.459E10
9.899E10
100000 15 3
3.717E10
2.3446E11
100000 15 3
4.082E10
2.2275E11
100000 15 3
3.606E10
2.3562E11
100000 15 3
3.962E10
2.4089E11
100000 15 3
3.668E10
2.5261E11
100000 15 3
3.656E10
2.4911E11
100000 15 3
3.614E10
2.4952E11
100000 15 3
3.571E10
2.5109E11
100000 15 3
3.56E10
2.5115E11
100000 15 3
3.693E10
2.5278E11
