316 4 10
1875000.0
3437500.0
316 4 10
1875000.0
3437500.0
177 4 10
859375.0
1015625.0
316 4 10
2031250.0
3437500.0
316 4 10
1718750.0
3437500.0
316 4 10
1875000.0
3437500.0
177 4 10
859375.0
1015625.0
316 4 10
1875000.0
3437500.0
316 4 10
1875000.0
3437500.0
177 4 10
859375.0
1093750.0
177 4 10
859375.0
1015625.0
177 4 10
859375.0
1015625.0
177 4 10
859375.0
1093750.0
177 4 10
859375.0
1015625.0
177 4 10
859375.0
1093750.0
177 4 10
859375.0
1015625.0
100 4 10
429687.5
371093.75
562 4 10
4375000.0
1.0E7
562 4 10
4375000.0
9375000.0
316 4 10
1875000.0
3125000.0
100 4 10
371093.75
332031.25
100 4 10
351562.5
351562.5
316 4 10
2031250.0
3281250.0
177 4 10
937500.0
1093750.0
100 4 10
351562.5
390625.0
100 4 10
371093.75
351562.5
100 4 10
371093.75
351562.5
316 4 10
2031250.0
3593750.0
100 4 10
390625.0
332031.25
100 4 10
390625.0
351562.5
100 4 10
351562.5
351562.5
100 4 10
410156.25
371093.75
1000 4 10
9375000.0
3.0E7
562 4 10
4375000.0
8750000.0
1000 4 10
9375000.0
3.0E7
1000 4 10
1.0E7
3.0E7
1000 4 10
1.0625E7
3.25E7
1000 4 10
1.0E7
3.5E7
1000 4 10
9375000.0
2.75E7
562 4 10
4375000.0
1.0E7
562 4 10
4687500.0
1.125E7
1000 4 10
1.125E7
3.25E7
1000 4 10
1.0625E7
3.25E7
562 4 10
4375000.0
1.1875E7
562 4 10
4687500.0
1.125E7
562 4 10
4375000.0
1.1875E7
562 4 10
4375000.0
1.0E7
562 4 10
4375000.0
1.0E7
1778 4 10
2.5E7
1.1E8
1778 4 10
2.5E7
1.2E8
1000 4 10
1.1875E7
3.25E7
1778 4 10
2.375E7
1.1E8
1778 4 10
2.5E7
1.1E8
1000 4 10
1.0E7
2.75E7
3162 4 10
5.5E7
2.7E8
1778 4 10
2.125E7
8.5E7
1778 4 10
2.5E7
1.1E8
1778 4 10
2.5E7
1.1E8
1778 4 10
2.5E7
1.15E8
1778 4 10
2.375E7
9.0E7
1778 4 10
2.5E7
9.5E7
3162 4 10
5.0E7
3.0E8
3162 4 10
5.0E7
3.1E8
3162 4 10
5.0E7
3.6E8
3162 4 10
5.5E7
3.1E8
3162 4 10
5.5E7
3.3E8
3162 4 10
5.5E7
3.3E8
3162 4 10
5.5E7
3.7E8
3162 4 10
5.25E7
3.2E8
3162 4 10
5.0E7
3.6E8
5623 4 10
1.1E8
8.6E8
5623 4 10
1.1E8
8.6E8
5623 4 10
1.15E8
8.7E8
5623 4 10
1.2E8
8.3E8
5623 4 10
1.3E8
1.09E9
5623 4 10
1.1E8
1.03E9
5623 4 10
1.2E8
1.06E9
5623 4 10
1.2E8
1.06E9
5623 4 10
1.2E8
1.13E9
5623 4 10
1.3E8
1.11E9
10000 4 10
2.3E8
2.58E9
10000 4 10
2.3E8
2.57E9
10000 4 10
2.7E8
2.66E9
10000 4 10
2.6E8
2.88E9
10000 4 10
2.5E8
2.73E9
10000 4 10
2.5E8
2.86E9
10000 4 10
2.3E8
2.94E9
10000 4 10
2.7E8
2.88E9
10000 4 10
2.5E8
2.94E9
10000 4 10
2.5E8
2.95E9
17782 4 10
5.9E8
8.74E9
17782 4 10
5.5E8
9.16E9
17782 4 10
4.9E8
8.98E9
17782 4 10
5.2E8
9.42E9
17782 4 10
5.2E8
9.47E9
17782 4 10
4.7E8
9.06E9
17782 4 10
6.3E8
9.34E9
17782 4 10
5.6E8
9.55E9
17782 4 10
5.6E8
9.96E9
17782 4 10
6.1E8
1.038E10
31622 4 10
1.09E9
2.907E10
31622 4 10
1.13E9
3.168E10
31622 4 10
1.26E9
3.264E10
31622 4 10
1.49E9
3.202E10
31622 4 10
1.26E9
3.405E10
31622 4 10
1.15E9
3.474E10
31622 4 10
1.23E9
3.504E10
31622 4 10
1.03E9
3.56E10
31622 4 10
1.28E9
3.537E10
31622 4 10
1.22E9
3.554E10
56234 4 10
2.31E9
8.69E10
56234 4 10
2.99E9
8.919E10
56234 4 10
2.51E9
9.462E10
56234 4 10
2.56E9
9.233E10
56234 4 10
2.9E9
9.857E10
56234 4 10
3.07E9
1.0027E11
56234 4 10
2.14E9
1.0016E11
56234 4 10
2.53E9
1.0423E11
56234 4 10
2.48E9
1.0415E11
56234 4 10
3.07E9
1.0675E11
100000 4 10
5.41E9
2.1894E11
100000 4 10
5.22E9
2.3106E11
100000 4 10
6.9E9
2.3187E11
100000 4 10
4.33E9
2.2791E11
100000 4 10
5.05E9
2.289E11
100000 4 10
4.78E9
2.3596E11
100000 4 10
4.6E9
2.3774E11
100000 4 10
4.7E9
2.3964E11
100000 4 10
4.63E9
2.4115E11
100000 4 10
5.01E9
2.4183E11
