316 25 3
3437500.0
3437500.0
316 25 3
4062500.0
3437500.0
316 25 3
3750000.0
3750000.0
316 25 3
4062500.0
3750000.0
100 25 3
625000.0
859375.0
177 25 3
1328125.0
1718750.0
316 25 3
3750000.0
3437500.0
100 25 3
507812.5
703125.0
100 25 3
507812.5
664062.5
316 25 3
4062500.0
3750000.0
316 25 3
3750000.0
3750000.0
316 25 3
3750000.0
3750000.0
100 25 3
585937.5
703125.0
100 25 3
546875.0
664062.5
316 25 3
4062500.0
3750000.0
100 25 3
585937.5
703125.0
100 25 3
585937.5
703125.0
562 25 3
9375000.0
8125000.0
100 25 3
585937.5
703125.0
316 25 3
3750000.0
3437500.0
100 25 3
664062.5
703125.0
562 25 3
1.0E7
8750000.0
100 25 3
546875.0
703125.0
177 25 3
1484375.0
1562500.0
177 25 3
1484375.0
1562500.0
177 25 3
1562500.0
1484375.0
177 25 3
1484375.0
1562500.0
177 25 3
1562500.0
1484375.0
177 25 3
1562500.0
1484375.0
177 25 3
1484375.0
1484375.0
177 25 3
1406250.0
1562500.0
177 25 3
1562500.0
1562500.0
562 25 3
9375000.0
8125000.0
562 25 3
1.0E7
1.0E7
562 25 3
1.0625E7
1.0625E7
562 25 3
1.0E7
1.0E7
562 25 3
9375000.0
1.0E7
1778 25 3
6.5E7
7.5E7
1778 25 3
6.5E7
7.0E7
1778 25 3
6.5E7
7.0E7
1778 25 3
6.5E7
7.5E7
1000 25 3
2.75E7
2.875E7
562 25 3
9375000.0
1.125E7
1000 25 3
2.5E7
3.5E7
1778 25 3
6.5E7
6.0E7
1000 25 3
2.5E7
3.25E7
562 25 3
1.0E7
1.125E7
1000 25 3
2.5E7
3.0E7
1000 25 3
2.625E7
2.75E7
1000 25 3
2.5E7
3.0E7
1000 25 3
2.5E7
3.0E7
1000 25 3
2.75E7
3.125E7
1778 25 3
6.5E7
8.5E7
1778 25 3
6.0E7
6.5E7
562 25 3
1.0E7
1.5E7
1000 25 3
2.5E7
4.5E7
1000 25 3
2.625E7
3.5E7
1778 25 3
6.0E7
1.2E8
3162 25 3
1.6E8
2.2E8
1778 25 3
6.5E7
1.3E8
1778 25 3
6.5E7
1.25E8
3162 25 3
1.7E8
2.5E8
3162 25 3
1.6E8
3.5E8
3162 25 3
1.8E8
2.1E8
3162 25 3
1.6E8
3.4E8
3162 25 3
2.0E8
1.6E8
3162 25 3
1.9E8
1.5E8
3162 25 3
2.4E8
1.5E8
3162 25 3
1.7E8
1.6E8
3162 25 3
1.8E8
1.3E8
5623 25 3
4.0E8
5.7E8
5623 25 3
4.1E8
5.1E8
5623 25 3
4.0E8
5.1E8
5623 25 3
4.1E8
5.4E8
5623 25 3
4.0E8
5.7E8
5623 25 3
4.0E8
5.4E8
5623 25 3
4.1E8
5.3E8
5623 25 3
4.2E8
5.7E8
5623 25 3
4.0E8
5.6E8
5623 25 3
4.3E8
5.4E8
10000 25 3
1.03E9
1.53E9
10000 25 3
1.02E9
1.65E9
10000 25 3
1.01E9
1.71E9
10000 25 3
1.02E9
1.73E9
10000 25 3
1.03E9
1.74E9
10000 25 3
1.02E9
1.88E9
10000 25 3
1.05E9
1.84E9
10000 25 3
1.04E9
1.88E9
10000 25 3
1.03E9
1.78E9
10000 25 3
1.0E9
1.7E9
17782 25 3
2.75E9
5.58E9
17782 25 3
2.52E9
5.6E9
17782 25 3
2.56E9
5.71E9
17782 25 3
2.51E9
5.87E9
17782 25 3
2.52E9
6.18E9
17782 25 3
2.54E9
6.41E9
17782 25 3
2.75E9
6.6E9
17782 25 3
2.59E9
6.94E9
17782 25 3
2.5E9
7.1E9
17782 25 3
2.54E9
6.64E9
31622 25 3
6.36E9
1.932E10
31622 25 3
6.43E9
1.887E10
31622 25 3
6.27E9
1.973E10
31622 25 3
6.67E9
1.916E10
31622 25 3
6.65E9
2.008E10
31622 25 3
6.46E9
2.167E10
31622 25 3
6.42E9
2.217E10
31622 25 3
6.54E9
2.223E10
31622 25 3
6.46E9
2.313E10
31622 25 3
7.99E9
2.093E10
56234 25 3
1.573E10
7.024E10
56234 25 3
1.724E10
6.988E10
56234 25 3
1.568E10
6.956E10
56234 25 3
1.562E10
7.101E10
56234 25 3
1.615E10
7.509E10
56234 25 3
1.563E10
7.552E10
56234 25 3
1.604E10
7.44E10
56234 25 3
1.628E10
7.669E10
56234 25 3
1.617E10
7.717E10
56234 25 3
1.592E10
7.886E10
100000 25 3
3.905E10
1.9768E11
100000 25 3
3.865E10
1.9484E11
100000 25 3
3.838E10
2.0343E11
100000 25 3
3.771E10
1.9657E11
100000 25 3
3.832E10
1.9718E11
100000 25 3
3.777E10
1.9867E11
100000 25 3
4.794E10
1.8722E11
100000 25 3
3.812E10
1.9898E11
100000 25 3
3.976E10
1.9614E11
100000 25 3
4.342E10
1.9934E11
