316 15 2
4062500.0
3437500.0
100 15 2
468750.0
507812.5
100 15 2
507812.5
507812.5
100 15 2
507812.5
507812.5
100 15 2
585937.5
507812.5
100 15 2
546875.0
507812.5
100 15 2
585937.5
507812.5
100 15 2
625000.0
468750.0
100 15 2
585937.5
546875.0
100 15 2
585937.5
546875.0
562 15 2
9375000.0
8125000.0
316 15 2
3750000.0
2968750.0
316 15 2
3750000.0
3125000.0
316 15 2
3750000.0
2968750.0
316 15 2
4062500.0
2968750.0
100 15 2
546875.0
468750.0
316 15 2
3750000.0
2812500.0
316 15 2
4062500.0
2968750.0
177 15 2
1484375.0
1171875.0
177 15 2
1484375.0
1171875.0
316 15 2
4062500.0
2812500.0
177 15 2
1406250.0
1250000.0
177 15 2
1484375.0
1171875.0
316 15 2
3750000.0
2968750.0
177 15 2
1562500.0
1171875.0
562 15 2
1.0E7
8125000.0
177 15 2
1484375.0
1171875.0
177 15 2
1562500.0
1171875.0
177 15 2
1484375.0
1093750.0
316 15 2
4062500.0
2812500.0
177 15 2
1484375.0
1250000.0
177 15 2
1484375.0
1093750.0
562 15 2
8750000.0
8750000.0
562 15 2
9375000.0
1.0E7
562 15 2
9375000.0
9375000.0
562 15 2
9375000.0
8750000.0
562 15 2
9375000.0
8125000.0
562 15 2
9375000.0
9375000.0
562 15 2
1.0E7
8125000.0
1778 15 2
6.0E7
8.5E7
1778 15 2
6.5E7
7.5E7
1778 15 2
6.0E7
1.1E8
1000 15 2
2.5E7
3.0E7
1778 15 2
6.0E7
8.5E7
1778 15 2
6.5E7
8.5E7
1000 15 2
2.5E7
3.5E7
562 15 2
1.0E7
1.1875E7
1000 15 2
2.375E7
2.75E7
1778 15 2
6.0E7
9.5E7
1778 15 2
6.5E7
9.5E7
1778 15 2
6.0E7
9.0E7
1778 15 2
6.0E7
1.05E8
1778 15 2
6.0E7
9.5E7
3162 15 2
1.5E8
2.5E8
3162 15 2
1.6E8
2.6E8
3162 15 2
1.5E8
2.7E8
1000 15 2
2.5E7
2.125E7
1000 15 2
2.5E7
2.25E7
3162 15 2
1.6E8
2.8E8
1000 15 2
2.5E7
1.875E7
1000 15 2
2.625E7
2.125E7
1000 15 2
2.625E7
2.125E7
1000 15 2
2.625E7
2.25E7
1000 15 2
2.625E7
2.125E7
3162 15 2
1.5E8
1.7E8
3162 15 2
1.6E8
1.8E8
3162 15 2
1.7E8
1.8E8
3162 15 2
1.7E8
1.7E8
3162 15 2
1.7E8
1.8E8
3162 15 2
1.9E8
2.0E8
5623 15 2
3.9E8
5.4E8
5623 15 2
4.0E8
5.1E8
5623 15 2
3.9E8
5.1E8
5623 15 2
4.1E8
5.9E8
5623 15 2
3.9E8
5.1E8
5623 15 2
3.9E8
5.3E8
5623 15 2
3.8E8
5.9E8
5623 15 2
3.8E8
5.4E8
5623 15 2
3.9E8
5.7E8
5623 15 2
3.8E8
5.6E8
10000 15 2
9.4E8
1.73E9
10000 15 2
1.02E9
1.71E9
10000 15 2
9.9E8
1.74E9
10000 15 2
9.9E8
1.72E9
10000 15 2
9.9E8
1.8E9
10000 15 2
1.11E9
1.72E9
10000 15 2
1.0E9
1.82E9
10000 15 2
9.7E8
1.79E9
10000 15 2
9.6E8
1.81E9
10000 15 2
9.8E8
1.91E9
17782 15 2
2.54E9
6.82E9
17782 15 2
2.33E9
7.45E9
17782 15 2
2.41E9
7.43E9
17782 15 2
2.33E9
7.56E9
17782 15 2
2.57E9
7.66E9
17782 15 2
2.63E9
7.59E9
17782 15 2
2.38E9
7.84E9
17782 15 2
2.62E9
7.49E9
17782 15 2
2.49E9
7.83E9
17782 15 2
2.48E9
8.3E9
31622 15 2
5.75E9
2.462E10
31622 15 2
6.12E9
2.537E10
31622 15 2
5.84E9
2.629E10
31622 15 2
6.01E9
2.792E10
31622 15 2
5.86E9
2.81E10
31622 15 2
6.11E9
2.848E10
31622 15 2
5.96E9
3.011E10
31622 15 2
5.9E9
3.014E10
31622 15 2
6.13E9
3.062E10
31622 15 2
5.89E9
3.059E10
56234 15 2
1.42E10
9.702E10
56234 15 2
1.468E10
9.707E10
56234 15 2
1.44E10
9.684E10
56234 15 2
1.481E10
9.678E10
56234 15 2
1.599E10
9.778E10
56234 15 2
1.441E10
1.0093E11
56234 15 2
1.476E10
1.0212E11
56234 15 2
1.472E10
1.0299E11
56234 15 2
1.728E10
1.0094E11
56234 15 2
1.843E10
1.0037E11
100000 15 2
3.453E10
2.2722E11
100000 15 2
3.512E10
2.3764E11
100000 15 2
3.412E10
2.3559E11
100000 15 2
3.475E10
2.3457E11
100000 15 2
3.515E10
2.3422E11
100000 15 2
3.589E10
2.3645E11
100000 15 2
3.473E10
2.4177E11
100000 15 2
3.57E10
2.461E11
100000 15 2
3.581E10
2.4196E11
100000 15 2
3.537E10
2.4445E11
