177 30 5
1718750.0
1718750.0
177 30 5
1718750.0
1718750.0
100 30 5
585937.5
859375.0
100 30 5
625000.0
859375.0
100 30 5
625000.0
937500.0
316 30 5
4062500.0
4062500.0
100 30 5
625000.0
859375.0
100 30 5
625000.0
859375.0
100 30 5
585937.5
859375.0
100 30 5
585937.5
859375.0
316 30 5
4062500.0
4062500.0
316 30 5
4062500.0
4062500.0
316 30 5
4062500.0
4375000.0
316 30 5
3750000.0
4375000.0
316 30 5
3750000.0
4062500.0
100 30 5
585937.5
859375.0
100 30 5
625000.0
859375.0
316 30 5
3750000.0
4062500.0
316 30 5
4062500.0
3750000.0
316 30 5
4062500.0
4375000.0
316 30 5
4062500.0
4062500.0
177 30 5
1484375.0
1875000.0
177 30 5
1562500.0
1875000.0
177 30 5
1484375.0
1718750.0
177 30 5
1562500.0
1718750.0
177 30 5
1562500.0
1875000.0
177 30 5
1562500.0
1875000.0
177 30 5
1718750.0
1796875.0
177 30 5
1484375.0
1718750.0
562 30 5
1.0E7
8125000.0
562 30 5
1.0E7
8750000.0
100 30 5
625000.0
781250.0
1778 30 5
6.5E7
6.5E7
562 30 5
1.0E7
1.625E7
1778 30 5
6.5E7
7.5E7
1778 30 5
6.5E7
7.5E7
1778 30 5
6.5E7
8.5E7
1778 30 5
6.5E7
8.5E7
1778 30 5
7.0E7
7.0E7
562 30 5
1.0E7
1.0E7
1778 30 5
7.0E7
7.5E7
562 30 5
1.0625E7
1.0625E7
1778 30 5
6.5E7
7.5E7
1000 30 5
2.625E7
2.75E7
1000 30 5
2.75E7
2.75E7
1000 30 5
2.5E7
2.75E7
1000 30 5
2.625E7
2.75E7
1000 30 5
2.5E7
2.75E7
1000 30 5
2.625E7
2.75E7
1000 30 5
2.5E7
2.75E7
1778 30 5
6.5E7
8.5E7
1778 30 5
6.5E7
7.5E7
562 30 5
1.0625E7
9375000.0
562 30 5
1.0625E7
1.0E7
562 30 5
1.0E7
1.0E7
562 30 5
1.0625E7
8750000.0
562 30 5
1.0E7
8750000.0
3162 30 5
1.7E8
2.4E8
3162 30 5
1.7E8
2.2E8
3162 30 5
1.7E8
2.7E8
1000 30 5
2.625E7
2.125E7
3162 30 5
1.7E8
2.0E8
1000 30 5
2.75E7
2.25E7
1000 30 5
2.75E7
2.375E7
3162 30 5
1.6E8
1.5E8
3162 30 5
1.6E8
1.5E8
3162 30 5
1.7E8
1.6E8
3162 30 5
1.6E8
1.6E8
3162 30 5
1.6E8
1.4E8
3162 30 5
1.7E8
1.8E8
5623 30 5
4.1E8
4.9E8
5623 30 5
4.2E8
5.0E8
5623 30 5
4.1E8
4.9E8
5623 30 5
4.1E8
4.9E8
5623 30 5
4.2E8
4.7E8
5623 30 5
4.1E8
5.1E8
5623 30 5
4.3E8
5.0E8
5623 30 5
4.2E8
5.1E8
5623 30 5
4.1E8
4.8E8
5623 30 5
4.1E8
4.7E8
10000 30 5
1.05E9
1.51E9
10000 30 5
1.04E9
1.86E9
10000 30 5
1.06E9
2.08E9
10000 30 5
1.05E9
2.36E9
10000 30 5
1.07E9
2.41E9
10000 30 5
1.07E9
2.45E9
10000 30 5
1.05E9
2.43E9
10000 30 5
1.08E9
2.54E9
10000 30 5
1.06E9
2.6E9
10000 30 5
1.08E9
2.54E9
17782 30 5
2.52E9
6.0E9
17782 30 5
2.8E9
5.78E9
17782 30 5
2.77E9
6.54E9
17782 30 5
2.74E9
6.71E9
17782 30 5
2.94E9
6.6E9
17782 30 5
2.76E9
7.2E9
17782 30 5
2.71E9
7.14E9
17782 30 5
2.72E9
8.05E9
17782 30 5
2.73E9
8.42E9
17782 30 5
2.73E9
8.05E9
31622 30 5
6.97E9
2.081E10
31622 30 5
6.59E9
2.128E10
31622 30 5
7.19E9
2.368E10
31622 30 5
6.68E9
2.369E10
31622 30 5
7.24E9
2.325E10
31622 30 5
6.79E9
2.383E10
31622 30 5
6.73E9
2.371E10
31622 30 5
7.08E9
2.784E10
31622 30 5
6.89E9
2.755E10
31622 30 5
7.01E9
2.807E10
56234 30 5
1.663E10
7.536E10
56234 30 5
1.699E10
8.129E10
56234 30 5
1.693E10
8.456E10
56234 30 5
1.673E10
8.631E10
56234 30 5
1.668E10
8.63E10
56234 30 5
1.681E10
8.698E10
56234 30 5
1.694E10
8.698E10
56234 30 5
1.667E10
8.898E10
56234 30 5
1.723E10
9.099E10
56234 30 5
1.698E10
9.427E10
100000 30 5
4.114E10
1.8666E11
100000 30 5
4.099E10
1.8592E11
100000 30 5
3.999E10
1.886E11
100000 30 5
5.056E10
1.821E11
100000 30 5
4.005E10
1.9058E11
100000 30 5
4.132E10
2.0198E11
100000 30 5
4.474E10
1.9273E11
100000 30 5
3.954E10
1.9227E11
100000 30 5
4.904E10
1.9348E11
100000 30 5
4.646E10
1.874E11
