316 20 5
3750000.0
3437500.0
316 20 5
3750000.0
3750000.0
316 20 5
3750000.0
3437500.0
316 20 5
3750000.0
3437500.0
316 20 5
4062500.0
3437500.0
316 20 5
4062500.0
3437500.0
177 20 5
1718750.0
1406250.0
100 20 5
585937.5
585937.5
100 20 5
546875.0
585937.5
100 20 5
625000.0
585937.5
100 20 5
585937.5
625000.0
100 20 5
507812.5
585937.5
100 20 5
507812.5
585937.5
100 20 5
546875.0
585937.5
100 20 5
625000.0
585937.5
100 20 5
585937.5
585937.5
562 20 5
1.0E7
8125000.0
316 20 5
3437500.0
3281250.0
316 20 5
3750000.0
3437500.0
100 20 5
585937.5
585937.5
316 20 5
4062500.0
3281250.0
316 20 5
4062500.0
3125000.0
177 20 5
1406250.0
1328125.0
177 20 5
1406250.0
1250000.0
177 20 5
1484375.0
1328125.0
177 20 5
1406250.0
1328125.0
177 20 5
1562500.0
1328125.0
177 20 5
1484375.0
1328125.0
177 20 5
1484375.0
1328125.0
562 20 5
1.0E7
8125000.0
177 20 5
1484375.0
1328125.0
177 20 5
1484375.0
1328125.0
562 20 5
9375000.0
8125000.0
562 20 5
9375000.0
9375000.0
562 20 5
9375000.0
9375000.0
562 20 5
9375000.0
9375000.0
562 20 5
9375000.0
8750000.0
562 20 5
1.0E7
1.0E7
1000 20 5
2.5E7
2.75E7
562 20 5
1.0E7
1.0E7
1778 20 5
6.0E7
7.5E7
1778 20 5
6.5E7
7.0E7
562 20 5
1.0E7
1.125E7
1778 20 5
6.0E7
7.5E7
1000 20 5
2.625E7
3.25E7
1778 20 5
6.5E7
7.0E7
1000 20 5
2.5E7
3.0E7
1000 20 5
2.5E7
3.0E7
1778 20 5
6.5E7
6.5E7
1778 20 5
6.0E7
7.5E7
1778 20 5
6.5E7
7.0E7
1778 20 5
6.5E7
9.0E7
1778 20 5
6.5E7
8.0E7
1778 20 5
6.5E7
8.5E7
3162 20 5
1.6E8
1.9E8
3162 20 5
1.6E8
2.0E8
1000 20 5
2.5E7
2.0E7
3162 20 5
1.6E8
2.2E8
1000 20 5
2.5E7
2.0E7
1000 20 5
2.5E7
2.0E7
3162 20 5
1.6E8
2.4E8
1000 20 5
2.5E7
2.0E7
1000 20 5
2.5E7
2.125E7
1000 20 5
2.375E7
2.125E7
3162 20 5
1.8E8
1.6E8
3162 20 5
1.7E8
1.6E8
3162 20 5
1.7E8
1.8E8
3162 20 5
1.6E8
1.6E8
3162 20 5
1.8E8
1.6E8
3162 20 5
1.7E8
1.4E8
5623 20 5
4.0E8
4.8E8
5623 20 5
4.1E8
4.7E8
5623 20 5
4.1E8
4.9E8
5623 20 5
3.9E8
5.2E8
5623 20 5
3.9E8
5.3E8
5623 20 5
4.1E8
5.0E8
5623 20 5
4.0E8
5.0E8
5623 20 5
4.0E8
5.2E8
5623 20 5
4.2E8
5.3E8
5623 20 5
4.1E8
4.9E8
10000 20 5
1.01E9
1.54E9
10000 20 5
1.02E9
1.63E9
10000 20 5
9.8E8
1.56E9
10000 20 5
9.8E8
1.5E9
10000 20 5
1.03E9
1.66E9
10000 20 5
1.03E9
1.56E9
10000 20 5
1.0E9
1.61E9
10000 20 5
9.9E8
1.54E9
10000 20 5
1.0E9
1.6E9
10000 20 5
1.0E9
1.8E9
17782 20 5
2.43E9
5.21E9
17782 20 5
2.46E9
5.53E9
17782 20 5
2.59E9
5.58E9
17782 20 5
2.48E9
5.49E9
17782 20 5
2.55E9
5.4E9
17782 20 5
2.65E9
5.98E9
17782 20 5
2.48E9
6.09E9
17782 20 5
2.6E9
5.75E9
17782 20 5
2.69E9
5.94E9
17782 20 5
2.56E9
5.92E9
31622 20 5
6.19E9
2.268E10
31622 20 5
6.13E9
2.284E10
31622 20 5
6.24E9
2.303E10
31622 20 5
6.06E9
2.339E10
31622 20 5
6.22E9
2.415E10
31622 20 5
6.09E9
2.437E10
31622 20 5
6.13E9
2.508E10
31622 20 5
6.15E9
2.487E10
31622 20 5
6.19E9
2.572E10
31622 20 5
6.18E9
2.559E10
56234 20 5
1.546E10
7.562E10
56234 20 5
1.543E10
7.728E10
56234 20 5
1.573E10
7.788E10
56234 20 5
1.567E10
7.607E10
56234 20 5
1.53E10
7.844E10
56234 20 5
1.552E10
7.929E10
56234 20 5
1.547E10
7.664E10
56234 20 5
1.512E10
7.856E10
56234 20 5
1.601E10
7.898E10
56234 20 5
1.571E10
7.948E10
100000 20 5
3.94E10
1.9488E11
100000 20 5
4.353E10
1.9167E11
100000 20 5
4.218E10
2.0087E11
100000 20 5
3.794E10
1.9976E11
100000 20 5
3.838E10
2.0253E11
100000 20 5
3.727E10
2.057E11
100000 20 5
4.392E10
2.0606E11
100000 20 5
4.412E10
2.0233E11
100000 20 5
3.892E10
2.1044E11
100000 20 5
4.032E10
2.1382E11
