100 3 5
546875.0
429687.5
177 3 5
507812.5
859375.0
316 3 5
2031250.0
1.125E7
177 3 5
507812.5
937500.0
177 3 5
585937.5
1015625.0
562 3 5
3750000.0
8125000.0
177 3 5
625000.0
937500.0
100 3 5
234375.0
312500.0
177 3 5
1015625.0
937500.0
177 3 5
781250.0
1171875.0
100 3 5
234375.0
351562.5
177 3 5
742187.5
1171875.0
100 3 5
292968.75
371093.75
316 3 5
1328125.0
3437500.0
100 3 5
546875.0
332031.25
100 3 5
253906.25
410156.25
177 3 5
1171875.0
1875000.0
100 3 5
585937.5
332031.25
316 3 5
1171875.0
2812500.0
100 3 5
312500.0
371093.75
100 3 5
468750.0
585937.5
177 3 5
546875.0
937500.0
100 3 5
390625.0
390625.0
177 3 5
781250.0
1171875.0
316 3 5
2343750.0
6875000.0
316 3 5
2656250.0
5312500.0
316 3 5
2343750.0
3437500.0
316 3 5
1562500.0
3593750.0
316 3 5
1796875.0
2343750.0
316 3 5
1406250.0
3906250.0
316 3 5
2343750.0
7187500.0
562 3 5
6250000.0
2.875E7
1000 3 5
1.375E7
1.7E8
562 3 5
2187500.0
6875000.0
562 3 5
2031250.0
6875000.0
1778 3 5
7.0E7
1.9E8
1778 3 5
1.5E7
1.1E8
1778 3 5
6.0E7
1.8E8
1778 3 5
8125000.0
5.5E7
1778 3 5
8.0E7
1.5E8
1778 3 5
1.625E7
5.5E7
1778 3 5
6875000.0
5.5E7
1778 3 5
1.375E7
6.0E7
562 3 5
3437500.0
7500000.0
1000 3 5
6875000.0
4.0E7
562 3 5
2031250.0
6875000.0
1778 3 5
1.625E7
6.0E7
562 3 5
2343750.0
7500000.0
562 3 5
9687500.0
1.625E7
3162 3 5
1.5E7
2.0E8
562 3 5
3593750.0
9375000.0
1000 3 5
8125000.0
2.375E7
562 3 5
3437500.0
8750000.0
1000 3 5
8125000.0
2.375E7
1000 3 5
7500000.0
2.75E7
1000 3 5
6875000.0
2.5E7
1000 3 5
4062500.0
2.5E7
3162 3 5
3.0E7
2.8E8
1000 3 5
6875000.0
2.625E7
1000 3 5
2.125E7
2.375E7
1000 3 5
9375000.0
2.625E7
1778 3 5
1.1875E7
2.2E8
3162 3 5
1.5E7
2.0E8
3162 3 5
1.75E7
1.8E8
3162 3 5
2.5E7
2.6E8
3162 3 5
1.4E8
5.9E8
3162 3 5
1.75E7
1.7E8
3162 3 5
6.5E7
4.3E8
3162 3 5
6.0E7
4.9E8
3162 3 5
5.5E7
4.1E8
5623 3 5
3.75E7
6.5E8
5623 3 5
1.2E8
7.3E8
5623 3 5
9.0E7
7.9E8
5623 3 5
3.25E7
7.9E8
5623 3 5
3.75E7
7.5E8
5623 3 5
4.75E7
7.9E8
5623 3 5
3.25E7
8.5E8
5623 3 5
8.25E7
6.3E8
5623 3 5
5.25E7
8.3E8
5623 3 5
1.4E8
1.31E9
10000 3 5
1.2E8
1.93E9
10000 3 5
1.1E8
1.93E9
10000 3 5
6.0E7
2.1E9
10000 3 5
1.15E8
2.03E9
10000 3 5
1.1E8
2.44E9
10000 3 5
1.0E8
2.35E9
10000 3 5
1.1E8
2.54E9
10000 3 5
1.2E8
2.62E9
10000 3 5
1.1E8
2.87E9
10000 3 5
9.0E7
3.16E9
17782 3 5
1.4E8
6.69E9
17782 3 5
2.3E8
7.08E9
17782 3 5
3.5E8
7.08E9
17782 3 5
2.4E8
7.46E9
17782 3 5
1.6E8
7.29E9
17782 3 5
4.5E8
7.14E9
17782 3 5
1.7E8
7.65E9
17782 3 5
2.3E8
8.95E9
17782 3 5
1.7E8
9.27E9
17782 3 5
2.4E8
9.64E9
31622 3 5
7.0E8
2.627E10
31622 3 5
6.6E8
2.686E10
31622 3 5
4.4E8
2.672E10
31622 3 5
8.4E8
2.66E10
31622 3 5
7.4E8
2.741E10
31622 3 5
8.5E8
2.902E10
31622 3 5
3.7E8
3.243E10
31622 3 5
5.8E8
3.342E10
31622 3 5
9.9E8
3.331E10
31622 3 5
5.0E8
3.888E10
56234 3 5
1.25E9
9.756E10
56234 3 5
1.06E9
9.73E10
56234 3 5
2.22E9
1.0101E11
56234 3 5
1.34E9
1.074E11
56234 3 5
9.0E8
1.095E11
56234 3 5
8.5E8
1.1092E11
56234 3 5
9.2E8
1.1063E11
56234 3 5
9.7E8
1.1306E11
56234 3 5
1.06E9
1.1457E11
56234 3 5
9.9E8
1.2182E11
100000 3 5
2.28E9
2.4274E11
100000 3 5
2.1E9
2.4332E11
100000 3 5
2.11E9
2.466E11
100000 3 5
2.07E9
2.4718E11
100000 3 5
1.74E9
2.502E11
100000 3 5
2.43E9
2.5064E11
100000 3 5
2.02E9
2.5207E11
100000 3 5
1.98E9
2.5902E11
100000 3 5
2.03E9
2.6035E11
100000 3 5
2.25E9
2.6074E11
