316 25 5
4062500.0
3437500.0
316 25 5
3750000.0
3750000.0
316 25 5
4062500.0
3750000.0
316 25 5
3437500.0
3750000.0
316 25 5
4062500.0
3750000.0
316 25 5
3750000.0
3750000.0
316 25 5
4062500.0
3750000.0
316 25 5
3750000.0
3750000.0
316 25 5
4062500.0
3437500.0
316 25 5
4062500.0
3437500.0
100 25 5
585937.5
664062.5
100 25 5
585937.5
703125.0
177 25 5
1718750.0
1484375.0
100 25 5
585937.5
703125.0
100 25 5
585937.5
703125.0
100 25 5
585937.5
703125.0
562 25 5
1.0E7
8125000.0
100 25 5
546875.0
703125.0
562 25 5
1.0E7
8125000.0
100 25 5
585937.5
703125.0
100 25 5
625000.0
703125.0
100 25 5
664062.5
703125.0
100 25 5
625000.0
742187.5
177 25 5
1484375.0
1562500.0
177 25 5
1484375.0
1484375.0
177 25 5
1484375.0
1484375.0
177 25 5
1484375.0
1484375.0
177 25 5
1562500.0
1484375.0
177 25 5
1484375.0
1562500.0
177 25 5
1562500.0
1484375.0
177 25 5
1640625.0
1484375.0
177 25 5
1640625.0
1484375.0
562 25 5
9375000.0
8750000.0
1778 25 5
6.5E7
6.5E7
562 25 5
1.0625E7
1.0E7
562 25 5
1.0E7
1.0E7
1778 25 5
6.5E7
6.5E7
1778 25 5
6.5E7
5.5E7
562 25 5
1.0E7
9375000.0
1778 25 5
7.0E7
6.5E7
562 25 5
9375000.0
1.0E7
562 25 5
1.0E7
9375000.0
562 25 5
1.0E7
1.0E7
1778 25 5
6.5E7
7.0E7
1000 25 5
2.625E7
2.75E7
562 25 5
1.0625E7
1.0E7
1000 25 5
2.625E7
2.75E7
1000 25 5
2.625E7
2.75E7
1000 25 5
2.75E7
2.5E7
1778 25 5
6.5E7
6.5E7
1000 25 5
2.625E7
3.0E7
1778 25 5
6.0E7
7.0E7
1778 25 5
6.5E7
7.5E7
1778 25 5
6.5E7
8.5E7
1000 25 5
2.5E7
2.375E7
1778 25 5
6.5E7
7.0E7
1000 25 5
2.625E7
2.25E7
3162 25 5
1.6E8
2.2E8
3162 25 5
1.7E8
2.3E8
3162 25 5
1.8E8
2.2E8
1000 25 5
2.5E7
2.0E7
3162 25 5
1.6E8
2.2E8
1000 25 5
2.5E7
2.125E7
1000 25 5
2.5E7
2.125E7
3162 25 5
1.7E8
1.5E8
3162 25 5
1.7E8
1.6E8
3162 25 5
1.7E8
1.5E8
3162 25 5
1.8E8
1.5E8
3162 25 5
1.6E8
1.5E8
3162 25 5
1.6E8
1.6E8
5623 25 5
4.2E8
4.7E8
5623 25 5
4.1E8
4.6E8
5623 25 5
3.9E8
5.9E8
5623 25 5
4.1E8
5.5E8
5623 25 5
4.2E8
5.0E8
5623 25 5
4.2E8
4.9E8
5623 25 5
4.0E8
5.9E8
5623 25 5
4.2E8
6.2E8
5623 25 5
4.1E8
4.6E8
5623 25 5
4.1E8
5.9E8
10000 25 5
1.08E9
1.44E9
10000 25 5
1.01E9
1.52E9
10000 25 5
1.03E9
1.58E9
10000 25 5
1.02E9
1.59E9
10000 25 5
1.05E9
1.57E9
10000 25 5
1.01E9
1.61E9
10000 25 5
1.0E9
1.49E9
10000 25 5
1.06E9
1.61E9
10000 25 5
1.08E9
1.5E9
10000 25 5
1.04E9
1.7E9
17782 25 5
2.57E9
5.27E9
17782 25 5
2.58E9
5.27E9
17782 25 5
2.89E9
5.1E9
17782 25 5
2.56E9
5.7E9
17782 25 5
2.64E9
5.54E9
17782 25 5
2.85E9
5.5E9
17782 25 5
2.94E9
5.55E9
17782 25 5
2.65E9
6.05E9
17782 25 5
3.0E9
5.93E9
17782 25 5
2.93E9
6.19E9
31622 25 5
6.37E9
1.992E10
31622 25 5
6.32E9
2.05E10
31622 25 5
6.49E9
2.045E10
31622 25 5
6.31E9
2.195E10
31622 25 5
6.37E9
2.267E10
31622 25 5
6.67E9
2.255E10
31622 25 5
6.47E9
2.258E10
31622 25 5
6.45E9
2.348E10
31622 25 5
6.33E9
2.337E10
31622 25 5
7.69E9
2.258E10
56234 25 5
1.734E10
6.882E10
56234 25 5
1.816E10
7.086E10
56234 25 5
1.955E10
7.179E10
56234 25 5
1.6E10
7.288E10
56234 25 5
1.584E10
7.595E10
56234 25 5
1.609E10
7.657E10
56234 25 5
1.828E10
7.535E10
56234 25 5
1.555E10
8.019E10
56234 25 5
1.595E10
7.951E10
56234 25 5
1.568E10
8.177E10
100000 25 5
4.552E10
1.8097E11
100000 25 5
4.764E10
1.8038E11
100000 25 5
3.846E10
1.9126E11
100000 25 5
4.531E10
1.8354E11
100000 25 5
3.936E10
1.9632E11
100000 25 5
3.704E10
1.9377E11
100000 25 5
4.165E10
1.8908E11
100000 25 5
4.953E10
1.8311E11
100000 25 5
3.996E10
1.9394E11
100000 25 5
3.62E10
1.9227E11
