100 7 10
507812.5
429687.5
316 7 10
3437500.0
3437500.0
316 7 10
3750000.0
3437500.0
316 7 10
3437500.0
3437500.0
177 7 10
1328125.0
937500.0
177 7 10
1328125.0
1093750.0
177 7 10
1328125.0
1015625.0
100 7 10
546875.0
351562.5
562 7 10
8750000.0
9375000.0
100 7 10
546875.0
351562.5
100 7 10
546875.0
351562.5
316 7 10
3437500.0
2968750.0
316 7 10
3750000.0
2968750.0
316 7 10
3437500.0
2968750.0
562 7 10
8750000.0
8750000.0
100 7 10
546875.0
332031.25
177 7 10
1406250.0
1093750.0
177 7 10
1328125.0
1093750.0
316 7 10
3437500.0
3281250.0
100 7 10
546875.0
332031.25
316 7 10
3437500.0
2968750.0
177 7 10
1406250.0
937500.0
177 7 10
1484375.0
1015625.0
100 7 10
585937.5
371093.75
100 7 10
585937.5
351562.5
177 7 10
1484375.0
1015625.0
177 7 10
1406250.0
1015625.0
177 7 10
1484375.0
1015625.0
316 7 10
3750000.0
3125000.0
100 7 10
546875.0
351562.5
100 7 10
546875.0
351562.5
316 7 10
3437500.0
2812500.0
562 7 10
8125000.0
9375000.0
562 7 10
8125000.0
8125000.0
562 7 10
8125000.0
1.0625E7
562 7 10
9375000.0
1.0E7
1778 7 10
5.5E7
9.0E7
1778 7 10
5.5E7
8.5E7
562 7 10
8750000.0
9375000.0
1000 7 10
2.125E7
2.75E7
1778 7 10
5.5E7
1.0E8
1778 7 10
5.25E7
1.3E8
1778 7 10
5.25E7
1.2E8
1000 7 10
2.125E7
2.75E7
1000 7 10
2.0E7
3.0E7
1000 7 10
2.125E7
3.25E7
1000 7 10
2.25E7
2.75E7
1000 7 10
2.25E7
3.25E7
1000 7 10
2.125E7
3.0E7
562 7 10
8750000.0
1.1875E7
3162 7 10
1.2E8
3.1E8
562 7 10
8125000.0
1.125E7
1778 7 10
5.5E7
1.3E8
562 7 10
8750000.0
1.125E7
1000 7 10
2.25E7
3.25E7
1000 7 10
2.25E7
3.25E7
3162 7 10
1.3E8
3.1E8
1000 7 10
2.25E7
3.0E7
3162 7 10
1.3E8
3.1E8
3162 7 10
1.2E8
3.3E8
1778 7 10
5.5E7
8.0E7
1778 7 10
5.25E7
9.0E7
1778 7 10
5.75E7
8.0E7
1778 7 10
5.5E7
8.0E7
3162 7 10
1.4E8
2.3E8
3162 7 10
1.3E8
2.5E8
3162 7 10
1.7E8
2.5E8
3162 7 10
1.4E8
2.6E8
3162 7 10
1.3E8
2.3E8
3162 7 10
1.4E8
2.3E8
5623 7 10
3.0E8
7.3E8
5623 7 10
3.0E8
7.4E8
5623 7 10
3.0E8
7.6E8
5623 7 10
3.0E8
7.9E8
5623 7 10
3.1E8
7.9E8
5623 7 10
3.1E8
7.3E8
5623 7 10
3.1E8
8.0E8
5623 7 10
3.1E8
7.7E8
5623 7 10
3.7E8
8.4E8
5623 7 10
3.2E8
8.5E8
10000 7 10
7.5E8
2.81E9
10000 7 10
8.5E8
2.74E9
10000 7 10
7.3E8
3.12E9
10000 7 10
9.1E8
2.88E9
10000 7 10
8.2E8
2.91E9
10000 7 10
8.6E8
3.14E9
10000 7 10
7.5E8
3.47E9
10000 7 10
8.2E8
3.33E9
10000 7 10
7.3E8
3.98E9
10000 7 10
8.5E8
3.69E9
17782 7 10
1.83E9
1.146E10
17782 7 10
1.8E9
1.154E10
17782 7 10
1.78E9
1.152E10
17782 7 10
1.8E9
1.198E10
17782 7 10
1.84E9
1.222E10
17782 7 10
1.73E9
1.265E10
17782 7 10
1.99E9
1.227E10
17782 7 10
1.69E9
1.269E10
17782 7 10
1.76E9
1.294E10
17782 7 10
1.77E9
1.344E10
31622 7 10
4.14E9
4.165E10
31622 7 10
4.7E9
4.05E10
31622 7 10
4.26E9
4.159E10
31622 7 10
4.1E9
4.46E10
31622 7 10
4.31E9
4.708E10
31622 7 10
4.51E9
4.663E10
31622 7 10
4.2E9
4.711E10
31622 7 10
5.37E9
4.554E10
31622 7 10
4.03E9
4.687E10
31622 7 10
4.06E9
5.153E10
56234 7 10
1.098E10
1.3816E11
56234 7 10
9.46E9
1.4504E11
56234 7 10
9.8E9
1.434E11
56234 7 10
1.015E10
1.5048E11
56234 7 10
9.67E9
1.562E11
56234 7 10
9.63E9
1.5903E11
56234 7 10
9.64E9
1.5867E11
56234 7 10
1.274E10
1.5731E11
56234 7 10
9.69E9
1.6419E11
56234 7 10
1.192E10
1.6226E11
100000 7 10
2.416E10
3.6777E11
100000 7 10
2.301E10
3.8426E11
100000 7 10
2.366E10
3.8217E11
100000 7 10
2.241E10
3.9798E11
100000 7 10
2.194E10
4.0035E11
100000 7 10
2.299E10
3.9662E11
100000 7 10
2.221E10
3.9804E11
100000 7 10
2.331E10
4.0043E11
100000 7 10
2.408E10
3.9977E11
100000 7 10
2.284E10
4.0673E11
