100 10 2
546875.0
429687.5
100 10 2
546875.0
468750.0
100 10 2
546875.0
429687.5
100 10 2
546875.0
429687.5
100 10 2
585937.5
429687.5
100 10 2
625000.0
429687.5
100 10 2
585937.5
468750.0
100 10 2
625000.0
468750.0
100 10 2
585937.5
468750.0
100 10 2
585937.5
507812.5
562 10 2
9375000.0
7500000.0
562 10 2
9375000.0
8125000.0
177 10 2
1328125.0
1093750.0
177 10 2
1406250.0
1015625.0
177 10 2
1406250.0
1093750.0
316 10 2
3750000.0
2968750.0
316 10 2
3750000.0
2968750.0
316 10 2
3437500.0
3125000.0
316 10 2
3750000.0
3125000.0
316 10 2
3437500.0
2968750.0
177 10 2
1484375.0
1093750.0
316 10 2
3750000.0
2968750.0
316 10 2
3750000.0
3125000.0
177 10 2
1406250.0
1093750.0
316 10 2
3750000.0
2968750.0
316 10 2
3750000.0
2812500.0
177 10 2
1484375.0
1015625.0
177 10 2
1406250.0
1015625.0
316 10 2
4062500.0
2812500.0
177 10 2
1484375.0
1015625.0
177 10 2
1562500.0
1015625.0
177 10 2
1562500.0
1093750.0
562 10 2
9375000.0
8750000.0
562 10 2
9375000.0
8125000.0
562 10 2
8750000.0
1.1875E7
562 10 2
8750000.0
8750000.0
1000 10 2
2.25E7
2.75E7
562 10 2
9375000.0
1.125E7
1000 10 2
2.375E7
3.0E7
562 10 2
8125000.0
9375000.0
1778 10 2
6.0E7
9.0E7
1778 10 2
5.5E7
8.5E7
1778 10 2
6.0E7
1.0E8
562 10 2
8750000.0
8750000.0
1778 10 2
6.0E7
1.0E8
1778 10 2
6.0E7
1.0E8
1000 10 2
2.25E7
2.75E7
1778 10 2
5.5E7
1.0E8
562 10 2
9375000.0
8125000.0
1778 10 2
6.0E7
8.5E7
1778 10 2
6.0E7
9.0E7
1778 10 2
6.0E7
9.5E7
1778 10 2
5.5E7
1.05E8
3162 10 2
1.5E8
2.4E8
3162 10 2
1.5E8
2.6E8
3162 10 2
1.5E8
2.9E8
3162 10 2
1.5E8
2.5E8
1000 10 2
2.125E7
2.125E7
1000 10 2
2.25E7
2.125E7
1000 10 2
2.375E7
2.25E7
1000 10 2
2.375E7
2.125E7
1000 10 2
2.5E7
2.125E7
1000 10 2
2.25E7
2.375E7
1000 10 2
2.375E7
2.25E7
3162 10 2
1.4E8
2.0E8
3162 10 2
1.5E8
2.0E8
3162 10 2
1.5E8
2.0E8
3162 10 2
1.4E8
2.0E8
3162 10 2
1.5E8
2.1E8
3162 10 2
1.5E8
2.0E8
5623 10 2
3.5E8
5.9E8
5623 10 2
3.6E8
6.1E8
5623 10 2
3.7E8
6.2E8
5623 10 2
3.6E8
6.4E8
5623 10 2
3.6E8
6.6E8
5623 10 2
3.6E8
6.3E8
5623 10 2
3.6E8
6.3E8
5623 10 2
3.6E8
6.7E8
5623 10 2
3.5E8
6.5E8
5623 10 2
3.6E8
6.4E8
10000 10 2
9.4E8
2.05E9
10000 10 2
8.9E8
2.09E9
10000 10 2
8.8E8
2.12E9
10000 10 2
8.9E8
2.31E9
10000 10 2
9.7E8
2.3E9
10000 10 2
9.3E8
2.26E9
10000 10 2
9.8E8
2.16E9
10000 10 2
8.9E8
2.29E9
10000 10 2
8.8E8
2.29E9
10000 10 2
1.0E9
2.31E9
17782 10 2
2.22E9
8.08E9
17782 10 2
2.19E9
8.25E9
17782 10 2
2.17E9
8.47E9
17782 10 2
2.14E9
8.93E9
17782 10 2
2.29E9
8.85E9
17782 10 2
2.2E9
9.31E9
17782 10 2
2.3E9
9.46E9
17782 10 2
2.36E9
9.42E9
17782 10 2
2.21E9
9.21E9
17782 10 2
2.46E9
9.7E9
31622 10 2
5.48E9
3.168E10
31622 10 2
5.52E9
3.035E10
31622 10 2
5.36E9
3.074E10
31622 10 2
5.31E9
3.12E10
31622 10 2
5.29E9
3.141E10
31622 10 2
5.27E9
3.148E10
31622 10 2
5.26E9
3.074E10
31622 10 2
5.26E9
3.203E10
31622 10 2
5.54E9
3.123E10
31622 10 2
5.39E9
3.134E10
56234 10 2
1.328E10
1.019E11
56234 10 2
1.381E10
1.0424E11
56234 10 2
1.289E10
1.0599E11
56234 10 2
1.528E10
1.0434E11
56234 10 2
1.303E10
1.0702E11
56234 10 2
1.282E10
1.0791E11
56234 10 2
1.514E10
1.069E11
56234 10 2
1.3E10
1.1182E11
56234 10 2
1.506E10
1.1488E11
56234 10 2
1.306E10
1.1905E11
100000 10 2
3.158E10
2.7759E11
100000 10 2
3.433E10
2.8647E11
100000 10 2
3.166E10
2.8531E11
100000 10 2
3.173E10
2.9992E11
100000 10 2
3.169E10
2.8883E11
100000 10 2
3.103E10
2.9555E11
100000 10 2
3.143E10
2.9799E11
100000 10 2
3.114E10
2.9577E11
100000 10 2
3.139E10
2.9759E11
100000 10 2
3.212E10
2.9782E11
