100 15 5
585937.5
468750.0
100 15 5
585937.5
468750.0
100 15 5
585937.5
468750.0
100 15 5
546875.0
507812.5
100 15 5
546875.0
507812.5
100 15 5
546875.0
507812.5
100 15 5
585937.5
507812.5
100 15 5
585937.5
507812.5
562 15 5
9375000.0
7500000.0
100 15 5
585937.5
468750.0
100 15 5
585937.5
546875.0
316 15 5
3750000.0
2812500.0
562 15 5
1.0E7
6875000.0
316 15 5
3750000.0
2656250.0
316 15 5
3437500.0
2968750.0
316 15 5
3750000.0
2968750.0
316 15 5
3750000.0
2968750.0
316 15 5
3750000.0
2968750.0
316 15 5
3750000.0
2812500.0
316 15 5
3750000.0
2812500.0
177 15 5
1406250.0
1171875.0
177 15 5
1406250.0
1093750.0
177 15 5
1406250.0
1093750.0
316 15 5
3750000.0
2656250.0
177 15 5
1406250.0
1093750.0
177 15 5
1406250.0
1093750.0
177 15 5
1484375.0
1093750.0
177 15 5
1562500.0
1093750.0
177 15 5
1484375.0
1171875.0
316 15 5
3750000.0
3125000.0
177 15 5
1562500.0
1093750.0
177 15 5
1484375.0
1093750.0
1778 15 5
6.5E7
6.5E7
562 15 5
9375000.0
1.5E7
562 15 5
9375000.0
1.625E7
562 15 5
9375000.0
1.625E7
1778 15 5
6.0E7
8.5E7
1778 15 5
6.0E7
7.5E7
1778 15 5
6.0E7
7.0E7
1778 15 5
6.5E7
8.0E7
1778 15 5
6.0E7
7.0E7
562 15 5
1.0E7
7500000.0
1778 15 5
6.0E7
9.5E7
562 15 5
8750000.0
9375000.0
1000 15 5
2.25E7
3.0E7
562 15 5
1.0E7
1.0625E7
1000 15 5
2.375E7
3.0E7
1000 15 5
2.5E7
3.0E7
562 15 5
1.0E7
8125000.0
1778 15 5
6.0E7
7.5E7
1000 15 5
2.5E7
3.0E7
1778 15 5
6.0E7
1.1E8
562 15 5
1.0E7
7500000.0
1778 15 5
6.5E7
1.1E8
3162 15 5
1.5E8
2.6E8
1000 15 5
2.375E7
1.875E7
1000 15 5
2.25E7
2.0E7
1000 15 5
2.375E7
2.0E7
1000 15 5
2.5E7
1.875E7
3162 15 5
1.6E8
2.8E8
3162 15 5
1.5E8
2.2E8
3162 15 5
1.5E8
3.0E8
1000 15 5
2.375E7
2.0E7
1000 15 5
2.375E7
2.25E7
3162 15 5
1.5E8
1.6E8
3162 15 5
1.6E8
1.7E8
3162 15 5
1.7E8
1.6E8
3162 15 5
1.6E8
1.7E8
3162 15 5
1.6E8
1.7E8
3162 15 5
1.7E8
1.8E8
5623 15 5
3.6E8
5.3E8
5623 15 5
3.8E8
5.4E8
5623 15 5
3.9E8
5.3E8
5623 15 5
3.9E8
5.4E8
5623 15 5
3.9E8
5.4E8
5623 15 5
3.8E8
5.4E8
5623 15 5
4.0E8
5.2E8
5623 15 5
4.0E8
5.3E8
5623 15 5
3.9E8
5.5E8
5623 15 5
3.9E8
5.5E8
10000 15 5
9.5E8
1.68E9
10000 15 5
9.4E8
1.76E9
10000 15 5
9.4E8
1.92E9
10000 15 5
1.0E9
1.87E9
10000 15 5
9.9E8
1.93E9
10000 15 5
9.8E8
1.99E9
10000 15 5
9.5E8
2.07E9
10000 15 5
9.8E8
2.07E9
10000 15 5
1.03E9
2.13E9
10000 15 5
9.5E8
2.07E9
17782 15 5
2.36E9
6.17E9
17782 15 5
2.75E9
6.29E9
17782 15 5
2.37E9
6.76E9
17782 15 5
2.39E9
6.22E9
17782 15 5
2.5E9
6.43E9
17782 15 5
2.38E9
6.69E9
17782 15 5
2.4E9
7.34E9
17782 15 5
2.54E9
7.08E9
17782 15 5
2.62E9
6.86E9
17782 15 5
2.35E9
6.78E9
31622 15 5
6.11E9
2.535E10
31622 15 5
5.8E9
2.524E10
31622 15 5
5.89E9
2.508E10
31622 15 5
6.08E9
2.608E10
31622 15 5
5.97E9
2.599E10
31622 15 5
6.03E9
2.7E10
31622 15 5
5.91E9
2.868E10
31622 15 5
5.88E9
2.795E10
31622 15 5
5.87E9
2.84E10
31622 15 5
5.81E9
2.835E10
56234 15 5
1.458E10
8.8E10
56234 15 5
1.444E10
9.041E10
56234 15 5
1.463E10
9.028E10
56234 15 5
1.466E10
9.167E10
56234 15 5
1.496E10
9.223E10
56234 15 5
1.474E10
9.699E10
56234 15 5
1.472E10
9.504E10
56234 15 5
1.462E10
9.612E10
56234 15 5
1.456E10
9.699E10
56234 15 5
1.455E10
1.0282E11
100000 15 5
3.668E10
2.2176E11
100000 15 5
3.618E10
2.2461E11
100000 15 5
4.193E10
2.1896E11
100000 15 5
3.638E10
2.2522E11
100000 15 5
4.087E10
2.2605E11
100000 15 5
3.413E10
2.3596E11
100000 15 5
4.194E10
2.3063E11
100000 15 5
3.445E10
2.3796E11
100000 15 5
3.501E10
2.4158E11
100000 15 5
4.094E10
2.3585E11
