316 8 5
3437500.0
3437500.0
316 8 5
3437500.0
3750000.0
316 8 5
3750000.0
4062500.0
100 8 5
507812.5
429687.5
100 8 5
546875.0
429687.5
100 8 5
507812.5
507812.5
100 8 5
546875.0
429687.5
100 8 5
585937.5
429687.5
100 8 5
585937.5
429687.5
100 8 5
585937.5
429687.5
316 8 5
3437500.0
3437500.0
316 8 5
3437500.0
3281250.0
177 8 5
1406250.0
1171875.0
177 8 5
1406250.0
1093750.0
316 8 5
3593750.0
4375000.0
177 8 5
1406250.0
1250000.0
177 8 5
1250000.0
1093750.0
177 8 5
1406250.0
1093750.0
177 8 5
1406250.0
1250000.0
562 8 5
8750000.0
9375000.0
316 8 5
3750000.0
3593750.0
177 8 5
1406250.0
1250000.0
316 8 5
3750000.0
3125000.0
316 8 5
2968750.0
3750000.0
177 8 5
1484375.0
1093750.0
100 8 5
546875.0
410156.25
177 8 5
1328125.0
1171875.0
562 8 5
8750000.0
1.0625E7
100 8 5
507812.5
449218.75
177 8 5
1406250.0
1093750.0
100 8 5
546875.0
371093.75
316 8 5
3750000.0
2812500.0
562 8 5
8750000.0
8750000.0
562 8 5
9375000.0
1.0625E7
562 8 5
1.0E7
8125000.0
562 8 5
1.0625E7
1.25E7
1778 8 5
5.5E7
1.7E8
1778 8 5
6.0E7
1.5E8
1778 8 5
6.0E7
1.6E8
562 8 5
9375000.0
1.375E7
1000 8 5
2.75E7
3.5E7
1778 8 5
5.5E7
8.0E7
562 8 5
9375000.0
2.4375E7
1000 8 5
2.25E7
4.25E7
1000 8 5
2.25E7
2.75E7
1000 8 5
2.125E7
4.5E7
1000 8 5
3.375E7
2.1E8
1778 8 5
6.0E7
3.5E8
1000 8 5
2.5E7
4.25E7
1000 8 5
2.5E7
4.5E7
1778 8 5
5.5E7
1.55E8
1778 8 5
6.0E7
8.5E7
562 8 5
8750000.0
3.0E7
1000 8 5
2.5E7
4.0E7
562 8 5
9375000.0
2.625E7
1000 8 5
3.375E7
3.75E7
1778 8 5
6.0E7
4.5E8
1778 8 5
6.0E7
4.2E8
3162 8 5
1.6E8
2.8E8
1778 8 5
6.5E7
4.5E8
3162 8 5
1.4E8
2.8E8
3162 8 5
1.4E8
4.8E8
3162 8 5
1.6E8
2.6E8
3162 8 5
1.6E8
2.5E8
3162 8 5
1.5E8
2.7E8
1000 8 5
2.25E7
2.375E7
3162 8 5
1.8E8
2.9E8
3162 8 5
1.8E8
2.8E8
3162 8 5
1.7E8
2.4E8
3162 8 5
1.9E8
2.5E8
5623 8 5
3.7E8
1.06E9
5623 8 5
3.7E8
1.0E9
5623 8 5
3.7E8
1.16E9
5623 8 5
3.3E8
1.23E9
5623 8 5
3.6E8
1.32E9
5623 8 5
3.4E8
1.25E9
5623 8 5
4.8E8
1.44E9
5623 8 5
3.5E8
1.62E9
5623 8 5
3.7E8
1.81E9
5623 8 5
4.1E8
1.88E9
10000 8 5
8.7E8
2.84E9
10000 8 5
8.5E8
3.62E9
10000 8 5
9.7E8
4.26E9
10000 8 5
1.34E9
4.18E9
10000 8 5
8.3E8
5.05E9
10000 8 5
9.1E8
4.87E9
10000 8 5
9.4E8
4.78E9
10000 8 5
1.02E9
5.05E9
10000 8 5
9.5E8
5.48E9
10000 8 5
9.2E8
7.01E9
17782 8 5
2.14E9
1.038E10
17782 8 5
2.58E9
1.021E10
17782 8 5
2.29E9
1.111E10
17782 8 5
2.22E9
1.122E10
17782 8 5
2.14E9
1.101E10
17782 8 5
2.33E9
1.078E10
17782 8 5
2.04E9
1.463E10
17782 8 5
2.2E9
1.535E10
17782 8 5
2.15E9
1.72E10
17782 8 5
2.62E9
1.747E10
31622 8 5
4.75E9
3.538E10
31622 8 5
5.17E9
3.553E10
31622 8 5
5.09E9
3.51E10
31622 8 5
5.07E9
3.586E10
31622 8 5
5.35E9
3.823E10
31622 8 5
5.37E9
3.7E10
31622 8 5
5.51E9
3.912E10
31622 8 5
5.25E9
4.169E10
31622 8 5
4.85E9
4.4E10
31622 8 5
5.16E9
4.579E10
56234 8 5
1.368E10
1.2067E11
56234 8 5
1.193E10
1.2459E11
56234 8 5
1.178E10
1.2433E11
56234 8 5
1.133E10
1.2453E11
56234 8 5
1.235E10
1.2809E11
56234 8 5
1.406E10
1.2881E11
56234 8 5
1.251E10
1.3114E11
56234 8 5
1.478E10
1.352E11
56234 8 5
1.196E10
1.3683E11
56234 8 5
1.333E10
1.3214E11
100000 8 5
2.798E10
3.0086E11
100000 8 5
2.785E10
3.2513E11
100000 8 5
2.64E10
3.2613E11
100000 8 5
2.645E10
3.3183E11
100000 8 5
2.763E10
3.424E11
100000 8 5
3.0E10
3.3892E11
100000 8 5
2.592E10
3.468E11
100000 8 5
2.908E10
3.469E11
100000 8 5
2.983E10
3.4944E11
100000 8 5
2.846E10
3.4061E11
