316 6 1
3437500.0
3750000.0
100 6 1
468750.0
429687.5
316 6 1
3437500.0
4062500.0
316 6 1
3437500.0
4062500.0
100 6 1
507812.5
429687.5
100 6 1
507812.5
429687.5
100 6 1
546875.0
429687.5
100 6 1
507812.5
429687.5
100 6 1
507812.5
507812.5
562 6 1
7500000.0
1.3125E7
177 6 1
1250000.0
1171875.0
562 6 1
7500000.0
1.1875E7
177 6 1
1328125.0
1093750.0
177 6 1
1250000.0
1171875.0
177 6 1
1328125.0
1093750.0
177 6 1
1328125.0
1250000.0
177 6 1
1406250.0
1171875.0
177 6 1
1328125.0
1171875.0
316 6 1
3437500.0
3750000.0
100 6 1
546875.0
390625.0
100 6 1
546875.0
390625.0
316 6 1
3437500.0
3437500.0
316 6 1
3593750.0
3437500.0
316 6 1
3437500.0
3437500.0
100 6 1
507812.5
390625.0
100 6 1
546875.0
410156.25
177 6 1
1406250.0
1093750.0
177 6 1
1328125.0
1093750.0
177 6 1
1328125.0
1171875.0
316 6 1
3125000.0
3125000.0
316 6 1
3437500.0
3125000.0
316 6 1
3437500.0
3281250.0
562 6 1
8125000.0
9375000.0
562 6 1
8750000.0
1.0E7
562 6 1
8125000.0
1.1875E7
562 6 1
8125000.0
1.25E7
562 6 1
7500000.0
1.1875E7
562 6 1
8125000.0
1.1875E7
562 6 1
8125000.0
1.25E7
562 6 1
8125000.0
1.3125E7
1778 6 1
5.25E7
1.1E8
1000 6 1
1.875E7
3.25E7
1000 6 1
1.875E7
4.75E7
1000 6 1
2.0E7
3.0E7
1000 6 1
2.125E7
2.75E7
1778 6 1
4.75E7
1.2E8
1000 6 1
2.0E7
3.5E7
1778 6 1
5.0E7
1.1E8
1000 6 1
2.0E7
3.5E7
1778 6 1
4.75E7
1.6E8
1000 6 1
2.0E7
3.75E7
1000 6 1
2.0E7
3.5E7
1778 6 1
5.25E7
1.2E8
1778 6 1
4.75E7
1.4E8
1000 6 1
2.0E7
3.0E7
1000 6 1
2.0E7
3.5E7
3162 6 1
1.1E8
3.7E8
1778 6 1
4.5E7
9.0E7
1778 6 1
4.75E7
9.0E7
1778 6 1
4.75E7
8.5E7
1778 6 1
4.75E7
1.0E8
3162 6 1
1.1E8
3.3E8
3162 6 1
1.1E8
3.0E8
3162 6 1
1.1E8
2.6E8
3162 6 1
1.1E8
2.9E8
3162 6 1
1.2E8
2.9E8
3162 6 1
1.4E8
2.9E8
3162 6 1
1.1E8
2.8E8
3162 6 1
1.2E8
3.0E8
3162 6 1
1.1E8
3.5E8
5623 6 1
2.6E8
1.0E9
5623 6 1
2.5E8
1.15E9
5623 6 1
2.4E8
1.12E9
5623 6 1
2.6E8
1.2E9
5623 6 1
2.5E8
1.33E9
5623 6 1
2.5E8
1.39E9
5623 6 1
2.4E8
1.39E9
5623 6 1
2.5E8
1.43E9
5623 6 1
2.5E8
1.41E9
5623 6 1
2.7E8
1.51E9
10000 6 1
5.9E8
3.53E9
10000 6 1
6.6E8
3.63E9
10000 6 1
5.8E8
3.74E9
10000 6 1
6.1E8
4.1E9
10000 6 1
6.2E8
3.9E9
10000 6 1
6.7E8
4.05E9
10000 6 1
6.6E8
4.46E9
10000 6 1
6.5E8
4.4E9
10000 6 1
6.4E8
4.99E9
10000 6 1
6.0E8
5.66E9
17782 6 1
1.34E9
1.191E10
17782 6 1
1.47E9
1.204E10
17782 6 1
1.38E9
1.23E10
17782 6 1
1.49E9
1.286E10
17782 6 1
1.35E9
1.353E10
17782 6 1
1.5E9
1.27E10
17782 6 1
1.33E9
1.377E10
17782 6 1
1.97E9
1.331E10
17782 6 1
1.58E9
1.402E10
17782 6 1
1.46E9
1.462E10
31622 6 1
3.06E9
4.877E10
31622 6 1
3.6E9
4.923E10
31622 6 1
3.34E9
5.012E10
31622 6 1
3.68E9
5.025E10
31622 6 1
3.15E9
5.052E10
31622 6 1
3.34E9
5.141E10
31622 6 1
3.06E9
5.238E10
31622 6 1
3.21E9
5.207E10
31622 6 1
3.29E9
5.382E10
31622 6 1
3.33E9
5.311E10
56234 6 1
7.34E9
1.5327E11
56234 6 1
6.79E9
1.5266E11
56234 6 1
6.92E9
1.5339E11
56234 6 1
6.73E9
1.5416E11
56234 6 1
7.0E9
1.5596E11
56234 6 1
7.27E9
1.581E11
56234 6 1
7.03E9
1.596E11
56234 6 1
6.97E9
1.6051E11
56234 6 1
8.07E9
1.5812E11
56234 6 1
7.75E9
1.6733E11
100000 6 1
1.698E10
4.0865E11
100000 6 1
1.549E10
4.1291E11
100000 6 1
1.661E10
4.2607E11
100000 6 1
1.669E10
4.2374E11
100000 6 1
1.682E10
4.3694E11
100000 6 1
1.597E10
4.3156E11
100000 6 1
1.593E10
4.3865E11
100000 6 1
1.553E10
4.389E11
100000 6 1
1.498E10
4.3964E11
100000 6 1
1.559E10
4.3996E11
