316 15 1
4062500.0
3437500.0
100 15 1
546875.0
507812.5
100 15 1
546875.0
546875.0
100 15 1
507812.5
546875.0
100 15 1
546875.0
507812.5
100 15 1
585937.5
546875.0
100 15 1
585937.5
507812.5
100 15 1
546875.0
507812.5
100 15 1
625000.0
546875.0
100 15 1
625000.0
546875.0
100 15 1
625000.0
507812.5
562 15 1
9375000.0
8125000.0
562 15 1
9375000.0
8125000.0
316 15 1
3750000.0
3125000.0
316 15 1
3750000.0
2968750.0
316 15 1
3750000.0
3281250.0
316 15 1
4062500.0
2812500.0
316 15 1
3750000.0
3125000.0
316 15 1
3437500.0
2812500.0
177 15 1
1406250.0
1093750.0
316 15 1
3750000.0
3125000.0
316 15 1
3750000.0
2812500.0
177 15 1
1562500.0
1093750.0
177 15 1
1484375.0
1171875.0
316 15 1
3750000.0
2968750.0
177 15 1
1484375.0
1250000.0
177 15 1
1484375.0
1093750.0
177 15 1
1562500.0
1093750.0
177 15 1
1484375.0
1328125.0
177 15 1
1484375.0
1250000.0
177 15 1
1484375.0
1250000.0
177 15 1
1484375.0
1250000.0
562 15 1
1.0E7
8125000.0
562 15 1
9375000.0
8750000.0
562 15 1
9375000.0
8125000.0
562 15 1
9375000.0
8125000.0
562 15 1
1.0E7
8125000.0
562 15 1
1.0E7
8750000.0
562 15 1
9375000.0
9375000.0
1778 15 1
5.5E7
7.0E7
1778 15 1
6.5E7
7.0E7
1000 15 1
2.5E7
2.75E7
1778 15 1
6.5E7
7.0E7
1778 15 1
6.0E7
7.5E7
1778 15 1
6.0E7
8.0E7
1778 15 1
6.0E7
7.5E7
1778 15 1
6.5E7
9.0E7
1778 15 1
6.0E7
8.0E7
1778 15 1
6.5E7
8.0E7
1778 15 1
5.5E7
6.5E7
3162 15 1
1.5E8
2.1E8
3162 15 1
1.6E8
2.3E8
1000 15 1
2.375E7
2.0E7
3162 15 1
1.6E8
2.2E8
3162 15 1
1.5E8
2.3E8
1000 15 1
2.5E7
2.125E7
1000 15 1
2.375E7
2.0E7
562 15 1
9375000.0
8125000.0
1000 15 1
2.375E7
2.125E7
1000 15 1
2.25E7
2.125E7
1000 15 1
2.5E7
2.125E7
1000 15 1
2.375E7
2.0E7
1000 15 1
2.375E7
2.0E7
1000 15 1
2.5E7
2.125E7
3162 15 1
1.7E8
1.7E8
3162 15 1
1.7E8
1.7E8
3162 15 1
1.8E8
1.7E8
3162 15 1
1.6E8
1.6E8
3162 15 1
1.6E8
1.6E8
3162 15 1
1.5E8
1.7E8
5623 15 1
3.9E8
5.2E8
5623 15 1
3.9E8
5.6E8
5623 15 1
3.9E8
5.3E8
5623 15 1
3.9E8
5.7E8
5623 15 1
4.0E8
5.3E8
5623 15 1
3.8E8
5.8E8
5623 15 1
3.9E8
5.2E8
5623 15 1
3.9E8
5.2E8
5623 15 1
3.9E8
5.1E8
5623 15 1
3.9E8
5.4E8
10000 15 1
9.7E8
1.71E9
10000 15 1
9.7E8
1.81E9
10000 15 1
9.5E8
1.89E9
10000 15 1
9.9E8
1.94E9
10000 15 1
9.8E8
2.11E9
10000 15 1
9.9E8
2.13E9
10000 15 1
9.5E8
2.1E9
10000 15 1
1.0E9
2.24E9
10000 15 1
9.7E8
2.14E9
10000 15 1
1.02E9
2.21E9
17782 15 1
2.35E9
6.62E9
17782 15 1
2.33E9
6.61E9
17782 15 1
2.39E9
6.51E9
17782 15 1
2.32E9
6.97E9
17782 15 1
2.41E9
6.82E9
17782 15 1
2.34E9
7.22E9
17782 15 1
2.39E9
7.48E9
17782 15 1
2.41E9
7.17E9
17782 15 1
2.38E9
7.5E9
17782 15 1
2.52E9
6.9E9
31622 15 1
5.79E9
2.437E10
31622 15 1
6.56E9
2.494E10
31622 15 1
6.08E9
2.555E10
31622 15 1
5.99E9
2.508E10
31622 15 1
5.88E9
2.652E10
31622 15 1
6.06E9
2.578E10
31622 15 1
5.95E9
2.643E10
31622 15 1
6.01E9
2.583E10
31622 15 1
6.24E9
2.568E10
31622 15 1
6.73E9
2.489E10
56234 15 1
1.466E10
8.703E10
56234 15 1
1.436E10
9.321E10
56234 15 1
1.72E10
8.938E10
56234 15 1
1.467E10
9.448E10
56234 15 1
1.448E10
9.558E10
56234 15 1
1.438E10
9.409E10
56234 15 1
1.477E10
9.521E10
56234 15 1
1.459E10
9.529E10
56234 15 1
1.492E10
9.839E10
56234 15 1
1.589E10
9.76E10
100000 15 1
3.696E10
2.3584E11
100000 15 1
3.506E10
2.308E11
100000 15 1
3.496E10
2.5613E11
100000 15 1
3.645E10
2.5683E11
100000 15 1
3.512E10
2.541E11
100000 15 1
3.471E10
2.5497E11
100000 15 1
3.492E10
2.5547E11
100000 15 1
3.452E10
2.5719E11
100000 15 1
3.579E10
2.5604E11
100000 15 1
3.526E10
2.5761E11
