316 4 3
2031250.0
3437500.0
316 4 3
1875000.0
3437500.0
177 4 3
937500.0
1093750.0
316 4 3
1875000.0
3437500.0
316 4 3
2031250.0
3437500.0
316 4 3
2031250.0
3437500.0
177 4 3
859375.0
1171875.0
316 4 3
2031250.0
3437500.0
177 4 3
859375.0
1250000.0
177 4 3
937500.0
1171875.0
177 4 3
859375.0
1250000.0
177 4 3
859375.0
1250000.0
177 4 3
859375.0
1171875.0
100 4 3
371093.75
468750.0
100 4 3
371093.75
429687.5
100 4 3
390625.0
429687.5
100 4 3
410156.25
429687.5
177 4 3
937500.0
1171875.0
100 4 3
410156.25
429687.5
100 4 3
410156.25
468750.0
562 4 3
4375000.0
1.0625E7
562 4 3
4687500.0
1.0625E7
316 4 3
1875000.0
3437500.0
316 4 3
1875000.0
3593750.0
316 4 3
1875000.0
3281250.0
316 4 3
1875000.0
3593750.0
100 4 3
332031.25
410156.25
100 4 3
371093.75
410156.25
100 4 3
371093.75
410156.25
177 4 3
898437.5
1093750.0
177 4 3
898437.5
1093750.0
100 4 3
410156.25
429687.5
1778 4 3
1.875E7
1.2E8
1000 4 3
1.0E7
3.0E7
1000 4 3
9375000.0
3.5E7
1000 4 3
1.0625E7
2.75E7
562 4 3
4375000.0
1.0E7
562 4 3
4375000.0
1.0625E7
562 4 3
4375000.0
1.0E7
562 4 3
4375000.0
1.1875E7
1000 4 3
1.0625E7
3.25E7
1778 4 3
3.0E7
1.1E8
1000 4 3
1.0E7
4.0E7
1000 4 3
1.0625E7
4.5E7
1778 4 3
3.0E7
1.1E8
1000 4 3
9375000.0
4.75E7
1778 4 3
2.375E7
1.2E8
1000 4 3
1.0E7
3.75E7
1778 4 3
2.25E7
1.7E8
1000 4 3
1.0625E7
5.25E7
562 4 3
4687500.0
1.0625E7
562 4 3
4375000.0
1.3125E7
562 4 3
4687500.0
1.25E7
1778 4 3
2.375E7
1.7E8
1778 4 3
2.125E7
1.05E8
1000 4 3
1.0625E7
5.0E7
562 4 3
4687500.0
1.125E7
1778 4 3
2.625E7
1.6E8
1778 4 3
2.25E7
8.5E7
1778 4 3
2.5E7
1.05E8
3162 4 3
5.0E7
3.0E8
3162 4 3
5.75E7
3.1E8
3162 4 3
4.5E7
3.1E8
3162 4 3
5.5E7
3.2E8
3162 4 3
5.5E7
3.2E8
3162 4 3
5.5E7
3.4E8
3162 4 3
5.5E7
3.0E8
3162 4 3
4.5E7
2.9E8
3162 4 3
5.5E7
4.4E8
3162 4 3
5.75E7
3.9E8
5623 4 3
1.2E8
8.6E8
5623 4 3
1.1E8
1.05E9
5623 4 3
1.3E8
1.03E9
5623 4 3
1.1E8
1.04E9
5623 4 3
1.1E8
1.1E9
5623 4 3
1.3E8
1.0E9
5623 4 3
1.2E8
1.14E9
5623 4 3
1.3E8
1.24E9
5623 4 3
1.2E8
1.13E9
5623 4 3
1.0E8
1.25E9
10000 4 3
2.6E8
2.73E9
10000 4 3
2.1E8
2.87E9
10000 4 3
2.5E8
2.73E9
10000 4 3
2.3E8
3.16E9
10000 4 3
2.4E8
3.31E9
10000 4 3
2.6E8
3.33E9
10000 4 3
2.4E8
3.39E9
10000 4 3
2.4E8
3.44E9
10000 4 3
2.4E8
3.59E9
10000 4 3
2.3E8
3.58E9
17782 4 3
5.8E8
9.22E9
17782 4 3
6.5E8
9.47E9
17782 4 3
6.1E8
9.59E9
17782 4 3
6.5E8
9.79E9
17782 4 3
4.9E8
1.02E10
17782 4 3
5.1E8
1.003E10
17782 4 3
4.9E8
1.022E10
17782 4 3
5.5E8
1.361E10
17782 4 3
5.9E8
1.371E10
17782 4 3
6.3E8
1.423E10
31622 4 3
1.33E9
3.29E10
31622 4 3
1.21E9
3.328E10
31622 4 3
1.16E9
3.474E10
31622 4 3
1.18E9
3.509E10
31622 4 3
1.35E9
3.55E10
31622 4 3
1.37E9
3.526E10
31622 4 3
1.28E9
3.544E10
31622 4 3
1.4E9
3.681E10
31622 4 3
1.12E9
3.698E10
31622 4 3
1.3E9
3.71E10
56234 4 3
2.88E9
1.0006E11
56234 4 3
2.13E9
9.954E10
56234 4 3
2.59E9
1.0068E11
56234 4 3
2.43E9
1.0282E11
56234 4 3
2.59E9
1.0499E11
56234 4 3
2.59E9
1.0446E11
56234 4 3
2.53E9
1.0612E11
56234 4 3
2.8E9
1.07E11
56234 4 3
2.48E9
1.0794E11
56234 4 3
2.61E9
1.0897E11
100000 4 3
6.35E9
2.7989E11
100000 4 3
4.75E9
2.816E11
100000 4 3
5.43E9
2.7416E11
100000 4 3
5.1E9
2.7888E11
100000 4 3
5.0E9
2.8234E11
100000 4 3
5.34E9
2.8178E11
100000 4 3
5.29E9
2.8516E11
100000 4 3
4.89E9
2.8476E11
100000 4 3
5.33E9
2.8465E11
100000 4 3
5.3E9
2.8056E11
