100 3 3
429687.5
937500.0
177 3 3
859375.0
1015625.0
177 3 3
468750.0
859375.0
177 3 3
468750.0
859375.0
316 3 3
2187500.0
3750000.0
100 3 3
214843.75
312500.0
100 3 3
273437.5
468750.0
316 3 3
1171875.0
4375000.0
100 3 3
234375.0
312500.0
316 3 3
859375.0
2500000.0
100 3 3
390625.0
468750.0
177 3 3
781250.0
2187500.0
177 3 3
664062.5
1250000.0
316 3 3
937500.0
2500000.0
100 3 3
253906.25
390625.0
177 3 3
664062.5
1093750.0
177 3 3
781250.0
1250000.0
562 3 3
2656250.0
1.0625E7
100 3 3
253906.25
371093.75
177 3 3
507812.5
820312.5
316 3 3
1640625.0
4375000.0
316 3 3
1250000.0
4062500.0
177 3 3
742187.5
1171875.0
100 3 3
351562.5
1132812.5
100 3 3
507812.5
1171875.0
316 3 3
2187500.0
9062500.0
562 3 3
3125000.0
1.0625E7
316 3 3
2343750.0
4062500.0
316 3 3
1171875.0
9375000.0
177 3 3
1015625.0
2500000.0
316 3 3
1171875.0
4531250.0
100 3 3
664062.5
664062.5
562 3 3
6250000.0
3.0E7
1000 3 3
6875000.0
3.0E7
1778 3 3
1.375E7
1.1E8
562 3 3
3437500.0
2.0625E7
1000 3 3
3750000.0
1.75E7
1000 3 3
3750000.0
1.75E7
1000 3 3
4062500.0
1.875E7
562 3 3
2031250.0
6250000.0
1000 3 3
5312500.0
3.0E7
562 3 3
2343750.0
8125000.0
1778 3 3
1.375E7
1.5E8
562 3 3
2187500.0
1.125E7
562 3 3
2343750.0
1.1875E7
1000 3 3
6875000.0
1.5E8
562 3 3
2031250.0
7500000.0
562 3 3
2187500.0
7187500.0
1778 3 3
1.0E7
9.0E7
1778 3 3
1.125E7
8.5E7
1778 3 3
1.125E7
9.0E7
1000 3 3
6875000.0
3.75E7
1778 3 3
1.25E7
7.5E7
3162 3 3
4.0E7
2.8E8
1000 3 3
5000000.0
2.125E7
1778 3 3
6875000.0
5.75E7
1000 3 3
6250000.0
2.0E7
1778 3 3
1.5625E7
8.5E7
1778 3 3
4.625E7
9.0E7
3162 3 3
3.25E7
2.9E8
3162 3 3
6.0E7
5.6E8
3162 3 3
1.625E7
1.9E8
1778 3 3
4.5E7
5.25E7
3162 3 3
1.875E7
2.4E8
1000 3 3
6875000.0
5.0E7
3162 3 3
1.625E7
3.0E8
3162 3 3
2.25E7
2.9E8
3162 3 3
4.5E7
4.5E8
3162 3 3
9.0E7
4.6E8
3162 3 3
2.625E7
5.6E8
5623 3 3
3.75E7
8.8E8
5623 3 3
3.75E7
8.7E8
5623 3 3
4.0E7
1.06E9
5623 3 3
6.0E7
1.16E9
5623 3 3
4.25E7
1.11E9
5623 3 3
5.75E7
1.04E9
5623 3 3
6.5E7
1.32E9
5623 3 3
5.0E7
1.28E9
5623 3 3
4.5E7
1.18E9
5623 3 3
5.75E7
1.66E9
10000 3 3
5.5E7
2.16E9
10000 3 3
5.5E7
2.54E9
10000 3 3
5.5E7
2.9E9
10000 3 3
1.4E8
3.01E9
10000 3 3
6.0E7
3.22E9
10000 3 3
1.9E8
3.08E9
10000 3 3
8.0E7
3.01E9
10000 3 3
1.7E8
3.88E9
10000 3 3
8.5E7
4.22E9
10000 3 3
1.1E8
5.37E9
17782 3 3
2.1E8
7.22E9
17782 3 3
8.8E8
8.25E9
17782 3 3
3.0E8
9.49E9
17782 3 3
1.4E8
9.91E9
17782 3 3
6.8E8
9.48E9
17782 3 3
1.5E8
9.79E9
17782 3 3
1.2E8
1.097E10
17782 3 3
3.3E8
1.109E10
17782 3 3
1.1E8
1.124E10
17782 3 3
2.7E8
1.408E10
31622 3 3
7.0E8
4.098E10
31622 3 3
6.3E8
4.181E10
31622 3 3
2.5E8
4.324E10
31622 3 3
5.7E8
4.614E10
31622 3 3
5.2E8
4.927E10
31622 3 3
5.7E8
5.118E10
31622 3 3
5.0E8
5.045E10
31622 3 3
1.03E9
5.079E10
31622 3 3
5.1E8
5.485E10
31622 3 3
4.8E8
6.051E10
56234 3 3
5.8E8
1.1629E11
56234 3 3
8.8E8
1.1672E11
56234 3 3
8.0E8
1.2322E11
56234 3 3
8.7E8
1.2427E11
56234 3 3
7.4E8
1.2908E11
56234 3 3
8.1E8
1.2949E11
56234 3 3
5.8E8
1.3079E11
56234 3 3
5.4E8
1.3448E11
56234 3 3
1.24E9
1.3558E11
56234 3 3
8.6E8
1.3829E11
100000 3 3
1.75E9
3.0353E11
100000 3 3
1.37E9
3.0928E11
100000 3 3
2.51E9
3.1439E11
100000 3 3
1.07E9
3.1371E11
100000 3 3
1.64E9
3.1803E11
100000 3 3
2.01E9
3.2318E11
100000 3 3
1.14E9
3.3247E11
100000 3 3
1.22E9
3.3582E11
100000 3 3
1.75E9
3.4129E11
100000 3 3
2.11E9
3.3576E11
