177 30 10
1718750.0
1718750.0
177 30 10
1718750.0
1718750.0
100 30 10
546875.0
859375.0
100 30 10
546875.0
859375.0
100 30 10
585937.5
937500.0
100 30 10
625000.0
859375.0
316 30 10
4062500.0
4375000.0
316 30 10
3750000.0
4375000.0
100 30 10
585937.5
859375.0
316 30 10
4062500.0
4062500.0
316 30 10
3750000.0
4062500.0
316 30 10
3750000.0
4062500.0
316 30 10
4062500.0
4062500.0
316 30 10
4062500.0
3750000.0
100 30 10
625000.0
859375.0
316 30 10
3750000.0
4062500.0
316 30 10
4062500.0
4062500.0
100 30 10
664062.5
859375.0
316 30 10
4062500.0
3750000.0
177 30 10
1406250.0
1718750.0
177 30 10
1484375.0
1718750.0
177 30 10
1484375.0
1718750.0
177 30 10
1484375.0
1718750.0
177 30 10
1562500.0
1718750.0
177 30 10
1562500.0
1718750.0
177 30 10
1562500.0
1718750.0
562 30 10
1.0E7
8750000.0
562 30 10
1.125E7
8125000.0
100 30 10
507812.5
781250.0
100 30 10
546875.0
781250.0
100 30 10
585937.5
781250.0
177 30 10
1562500.0
1718750.0
1778 30 10
6.5E7
6.0E7
562 30 10
1.0625E7
1.375E7
562 30 10
1.0E7
1.5E7
562 30 10
1.0E7
1.75E7
562 30 10
9375000.0
1.25E7
562 30 10
1.0E7
1.125E7
1778 30 10
6.5E7
7.0E7
1000 30 10
2.75E7
2.625E7
1778 30 10
6.5E7
8.5E7
1778 30 10
6.5E7
1.0E8
1778 30 10
7.0E7
1.0E8
1778 30 10
7.0E7
7.0E7
1000 30 10
2.75E7
3.125E7
1778 30 10
6.5E7
7.5E7
1000 30 10
2.625E7
2.75E7
1000 30 10
2.75E7
3.0E7
1778 30 10
7.0E7
7.5E7
1778 30 10
6.5E7
1.15E8
1000 30 10
2.75E7
2.875E7
1000 30 10
2.75E7
3.0E7
1778 30 10
7.0E7
8.0E7
562 30 10
1.0E7
1.0E7
562 30 10
1.0625E7
1.0E7
562 30 10
1.0E7
1.0E7
3162 30 10
1.7E8
3.2E8
3162 30 10
1.7E8
1.7E8
3162 30 10
1.7E8
2.0E8
1000 30 10
2.625E7
2.25E7
1000 30 10
2.5E7
2.25E7
3162 30 10
1.8E8
2.7E8
1000 30 10
2.875E7
2.25E7
3162 30 10
1.7E8
1.5E8
3162 30 10
1.7E8
1.8E8
1000 30 10
2.5E7
2.875E7
3162 30 10
1.6E8
2.1E8
3162 30 10
1.8E8
2.3E8
3162 30 10
1.8E8
2.3E8
3162 30 10
1.9E8
2.1E8
5623 30 10
4.0E8
4.7E8
5623 30 10
4.1E8
4.8E8
5623 30 10
4.2E8
4.8E8
5623 30 10
4.1E8
4.7E8
5623 30 10
4.2E8
4.9E8
5623 30 10
4.2E8
4.9E8
5623 30 10
4.2E8
4.6E8
5623 30 10
4.3E8
4.9E8
5623 30 10
4.1E8
5.0E8
5623 30 10
4.2E8
4.6E8
10000 30 10
1.05E9
1.63E9
10000 30 10
1.06E9
1.69E9
10000 30 10
1.05E9
1.83E9
10000 30 10
1.02E9
1.91E9
10000 30 10
1.05E9
1.97E9
10000 30 10
1.05E9
1.92E9
10000 30 10
1.03E9
1.87E9
10000 30 10
1.05E9
1.89E9
10000 30 10
1.05E9
1.97E9
10000 30 10
1.07E9
1.59E9
17782 30 10
2.59E9
5.01E9
17782 30 10
2.58E9
5.29E9
17782 30 10
2.62E9
5.33E9
17782 30 10
2.6E9
5.67E9
17782 30 10
2.55E9
5.82E9
17782 30 10
2.59E9
5.68E9
17782 30 10
2.61E9
5.78E9
17782 30 10
2.65E9
5.99E9
17782 30 10
2.59E9
6.3E9
17782 30 10
2.6E9
6.29E9
31622 30 10
6.73E9
1.798E10
31622 30 10
6.7E9
1.979E10
31622 30 10
6.78E9
2.044E10
31622 30 10
6.54E9
2.118E10
31622 30 10
6.66E9
2.164E10
31622 30 10
6.89E9
2.097E10
31622 30 10
6.84E9
2.15E10
31622 30 10
6.71E9
2.204E10
31622 30 10
6.81E9
2.164E10
31622 30 10
6.67E9
2.278E10
56234 30 10
1.644E10
6.29E10
56234 30 10
1.632E10
6.664E10
56234 30 10
1.639E10
6.661E10
56234 30 10
1.809E10
6.423E10
56234 30 10
1.618E10
6.656E10
56234 30 10
1.599E10
6.747E10
56234 30 10
1.635E10
6.801E10
56234 30 10
1.643E10
7.13E10
56234 30 10
1.664E10
7.087E10
56234 30 10
1.888E10
6.97E10
100000 30 10
3.897E10
1.6877E11
100000 30 10
3.902E10
1.7165E11
100000 30 10
3.92E10
1.7384E11
100000 30 10
3.85E10
1.7731E11
100000 30 10
4.111E10
1.8072E11
100000 30 10
3.878E10
1.7974E11
100000 30 10
4.012E10
1.839E11
100000 30 10
4.915E10
1.7222E11
100000 30 10
3.916E10
1.8059E11
100000 30 10
4.456E10
1.732E11
