316 6 2
3437500.0
3437500.0
316 6 2
3437500.0
3437500.0
100 6 2
546875.0
468750.0
100 6 2
546875.0
429687.5
100 6 2
546875.0
468750.0
316 6 2
3437500.0
4062500.0
316 6 2
3437500.0
3437500.0
100 6 2
507812.5
429687.5
100 6 2
546875.0
429687.5
100 6 2
546875.0
429687.5
177 6 2
1328125.0
1250000.0
562 6 2
8125000.0
1.0E7
316 6 2
3437500.0
3437500.0
177 6 2
1328125.0
1093750.0
177 6 2
1406250.0
1171875.0
316 6 2
3125000.0
3437500.0
316 6 2
3281250.0
3437500.0
177 6 2
1328125.0
1015625.0
177 6 2
1250000.0
1093750.0
177 6 2
1328125.0
1015625.0
316 6 2
3437500.0
3593750.0
177 6 2
1328125.0
1093750.0
177 6 2
1328125.0
1171875.0
100 6 2
546875.0
390625.0
100 6 2
546875.0
410156.25
100 6 2
507812.5
410156.25
177 6 2
1250000.0
1093750.0
177 6 2
1328125.0
1093750.0
100 6 2
546875.0
390625.0
562 6 2
8125000.0
8750000.0
316 6 2
2968750.0
3125000.0
316 6 2
3281250.0
3125000.0
562 6 2
7500000.0
1.0625E7
562 6 2
8125000.0
1.0E7
1000 6 2
1.875E7
6.5E7
562 6 2
8750000.0
1.5E7
1000 6 2
1.875E7
7.5E7
1000 6 2
1.875E7
6.0E7
562 6 2
8125000.0
1.1875E7
562 6 2
8125000.0
1.125E7
1778 6 2
4.25E7
1.1E8
562 6 2
8125000.0
9375000.0
1000 6 2
1.875E7
2.75E7
1778 6 2
4.75E7
1.3E8
1778 6 2
4.75E7
1.2E8
1000 6 2
1.875E7
3.5E7
1778 6 2
4.75E7
1.2E8
1778 6 2
4.75E7
1.1E8
562 6 2
8125000.0
1.1875E7
1000 6 2
1.875E7
3.5E7
1000 6 2
1.875E7
3.0E7
562 6 2
8125000.0
1.6875E7
1000 6 2
2.0E7
3.5E7
1778 6 2
4.75E7
1.5E8
1778 6 2
4.75E7
1.5E8
1000 6 2
1.875E7
3.5E7
1778 6 2
4.5E7
1.8E8
1000 6 2
2.0E7
3.25E7
3162 6 2
1.2E8
3.4E8
1778 6 2
4.75E7
9.0E7
1778 6 2
4.5E7
9.0E7
3162 6 2
1.1E8
3.4E8
3162 6 2
1.1E8
3.6E8
3162 6 2
1.1E8
4.1E8
3162 6 2
1.3E8
2.6E8
3162 6 2
1.1E8
3.3E8
3162 6 2
1.1E8
3.1E8
3162 6 2
1.1E8
3.2E8
3162 6 2
1.2E8
3.2E8
3162 6 2
1.1E8
3.2E8
5623 6 2
2.5E8
8.8E8
5623 6 2
2.4E8
1.02E9
5623 6 2
2.5E8
9.6E8
5623 6 2
2.5E8
1.09E9
5623 6 2
2.6E8
1.2E9
5623 6 2
2.6E8
1.2E9
5623 6 2
2.6E8
1.2E9
5623 6 2
2.6E8
1.21E9
5623 6 2
2.6E8
1.29E9
5623 6 2
2.6E8
1.37E9
10000 6 2
6.2E8
3.31E9
10000 6 2
5.6E8
3.52E9
10000 6 2
6.6E8
3.76E9
10000 6 2
6.2E8
3.72E9
10000 6 2
5.9E8
3.93E9
10000 6 2
6.4E8
3.79E9
10000 6 2
6.7E8
4.17E9
10000 6 2
5.8E8
4.49E9
10000 6 2
6.5E8
4.72E9
10000 6 2
6.6E8
5.41E9
17782 6 2
1.33E9
1.136E10
17782 6 2
1.39E9
1.27E10
17782 6 2
1.43E9
1.328E10
17782 6 2
1.54E9
1.306E10
17782 6 2
1.36E9
1.314E10
17782 6 2
1.37E9
1.486E10
17782 6 2
1.56E9
1.391E10
17782 6 2
1.43E9
1.518E10
17782 6 2
1.75E9
1.496E10
17782 6 2
1.65E9
1.505E10
31622 6 2
3.43E9
5.073E10
31622 6 2
3.55E9
5.715E10
31622 6 2
3.49E9
5.887E10
31622 6 2
2.97E9
6.178E10
31622 6 2
2.96E9
6.184E10
31622 6 2
3.63E9
6.202E10
31622 6 2
4.04E9
6.363E10
31622 6 2
3.74E9
6.48E10
31622 6 2
3.2E9
6.423E10
31622 6 2
3.45E9
6.568E10
56234 6 2
7.15E9
1.6224E11
56234 6 2
6.68E9
1.6423E11
56234 6 2
7.39E9
1.6271E11
56234 6 2
7.21E9
1.6206E11
56234 6 2
7.21E9
1.644E11
56234 6 2
7.38E9
1.6883E11
56234 6 2
6.9E9
1.6925E11
56234 6 2
6.69E9
1.6698E11
56234 6 2
6.67E9
1.6938E11
56234 6 2
6.63E9
1.6913E11
100000 6 2
1.47E10
4.2626E11
100000 6 2
1.634E10
4.2341E11
100000 6 2
1.537E10
4.2558E11
100000 6 2
1.562E10
4.4598E11
100000 6 2
1.604E10
4.4875E11
100000 6 2
1.511E10
4.4206E11
100000 6 2
1.509E10
4.4496E11
100000 6 2
1.607E10
4.5209E11
100000 6 2
1.472E10
4.5603E11
100000 6 2
1.462E10
4.5652E11
