316 20 10
4062500.0
3437500.0
177 20 10
1718750.0
1328125.0
100 20 10
546875.0
585937.5
562 20 10
1.0E7
8125000.0
100 20 10
546875.0
585937.5
100 20 10
585937.5
585937.5
100 20 10
585937.5
625000.0
100 20 10
625000.0
585937.5
100 20 10
546875.0
625000.0
100 20 10
546875.0
585937.5
562 20 10
1.0E7
8125000.0
100 20 10
585937.5
625000.0
100 20 10
585937.5
546875.0
100 20 10
625000.0
546875.0
316 20 10
3750000.0
3281250.0
316 20 10
3750000.0
3125000.0
316 20 10
3750000.0
3281250.0
316 20 10
3750000.0
3125000.0
316 20 10
3750000.0
3125000.0
316 20 10
4062500.0
3281250.0
316 20 10
4062500.0
3125000.0
177 20 10
1406250.0
1406250.0
177 20 10
1484375.0
1328125.0
177 20 10
1406250.0
1328125.0
177 20 10
1484375.0
1250000.0
316 20 10
3750000.0
3125000.0
177 20 10
1562500.0
1328125.0
177 20 10
1406250.0
1328125.0
177 20 10
1484375.0
1328125.0
316 20 10
3750000.0
3125000.0
177 20 10
1484375.0
1328125.0
177 20 10
1562500.0
1250000.0
562 20 10
1.0E7
8750000.0
1778 20 10
6.0E7
7.0E7
1778 20 10
6.5E7
7.0E7
1778 20 10
6.0E7
7.0E7
1778 20 10
6.0E7
6.5E7
1778 20 10
6.0E7
7.5E7
562 20 10
1.0E7
9375000.0
1778 20 10
6.0E7
7.5E7
562 20 10
9375000.0
9375000.0
562 20 10
9375000.0
1.1875E7
1778 20 10
6.0E7
8.0E7
562 20 10
1.0E7
8750000.0
1000 20 10
2.75E7
2.625E7
1000 20 10
2.5E7
2.75E7
1778 20 10
6.5E7
9.0E7
562 20 10
1.0E7
1.125E7
562 20 10
1.0625E7
8750000.0
562 20 10
9375000.0
1.125E7
1778 20 10
6.0E7
8.5E7
1778 20 10
7.0E7
8.0E7
3162 20 10
1.6E8
2.1E8
3162 20 10
1.6E8
2.2E8
3162 20 10
1.6E8
2.4E8
3162 20 10
1.6E8
2.3E8
1000 20 10
2.375E7
1.875E7
1000 20 10
2.5E7
2.125E7
1000 20 10
2.5E7
2.125E7
1000 20 10
2.5E7
2.125E7
1000 20 10
2.375E7
2.125E7
1000 20 10
2.5E7
2.125E7
1000 20 10
2.5E7
2.125E7
1000 20 10
2.5E7
2.0E7
3162 20 10
1.6E8
1.7E8
3162 20 10
1.6E8
1.6E8
3162 20 10
1.5E8
1.6E8
3162 20 10
1.6E8
1.6E8
3162 20 10
1.5E8
1.5E8
3162 20 10
1.7E8
1.5E8
5623 20 10
3.9E8
5.1E8
5623 20 10
4.0E8
5.0E8
5623 20 10
3.9E8
4.9E8
5623 20 10
3.9E8
5.1E8
5623 20 10
4.1E8
5.3E8
5623 20 10
4.1E8
5.3E8
5623 20 10
3.9E8
5.3E8
5623 20 10
4.1E8
5.4E8
5623 20 10
4.0E8
5.2E8
5623 20 10
4.1E8
5.0E8
10000 20 10
1.06E9
1.85E9
10000 20 10
1.05E9
2.0E9
10000 20 10
1.06E9
1.92E9
10000 20 10
1.02E9
1.74E9
10000 20 10
1.05E9
2.23E9
10000 20 10
1.02E9
2.21E9
10000 20 10
1.03E9
2.52E9
10000 20 10
1.02E9
2.16E9
10000 20 10
1.0E9
2.49E9
10000 20 10
1.0E9
2.49E9
17782 20 10
2.58E9
6.27E9
17782 20 10
2.56E9
6.33E9
17782 20 10
2.77E9
6.32E9
17782 20 10
2.64E9
6.77E9
17782 20 10
2.74E9
6.25E9
17782 20 10
2.67E9
7.46E9
17782 20 10
2.59E9
7.58E9
17782 20 10
2.75E9
8.08E9
17782 20 10
2.7E9
7.86E9
17782 20 10
2.68E9
7.67E9
31622 20 10
6.26E9
2.166E10
31622 20 10
6.25E9
2.215E10
31622 20 10
6.61E9
2.26E10
31622 20 10
6.29E9
2.355E10
31622 20 10
6.34E9
2.336E10
31622 20 10
6.21E9
2.39E10
31622 20 10
6.32E9
2.397E10
31622 20 10
6.46E9
2.54E10
31622 20 10
6.64E9
2.47E10
31622 20 10
6.43E9
2.542E10
56234 20 10
1.552E10
7.38E10
56234 20 10
1.585E10
7.218E10
56234 20 10
1.584E10
7.648E10
56234 20 10
1.579E10
7.882E10
56234 20 10
1.612E10
7.538E10
56234 20 10
1.582E10
7.649E10
56234 20 10
1.544E10
7.885E10
56234 20 10
1.58E10
7.828E10
56234 20 10
1.627E10
8.083E10
56234 20 10
1.57E10
8.116E10
100000 20 10
3.926E10
1.9241E11
100000 20 10
3.69E10
1.9825E11
100000 20 10
3.709E10
2.004E11
100000 20 10
3.881E10
2.0511E11
100000 20 10
3.73E10
2.0477E11
100000 20 10
3.688E10
2.0368E11
100000 20 10
3.736E10
2.0584E11
100000 20 10
3.617E10
2.0866E11
100000 20 10
3.72E10
2.1309E11
100000 20 10
3.751E10
2.1087E11
