316 6 10
3437500.0
3437500.0
100 6 10
546875.0
429687.5
100 6 10
546875.0
468750.0
177 6 10
1250000.0
1093750.0
100 6 10
546875.0
371093.75
177 6 10
1328125.0
1250000.0
177 6 10
1250000.0
1093750.0
316 6 10
3437500.0
3281250.0
316 6 10
3437500.0
3437500.0
177 6 10
1250000.0
1171875.0
562 6 10
8125000.0
1.0E7
562 6 10
7500000.0
9375000.0
177 6 10
1328125.0
1171875.0
100 6 10
507812.5
351562.5
100 6 10
546875.0
371093.75
177 6 10
1250000.0
1250000.0
177 6 10
1328125.0
1171875.0
177 6 10
1328125.0
1093750.0
100 6 10
546875.0
390625.0
177 6 10
1328125.0
1171875.0
316 6 10
3437500.0
3593750.0
316 6 10
3437500.0
3125000.0
316 6 10
3281250.0
3437500.0
100 6 10
468750.0
410156.25
177 6 10
1406250.0
1171875.0
100 6 10
507812.5
390625.0
316 6 10
3281250.0
3437500.0
100 6 10
507812.5
410156.25
100 6 10
507812.5
410156.25
316 6 10
3437500.0
3437500.0
316 6 10
3281250.0
2968750.0
316 6 10
3125000.0
3125000.0
562 6 10
8125000.0
9375000.0
562 6 10
8125000.0
9375000.0
562 6 10
8125000.0
9375000.0
1778 6 10
4.5E7
1.1E8
1000 6 10
2.0E7
3.0E7
562 6 10
7500000.0
9375000.0
1778 6 10
4.75E7
1.2E8
562 6 10
8125000.0
9375000.0
1000 6 10
2.0E7
3.5E7
562 6 10
8125000.0
1.0625E7
1000 6 10
2.0E7
4.0E7
1000 6 10
1.875E7
3.25E7
562 6 10
8125000.0
1.125E7
1000 6 10
2.0E7
3.5E7
1000 6 10
2.0E7
3.75E7
1000 6 10
2.0E7
3.25E7
1778 6 10
4.75E7
1.8E8
562 6 10
8125000.0
1.5E7
1778 6 10
4.75E7
1.9E8
1778 6 10
4.75E7
2.0E8
1000 6 10
1.875E7
4.0E7
1778 6 10
4.75E7
1.9E8
1000 6 10
2.0E7
3.0E7
1000 6 10
2.0E7
5.0E7
1778 6 10
4.5E7
9.0E7
3162 6 10
1.1E8
3.5E8
1778 6 10
4.5E7
9.5E7
1778 6 10
4.75E7
9.5E7
1778 6 10
4.75E7
8.5E7
3162 6 10
1.1E8
3.2E8
3162 6 10
1.15E8
2.7E8
3162 6 10
1.1E8
3.5E8
3162 6 10
1.8E8
2.8E8
3162 6 10
1.2E8
2.6E8
3162 6 10
1.1E8
2.6E8
3162 6 10
1.2E8
2.7E8
3162 6 10
1.1E8
2.7E8
3162 6 10
1.1E8
2.7E8
5623 6 10
2.5E8
9.8E8
5623 6 10
2.5E8
8.7E8
5623 6 10
2.5E8
1.01E9
5623 6 10
2.4E8
9.4E8
5623 6 10
2.4E8
1.12E9
5623 6 10
2.5E8
1.14E9
5623 6 10
2.5E8
1.06E9
5623 6 10
2.6E8
9.5E8
5623 6 10
2.4E8
1.18E9
5623 6 10
2.6E8
1.34E9
10000 6 10
5.8E8
3.04E9
10000 6 10
5.9E8
3.7E9
10000 6 10
5.7E8
3.62E9
10000 6 10
5.8E8
4.03E9
10000 6 10
5.7E8
4.25E9
10000 6 10
5.9E8
4.27E9
10000 6 10
5.7E8
4.72E9
10000 6 10
5.9E8
4.66E9
10000 6 10
5.8E8
4.78E9
10000 6 10
5.6E8
5.34E9
17782 6 10
1.35E9
1.201E10
17782 6 10
1.33E9
1.262E10
17782 6 10
1.49E9
1.255E10
17782 6 10
1.3E9
1.291E10
17782 6 10
1.47E9
1.364E10
17782 6 10
1.35E9
1.353E10
17782 6 10
1.48E9
1.351E10
17782 6 10
1.34E9
1.396E10
17782 6 10
1.56E9
1.46E10
17782 6 10
1.78E9
1.449E10
31622 6 10
3.49E9
4.642E10
31622 6 10
2.97E9
4.79E10
31622 6 10
3.25E9
4.951E10
31622 6 10
3.18E9
5.038E10
31622 6 10
3.42E9
5.207E10
31622 6 10
3.08E9
5.139E10
31622 6 10
3.01E9
5.187E10
31622 6 10
3.26E9
5.363E10
31622 6 10
2.89E9
5.338E10
31622 6 10
2.93E9
5.41E10
56234 6 10
7.58E9
1.523E11
56234 6 10
6.94E9
1.4899E11
56234 6 10
6.9E9
1.4861E11
56234 6 10
6.91E9
1.5097E11
56234 6 10
7.08E9
1.5204E11
56234 6 10
7.1E9
1.5145E11
56234 6 10
7.14E9
1.5771E11
56234 6 10
7.5E9
1.5757E11
56234 6 10
6.86E9
1.6185E11
56234 6 10
9.01E9
1.5615E11
100000 6 10
1.596E10
3.8923E11
100000 6 10
1.789E10
3.9402E11
100000 6 10
1.693E10
4.1207E11
100000 6 10
1.521E10
4.1487E11
100000 6 10
1.625E10
4.3106E11
100000 6 10
1.557E10
4.2149E11
100000 6 10
1.747E10
4.2134E11
100000 6 10
1.529E10
4.2542E11
100000 6 10
1.507E10
4.3091E11
100000 6 10
1.513E10
4.3008E11
