100 5 1
468750.0
468750.0
100 5 1
468750.0
429687.5
100 5 1
468750.0
468750.0
177 5 1
1093750.0
1171875.0
177 5 1
1093750.0
1171875.0
177 5 1
1093750.0
1171875.0
316 5 1
2656250.0
3750000.0
177 5 1
1171875.0
1093750.0
316 5 1
2656250.0
3437500.0
177 5 1
1171875.0
1093750.0
100 5 1
468750.0
390625.0
177 5 1
1250000.0
1093750.0
316 5 1
2656250.0
4062500.0
177 5 1
1171875.0
1171875.0
316 5 1
2656250.0
3750000.0
177 5 1
1093750.0
1171875.0
100 5 1
429687.5
410156.25
100 5 1
507812.5
410156.25
177 5 1
1171875.0
1093750.0
100 5 1
468750.0
449218.75
316 5 1
2656250.0
4062500.0
316 5 1
2812500.0
3750000.0
316 5 1
2968750.0
4062500.0
316 5 1
2656250.0
3750000.0
100 5 1
468750.0
410156.25
100 5 1
468750.0
390625.0
177 5 1
1171875.0
1093750.0
100 5 1
468750.0
410156.25
562 5 1
6562500.0
1.0E7
562 5 1
6875000.0
1.0625E7
316 5 1
2812500.0
3281250.0
316 5 1
2968750.0
3437500.0
1778 5 1
3.5E7
1.1E8
1778 5 1
3.75E7
1.1E8
1778 5 1
3.5E7
1.2E8
1778 5 1
3.25E7
1.2E8
1778 5 1
3.5E7
1.3E8
1778 5 1
3.5E7
1.2E8
562 5 1
6875000.0
1.125E7
1000 5 1
1.5E7
3.0E7
562 5 1
6250000.0
1.5E7
1000 5 1
1.375E7
3.25E7
1778 5 1
3.75E7
1.1E8
1778 5 1
3.5E7
1.3E8
1000 5 1
1.5E7
4.5E7
1000 5 1
1.625E7
4.25E7
1000 5 1
1.5E7
3.75E7
1778 5 1
3.25E7
1.2E8
1000 5 1
1.5E7
4.0E7
1000 5 1
1.375E7
4.25E7
1000 5 1
1.5E7
3.0E7
562 5 1
6875000.0
1.0625E7
1000 5 1
1.375E7
3.5E7
562 5 1
6875000.0
1.125E7
1000 5 1
1.5E7
3.5E7
562 5 1
6875000.0
1.25E7
562 5 1
6562500.0
1.0E7
1778 5 1
3.75E7
1.0E8
562 5 1
6562500.0
1.0625E7
562 5 1
6875000.0
1.0E7
3162 5 1
8.5E7
3.1E8
3162 5 1
8.5E7
3.1E8
3162 5 1
8.0E7
3.6E8
3162 5 1
7.5E7
3.3E8
3162 5 1
8.0E7
3.8E8
3162 5 1
7.5E7
3.6E8
3162 5 1
8.0E7
3.8E8
3162 5 1
8.0E7
3.8E8
3162 5 1
7.5E7
4.0E8
3162 5 1
8.0E7
3.4E8
5623 5 1
1.9E8
1.16E9
5623 5 1
1.8E8
1.16E9
5623 5 1
1.8E8
1.2E9
5623 5 1
1.9E8
1.19E9
5623 5 1
1.8E8
1.25E9
5623 5 1
1.8E8
1.25E9
5623 5 1
1.8E8
1.31E9
5623 5 1
1.8E8
1.23E9
5623 5 1
1.9E8
1.59E9
5623 5 1
1.9E8
1.56E9
10000 5 1
4.1E8
3.94E9
10000 5 1
4.5E8
4.06E9
10000 5 1
4.3E8
4.06E9
10000 5 1
4.3E8
4.22E9
10000 5 1
4.7E8
4.49E9
10000 5 1
4.2E8
4.55E9
10000 5 1
4.6E8
4.59E9
10000 5 1
4.8E8
5.11E9
10000 5 1
4.8E8
5.14E9
10000 5 1
4.7E8
5.38E9
17782 5 1
9.6E8
1.511E10
17782 5 1
9.7E8
1.499E10
17782 5 1
9.9E8
1.568E10
17782 5 1
9.8E8
1.514E10
17782 5 1
9.4E8
1.531E10
17782 5 1
8.6E8
1.585E10
17782 5 1
9.5E8
1.49E10
17782 5 1
1.2E9
1.59E10
17782 5 1
9.9E8
1.671E10
17782 5 1
1.15E9
1.75E10
31622 5 1
2.06E9
5.918E10
31622 5 1
1.98E9
6.2E10
31622 5 1
2.21E9
6.522E10
31622 5 1
1.96E9
6.671E10
31622 5 1
2.09E9
6.641E10
31622 5 1
2.56E9
6.873E10
31622 5 1
2.03E9
6.829E10
31622 5 1
2.08E9
6.956E10
31622 5 1
2.49E9
7.328E10
31622 5 1
2.07E9
7.512E10
56234 5 1
5.23E9
1.8718E11
56234 5 1
5.61E9
1.8749E11
56234 5 1
5.11E9
1.914E11
56234 5 1
5.6E9
1.9101E11
56234 5 1
5.43E9
1.9373E11
56234 5 1
5.09E9
1.9557E11
56234 5 1
5.21E9
1.9893E11
56234 5 1
5.17E9
1.9926E11
56234 5 1
4.62E9
2.0129E11
56234 5 1
5.1E9
2.0453E11
100000 5 1
9.96E9
4.8705E11
100000 5 1
1.118E10
4.9233E11
100000 5 1
1.077E10
4.9811E11
100000 5 1
9.53E9
5.1064E11
100000 5 1
9.75E9
5.0943E11
100000 5 1
9.33E9
5.105E11
100000 5 1
1.092E10
5.2254E11
100000 5 1
1.082E10
5.2197E11
100000 5 1
9.64E9
5.2085E11
100000 5 1
1.0E10
5.2186E11
