316 7 5
3437500.0
3437500.0
316 7 5
3437500.0
4062500.0
316 7 5
3437500.0
3437500.0
100 7 5
546875.0
429687.5
100 7 5
507812.5
468750.0
316 7 5
3437500.0
3750000.0
177 7 5
1328125.0
1718750.0
100 7 5
507812.5
468750.0
100 7 5
546875.0
429687.5
100 7 5
546875.0
429687.5
316 7 5
3437500.0
3593750.0
316 7 5
3281250.0
3437500.0
316 7 5
3437500.0
3593750.0
177 7 5
1328125.0
1171875.0
562 7 5
8125000.0
8125000.0
100 7 5
507812.5
371093.75
177 7 5
1406250.0
1171875.0
100 7 5
507812.5
410156.25
316 7 5
3750000.0
3125000.0
316 7 5
3437500.0
3437500.0
100 7 5
546875.0
429687.5
100 7 5
546875.0
371093.75
177 7 5
1406250.0
937500.0
177 7 5
1328125.0
1015625.0
562 7 5
9375000.0
9375000.0
177 7 5
1406250.0
1015625.0
177 7 5
1406250.0
1093750.0
177 7 5
1328125.0
1093750.0
100 7 5
546875.0
351562.5
177 7 5
1250000.0
1015625.0
177 7 5
1406250.0
1015625.0
316 7 5
3437500.0
2968750.0
562 7 5
8750000.0
1.625E7
1778 7 5
5.5E7
1.1E8
1778 7 5
5.5E7
1.6E8
1000 7 5
2.25E7
6.0E7
562 7 5
8125000.0
1.1875E7
562 7 5
8125000.0
1.375E7
562 7 5
8125000.0
1.375E7
1000 7 5
2.125E7
6.5E7
1000 7 5
2.25E7
6.0E7
1000 7 5
2.625E7
1.5E8
1000 7 5
2.5E7
1.7E8
562 7 5
8750000.0
1.0625E7
1778 7 5
5.5E7
9.0E7
562 7 5
8750000.0
1.5E7
562 7 5
8750000.0
1.625E7
1778 7 5
5.5E7
1.3E8
1778 7 5
6.25E7
1.2E8
1000 7 5
2.25E7
2.75E7
1778 7 5
6.0E7
1.2E8
1000 7 5
2.25E7
3.0E7
562 7 5
8750000.0
1.375E7
1778 7 5
5.5E7
1.15E8
1000 7 5
2.25E7
3.25E7
1778 7 5
5.5E7
1.35E8
1778 7 5
5.5E7
1.35E8
3162 7 5
1.3E8
2.8E8
3162 7 5
1.3E8
3.8E8
3162 7 5
1.4E8
3.1E8
1778 7 5
8.25E7
8.5E7
3162 7 5
1.4E8
3.4E8
1000 7 5
2.25E7
2.625E7
3162 7 5
1.4E8
2.9E8
3162 7 5
1.3E8
2.5E8
1000 7 5
2.375E7
2.5E7
3162 7 5
1.3E8
2.4E8
3162 7 5
1.4E8
2.3E8
3162 7 5
1.4E8
2.7E8
3162 7 5
1.4E8
2.4E8
5623 7 5
3.1E8
9.0E8
5623 7 5
3.1E8
8.4E8
5623 7 5
3.1E8
1.01E9
5623 7 5
3.0E8
1.16E9
5623 7 5
3.2E8
1.13E9
5623 7 5
3.2E8
1.09E9
5623 7 5
3.2E8
1.47E9
5623 7 5
3.0E8
1.38E9
5623 7 5
3.1E8
1.29E9
5623 7 5
3.2E8
1.66E9
10000 7 5
7.6E8
3.81E9
10000 7 5
7.4E8
4.09E9
10000 7 5
7.8E8
4.53E9
10000 7 5
7.6E8
4.28E9
10000 7 5
8.3E8
4.49E9
10000 7 5
7.8E8
5.4E9
10000 7 5
7.4E8
5.05E9
10000 7 5
8.0E8
6.43E9
10000 7 5
7.7E8
7.35E9
10000 7 5
7.5E8
8.37E9
17782 7 5
1.78E9
1.073E10
17782 7 5
2.04E9
1.141E10
17782 7 5
2.11E9
1.081E10
17782 7 5
2.09E9
1.219E10
17782 7 5
2.0E9
1.372E10
17782 7 5
1.86E9
1.429E10
17782 7 5
2.14E9
1.461E10
17782 7 5
1.89E9
1.728E10
17782 7 5
1.94E9
1.813E10
17782 7 5
1.9E9
1.885E10
31622 7 5
4.39E9
4.378E10
31622 7 5
4.81E9
4.502E10
31622 7 5
4.96E9
4.441E10
31622 7 5
4.6E9
4.464E10
31622 7 5
4.72E9
4.703E10
31622 7 5
4.94E9
4.862E10
31622 7 5
4.95E9
4.88E10
31622 7 5
4.56E9
5.016E10
31622 7 5
4.45E9
5.287E10
31622 7 5
5.28E9
5.229E10
56234 7 5
9.64E9
1.3621E11
56234 7 5
1.049E10
1.4064E11
56234 7 5
1.02E10
1.4562E11
56234 7 5
1.153E10
1.4654E11
56234 7 5
9.36E9
1.5215E11
56234 7 5
9.38E9
1.5516E11
56234 7 5
1.693E10
1.4976E11
56234 7 5
1.046E10
1.6068E11
56234 7 5
9.95E9
1.7162E11
56234 7 5
9.83E9
1.7594E11
100000 7 5
2.273E10
3.722E11
100000 7 5
2.153E10
3.76E11
100000 7 5
2.131E10
3.8984E11
100000 7 5
2.17E10
3.8989E11
100000 7 5
2.29E10
4.082E11
100000 7 5
2.28E10
3.9831E11
100000 7 5
2.146E10
4.0808E11
100000 7 5
2.209E10
4.0756E11
100000 7 5
2.154E10
4.1306E11
100000 7 5
2.237E10
4.1386E11
