316 8 3
3750000.0
3437500.0
100 8 3
468750.0
429687.5
100 8 3
546875.0
429687.5
562 8 3
8125000.0
9375000.0
316 8 3
3437500.0
3125000.0
177 8 3
1328125.0
1015625.0
316 8 3
3750000.0
2968750.0
177 8 3
1328125.0
1015625.0
316 8 3
3437500.0
2812500.0
316 8 3
3437500.0
3125000.0
316 8 3
3437500.0
3437500.0
177 8 3
1484375.0
1015625.0
177 8 3
1406250.0
1093750.0
177 8 3
1406250.0
1015625.0
177 8 3
1406250.0
1171875.0
177 8 3
1406250.0
1015625.0
177 8 3
1484375.0
1015625.0
100 8 3
546875.0
371093.75
177 8 3
1484375.0
1015625.0
100 8 3
507812.5
410156.25
100 8 3
546875.0
410156.25
316 8 3
3437500.0
2968750.0
177 8 3
1484375.0
1093750.0
100 8 3
546875.0
429687.5
100 8 3
585937.5
410156.25
100 8 3
585937.5
390625.0
562 8 3
9375000.0
8125000.0
316 8 3
3750000.0
3281250.0
316 8 3
3750000.0
2656250.0
316 8 3
3593750.0
2812500.0
100 8 3
546875.0
371093.75
100 8 3
585937.5
390625.0
562 8 3
8125000.0
8750000.0
562 8 3
9375000.0
8750000.0
562 8 3
8750000.0
1.0E7
1778 8 3
5.5E7
8.5E7
562 8 3
9375000.0
9375000.0
1778 8 3
5.5E7
8.0E7
1778 8 3
6.0E7
9.5E7
1778 8 3
6.0E7
9.0E7
1778 8 3
6.0E7
8.5E7
1778 8 3
5.5E7
8.5E7
1778 8 3
5.5E7
8.5E7
1778 8 3
5.5E7
9.0E7
562 8 3
9375000.0
9375000.0
562 8 3
8750000.0
9375000.0
1000 8 3
2.25E7
3.0E7
562 8 3
8750000.0
8125000.0
562 8 3
9375000.0
1.0625E7
1000 8 3
2.375E7
2.75E7
1778 8 3
5.5E7
8.5E7
1000 8 3
2.375E7
2.75E7
1000 8 3
2.25E7
3.0E7
1000 8 3
2.25E7
3.5E7
1778 8 3
5.5E7
1.0E8
3162 8 3
1.4E8
2.7E8
3162 8 3
1.3E8
2.7E8
1000 8 3
2.125E7
2.5E7
1000 8 3
2.25E7
2.5E7
3162 8 3
1.4E8
2.9E8
1000 8 3
2.25E7
2.5E7
3162 8 3
1.4E8
2.8E8
1000 8 3
2.25E7
2.75E7
1000 8 3
2.375E7
2.5E7
3162 8 3
1.4E8
2.3E8
3162 8 3
1.5E8
2.3E8
3162 8 3
1.5E8
2.3E8
3162 8 3
1.4E8
2.1E8
3162 8 3
1.5E8
2.1E8
3162 8 3
1.6E8
2.2E8
5623 8 3
3.3E8
7.1E8
5623 8 3
3.3E8
7.1E8
5623 8 3
3.5E8
7.6E8
5623 8 3
3.5E8
7.2E8
5623 8 3
3.4E8
7.1E8
5623 8 3
3.4E8
7.1E8
5623 8 3
3.3E8
7.0E8
5623 8 3
3.4E8
7.7E8
5623 8 3
3.4E8
7.6E8
5623 8 3
3.4E8
7.7E8
10000 8 3
8.1E8
2.38E9
10000 8 3
8.1E8
2.42E9
10000 8 3
8.0E8
2.5E9
10000 8 3
8.1E8
2.59E9
10000 8 3
8.5E8
2.4E9
10000 8 3
8.2E8
2.42E9
10000 8 3
8.4E8
2.53E9
10000 8 3
8.1E8
2.51E9
10000 8 3
8.1E8
2.44E9
10000 8 3
8.1E8
2.97E9
17782 8 3
2.12E9
8.39E9
17782 8 3
1.93E9
8.65E9
17782 8 3
1.94E9
9.02E9
17782 8 3
2.16E9
9.11E9
17782 8 3
2.15E9
9.18E9
17782 8 3
1.98E9
9.38E9
17782 8 3
1.89E9
9.45E9
17782 8 3
1.96E9
9.19E9
17782 8 3
2.07E9
9.43E9
17782 8 3
2.04E9
9.41E9
31622 8 3
4.68E9
3.398E10
31622 8 3
4.77E9
3.613E10
31622 8 3
4.62E9
3.584E10
31622 8 3
5.16E9
3.727E10
31622 8 3
4.72E9
3.81E10
31622 8 3
4.74E9
3.808E10
31622 8 3
4.63E9
3.845E10
31622 8 3
4.97E9
3.831E10
31622 8 3
4.77E9
4.001E10
31622 8 3
4.81E9
4.042E10
56234 8 3
1.143E10
1.2179E11
56234 8 3
1.272E10
1.2503E11
56234 8 3
1.123E10
1.2959E11
56234 8 3
1.177E10
1.3264E11
56234 8 3
1.147E10
1.324E11
56234 8 3
1.135E10
1.339E11
56234 8 3
1.121E10
1.3412E11
56234 8 3
1.122E10
1.333E11
56234 8 3
1.161E10
1.3509E11
56234 8 3
1.294E10
1.3514E11
100000 8 3
2.723E10
3.3383E11
100000 8 3
2.737E10
3.2997E11
100000 8 3
2.594E10
3.3659E11
100000 8 3
2.652E10
3.4809E11
100000 8 3
2.66E10
3.4883E11
100000 8 3
2.643E10
3.5196E11
100000 8 3
2.667E10
3.7628E11
100000 8 3
2.942E10
3.6274E11
100000 8 3
2.712E10
3.7288E11
100000 8 3
3.104E10
3.6565E11
