316 20 2
3437500.0
3437500.0
316 20 2
3750000.0
3437500.0
316 20 2
4062500.0
3437500.0
316 20 2
4062500.0
3437500.0
100 20 2
625000.0
625000.0
100 20 2
585937.5
625000.0
316 20 2
4062500.0
3437500.0
100 20 2
546875.0
585937.5
100 20 2
625000.0
585937.5
100 20 2
546875.0
625000.0
100 20 2
625000.0
664062.5
100 20 2
546875.0
585937.5
562 20 2
9375000.0
8125000.0
100 20 2
585937.5
585937.5
316 20 2
3437500.0
3281250.0
316 20 2
4062500.0
3281250.0
316 20 2
3750000.0
3281250.0
100 20 2
625000.0
585937.5
316 20 2
3750000.0
3281250.0
177 20 2
1484375.0
1328125.0
177 20 2
1406250.0
1328125.0
177 20 2
1328125.0
1328125.0
562 20 2
1.0E7
8750000.0
177 20 2
1328125.0
1406250.0
316 20 2
4062500.0
3125000.0
177 20 2
1484375.0
1250000.0
177 20 2
1406250.0
1406250.0
177 20 2
1562500.0
1328125.0
100 20 2
585937.5
585937.5
177 20 2
1484375.0
1250000.0
177 20 2
1484375.0
1406250.0
177 20 2
1562500.0
1328125.0
562 20 2
1.0E7
8750000.0
562 20 2
9375000.0
8125000.0
562 20 2
1.0E7
9375000.0
562 20 2
1.0E7
1.0625E7
1778 20 2
6.0E7
7.0E7
1778 20 2
6.0E7
6.5E7
1778 20 2
6.5E7
8.0E7
562 20 2
9375000.0
9375000.0
1778 20 2
6.0E7
8.0E7
1778 20 2
6.0E7
8.0E7
562 20 2
1.0E7
1.0E7
1778 20 2
6.0E7
7.5E7
1778 20 2
6.5E7
7.5E7
1778 20 2
6.5E7
6.5E7
562 20 2
1.0E7
1.0E7
562 20 2
1.0E7
1.0E7
1778 20 2
6.0E7
8.5E7
1000 20 2
2.375E7
2.75E7
1778 20 2
6.5E7
7.5E7
1000 20 2
2.625E7
2.75E7
3162 20 2
1.5E8
1.9E8
3162 20 2
1.6E8
1.9E8
3162 20 2
1.6E8
2.1E8
3162 20 2
1.6E8
2.4E8
1000 20 2
2.625E7
2.0E7
1000 20 2
2.5E7
2.0E7
1000 20 2
2.625E7
2.0E7
1000 20 2
2.625E7
2.125E7
1000 20 2
2.5E7
2.0E7
1000 20 2
2.5E7
2.0E7
1000 20 2
2.5E7
2.0E7
1000 20 2
2.75E7
2.0E7
3162 20 2
1.7E8
1.6E8
3162 20 2
1.7E8
1.5E8
3162 20 2
1.7E8
1.5E8
3162 20 2
1.6E8
1.5E8
3162 20 2
1.7E8
1.5E8
3162 20 2
1.5E8
1.5E8
5623 20 2
4.0E8
4.6E8
5623 20 2
4.1E8
5.1E8
5623 20 2
4.0E8
5.2E8
5623 20 2
4.1E8
5.1E8
5623 20 2
4.1E8
5.3E8
5623 20 2
3.9E8
5.4E8
5623 20 2
4.0E8
5.4E8
5623 20 2
4.0E8
5.1E8
5623 20 2
3.9E8
5.6E8
5623 20 2
4.1E8
5.5E8
10000 20 2
9.9E8
1.73E9
10000 20 2
1.08E9
1.67E9
10000 20 2
9.9E8
1.77E9
10000 20 2
9.9E8
1.7E9
10000 20 2
9.9E8
1.74E9
10000 20 2
9.8E8
1.65E9
10000 20 2
1.01E9
1.5E9
10000 20 2
1.03E9
1.6E9
10000 20 2
1.01E9
1.63E9
10000 20 2
1.0E9
1.62E9
17782 20 2
2.56E9
5.25E9
17782 20 2
2.48E9
5.94E9
17782 20 2
2.59E9
5.69E9
17782 20 2
2.54E9
5.82E9
17782 20 2
2.63E9
5.89E9
17782 20 2
2.51E9
6.06E9
17782 20 2
2.52E9
5.93E9
17782 20 2
2.69E9
6.25E9
17782 20 2
2.72E9
5.94E9
17782 20 2
2.58E9
5.89E9
31622 20 2
6.07E9
2.151E10
31622 20 2
6.23E9
2.194E10
31622 20 2
5.98E9
2.28E10
31622 20 2
6.1E9
2.316E10
31622 20 2
6.04E9
2.351E10
31622 20 2
6.13E9
2.257E10
31622 20 2
6.23E9
2.441E10
31622 20 2
5.92E9
2.365E10
31622 20 2
6.48E9
2.333E10
31622 20 2
6.3E9
2.4E10
56234 20 2
1.518E10
6.876E10
56234 20 2
1.527E10
6.943E10
56234 20 2
1.553E10
7.094E10
56234 20 2
1.518E10
7.474E10
56234 20 2
1.502E10
7.815E10
56234 20 2
1.545E10
8.169E10
56234 20 2
1.533E10
8.412E10
56234 20 2
1.616E10
7.983E10
56234 20 2
1.752E10
8.123E10
56234 20 2
1.73E10
8.391E10
100000 20 2
4.687E10
1.8333E11
100000 20 2
4.028E10
1.9731E11
100000 20 2
3.705E10
1.9642E11
100000 20 2
3.749E10
1.979E11
100000 20 2
3.951E10
1.9843E11
100000 20 2
4.274E10
1.9465E11
100000 20 2
4.287E10
1.9541E11
100000 20 2
3.704E10
2.0169E11
100000 20 2
3.851E10
2.0945E11
100000 20 2
4.446E10
1.9678E11
