100 9 3
546875.0
429687.5
100 9 3
507812.5
429687.5
100 9 3
585937.5
429687.5
100 9 3
546875.0
429687.5
100 9 3
546875.0
429687.5
100 9 3
625000.0
468750.0
316 9 3
3750000.0
3750000.0
562 9 3
8125000.0
9375000.0
316 9 3
3437500.0
3125000.0
316 9 3
3437500.0
2968750.0
177 9 3
1406250.0
1093750.0
316 9 3
3437500.0
3125000.0
177 9 3
1250000.0
1171875.0
316 9 3
3437500.0
2968750.0
100 9 3
546875.0
371093.75
177 9 3
1328125.0
1093750.0
177 9 3
1406250.0
1171875.0
100 9 3
468750.0
390625.0
316 9 3
3437500.0
2812500.0
177 9 3
1484375.0
1171875.0
100 9 3
585937.5
449218.75
316 9 3
3750000.0
2968750.0
177 9 3
1328125.0
1015625.0
100 9 3
507812.5
449218.75
177 9 3
1484375.0
1015625.0
177 9 3
1406250.0
1015625.0
177 9 3
1484375.0
1015625.0
177 9 3
1484375.0
1171875.0
316 9 3
3437500.0
3125000.0
562 9 3
9375000.0
8125000.0
316 9 3
3750000.0
2812500.0
316 9 3
3437500.0
2812500.0
562 9 3
8125000.0
8750000.0
562 9 3
8750000.0
9375000.0
562 9 3
9375000.0
8750000.0
562 9 3
8750000.0
1.125E7
1778 9 3
6.0E7
1.2E8
1778 9 3
5.5E7
1.3E8
1000 9 3
2.25E7
5.5E7
562 9 3
8750000.0
1.5E7
1000 9 3
2.375E7
6.0E7
1000 9 3
2.125E7
5.5E7
1000 9 3
2.375E7
7.0E7
1000 9 3
2.375E7
6.5E7
1000 9 3
2.375E7
6.0E7
1000 9 3
2.125E7
7.0E7
1000 9 3
2.25E7
5.5E7
562 9 3
8750000.0
1.125E7
1000 9 3
2.375E7
2.75E7
1000 9 3
2.25E7
2.75E7
562 9 3
8750000.0
1.4375E7
1778 9 3
5.5E7
8.0E7
1778 9 3
6.0E7
1.2E8
1778 9 3
6.0E7
7.5E7
562 9 3
1.0E7
8750000.0
1778 9 3
5.5E7
1.3E8
1778 9 3
5.5E7
9.5E7
1778 9 3
6.0E7
9.0E7
1778 9 3
6.0E7
1.2E8
1778 9 3
6.0E7
1.15E8
3162 9 3
1.4E8
2.6E8
3162 9 3
1.4E8
2.6E8
3162 9 3
1.4E8
3.1E8
3162 9 3
1.5E8
2.9E8
3162 9 3
1.5E8
2.2E8
3162 9 3
1.7E8
2.2E8
3162 9 3
1.4E8
2.1E8
3162 9 3
1.5E8
2.1E8
3162 9 3
1.5E8
2.0E8
3162 9 3
1.4E8
2.0E8
5623 9 3
3.7E8
7.4E8
5623 9 3
3.5E8
7.6E8
5623 9 3
3.5E8
7.8E8
5623 9 3
3.6E8
7.2E8
5623 9 3
3.6E8
7.5E8
5623 9 3
3.5E8
7.8E8
5623 9 3
3.5E8
7.7E8
5623 9 3
3.5E8
7.7E8
5623 9 3
3.6E8
7.6E8
5623 9 3
3.6E8
7.9E8
10000 9 3
8.3E8
2.56E9
10000 9 3
8.8E8
2.55E9
10000 9 3
8.8E8
2.59E9
10000 9 3
8.9E8
2.62E9
10000 9 3
8.3E8
2.86E9
10000 9 3
8.5E8
3.06E9
10000 9 3
8.6E8
2.99E9
10000 9 3
8.8E8
3.04E9
10000 9 3
8.6E8
2.97E9
10000 9 3
9.4E8
3.04E9
17782 9 3
2.32E9
9.47E9
17782 9 3
2.13E9
1.012E10
17782 9 3
2.32E9
9.51E9
17782 9 3
2.17E9
9.07E9
17782 9 3
2.14E9
9.97E9
17782 9 3
2.34E9
9.57E9
17782 9 3
2.24E9
9.66E9
17782 9 3
2.16E9
9.83E9
17782 9 3
2.28E9
1.032E10
17782 9 3
2.3E9
1.02E10
31622 9 3
5.26E9
3.423E10
31622 9 3
5.29E9
3.442E10
31622 9 3
5.51E9
3.449E10
31622 9 3
5.33E9
3.491E10
31622 9 3
5.7E9
3.505E10
31622 9 3
5.29E9
3.599E10
31622 9 3
5.2E9
3.63E10
31622 9 3
5.22E9
3.645E10
31622 9 3
5.38E9
3.594E10
31622 9 3
5.25E9
3.59E10
56234 9 3
1.283E10
1.1665E11
56234 9 3
1.261E10
1.1838E11
56234 9 3
1.279E10
1.203E11
56234 9 3
1.241E10
1.207E11
56234 9 3
1.435E10
1.2186E11
56234 9 3
1.263E10
1.2359E11
56234 9 3
1.26E10
1.239E11
56234 9 3
1.262E10
1.2354E11
56234 9 3
1.258E10
1.2879E11
56234 9 3
1.311E10
1.3064E11
100000 9 3
3.131E10
3.3132E11
100000 9 3
3.002E10
3.2265E11
100000 9 3
3.039E10
3.267E11
100000 9 3
3.032E10
3.2681E11
100000 9 3
3.02E10
3.2865E11
100000 9 3
3.006E10
3.4142E11
100000 9 3
3.052E10
3.3185E11
100000 9 3
2.961E10
3.3943E11
100000 9 3
2.983E10
3.4073E11
100000 9 3
3.051E10
3.4393E11
