177 4 2
859375.0
1171875.0
316 4 2
2031250.0
3437500.0
316 4 2
2187500.0
3437500.0
316 4 2
1875000.0
3437500.0
316 4 2
1875000.0
3750000.0
316 4 2
1875000.0
3750000.0
177 4 2
859375.0
1250000.0
177 4 2
859375.0
1250000.0
177 4 2
859375.0
1093750.0
316 4 2
2031250.0
3437500.0
316 4 2
2031250.0
4062500.0
177 4 2
859375.0
1093750.0
177 4 2
859375.0
1171875.0
316 4 2
1875000.0
3750000.0
177 4 2
859375.0
1171875.0
177 4 2
859375.0
1328125.0
100 4 2
351562.5
429687.5
100 4 2
390625.0
429687.5
100 4 2
371093.75
429687.5
100 4 2
371093.75
429687.5
100 4 2
371093.75
468750.0
562 4 2
3750000.0
1.125E7
562 4 2
4062500.0
9375000.0
316 4 2
1875000.0
3437500.0
316 4 2
1875000.0
3437500.0
100 4 2
390625.0
371093.75
100 4 2
371093.75
410156.25
177 4 2
898437.5
1171875.0
100 4 2
390625.0
390625.0
100 4 2
390625.0
390625.0
177 4 2
898437.5
1171875.0
100 4 2
351562.5
332031.25
562 4 2
5000000.0
1.375E7
562 4 2
5000000.0
1.375E7
562 4 2
4687500.0
1.625E7
1000 4 2
1.0E7
2.75E7
562 4 2
5000000.0
1.375E7
1778 4 2
2.0E7
1.2E8
1000 4 2
9375000.0
3.75E7
1000 4 2
9375000.0
2.75E7
1778 4 2
2.75E7
1.3E8
562 4 2
5312500.0
1.625E7
562 4 2
5000000.0
1.625E7
1000 4 2
1.1875E7
5.5E7
1000 4 2
9375000.0
3.75E7
1778 4 2
3.5E7
1.4E8
562 4 2
4062500.0
1.125E7
1000 4 2
8750000.0
3.5E7
1000 4 2
1.0E7
3.75E7
1000 4 2
8750000.0
4.0E7
1778 4 2
2.125E7
1.2E8
1000 4 2
1.125E7
3.75E7
562 4 2
4375000.0
1.1875E7
1000 4 2
1.125E7
3.75E7
3162 4 2
5.5E7
3.0E8
1778 4 2
2.0E7
8.5E7
1778 4 2
2.125E7
8.5E7
3162 4 2
6.0E7
3.2E8
1778 4 2
2.5E7
8.5E7
1778 4 2
3.125E7
8.5E7
3162 4 2
7.0E7
3.4E8
1778 4 2
3.25E7
9.5E7
1778 4 2
2.125E7
8.0E7
3162 4 2
4.5E7
2.8E8
3162 4 2
4.0E7
2.9E8
3162 4 2
4.0E7
2.9E8
3162 4 2
4.0E7
3.8E8
3162 4 2
4.75E7
3.0E8
3162 4 2
7.0E7
4.0E8
3162 4 2
7.0E7
3.9E8
5623 4 2
1.0E8
9.0E8
5623 4 2
1.0E8
8.5E8
5623 4 2
1.0E8
8.6E8
5623 4 2
1.2E8
1.1E9
5623 4 2
1.05E8
8.4E8
5623 4 2
1.0E8
9.6E8
5623 4 2
9.5E7
9.5E8
5623 4 2
1.55E8
9.8E8
5623 4 2
1.0E8
1.1E9
5623 4 2
1.1E8
1.08E9
10000 4 2
2.3E8
2.91E9
10000 4 2
2.2E8
2.74E9
10000 4 2
2.1E8
2.82E9
10000 4 2
2.3E8
2.76E9
10000 4 2
2.0E8
3.02E9
10000 4 2
2.3E8
2.91E9
10000 4 2
2.0E8
3.15E9
10000 4 2
2.9E8
3.28E9
10000 4 2
2.5E8
3.81E9
10000 4 2
2.0E8
3.59E9
17782 4 2
4.9E8
1.052E10
17782 4 2
4.5E8
1.104E10
17782 4 2
6.2E8
1.059E10
17782 4 2
4.9E8
1.069E10
17782 4 2
5.0E8
1.035E10
17782 4 2
5.1E8
1.087E10
17782 4 2
7.3E8
1.123E10
17782 4 2
5.3E8
1.087E10
17782 4 2
7.3E8
1.113E10
17782 4 2
8.0E8
1.302E10
31622 4 2
1.23E9
3.891E10
31622 4 2
1.1E9
3.958E10
31622 4 2
1.47E9
4.049E10
31622 4 2
1.41E9
4.155E10
31622 4 2
1.07E9
4.401E10
31622 4 2
1.28E9
4.413E10
31622 4 2
1.07E9
4.346E10
31622 4 2
1.28E9
4.323E10
31622 4 2
1.04E9
4.462E10
31622 4 2
1.16E9
4.56E10
56234 4 2
2.31E9
1.1599E11
56234 4 2
2.82E9
1.1932E11
56234 4 2
2.36E9
1.1967E11
56234 4 2
2.72E9
1.2422E11
56234 4 2
2.41E9
1.2507E11
56234 4 2
2.5E9
1.2505E11
56234 4 2
2.65E9
1.2659E11
56234 4 2
2.4E9
1.2912E11
56234 4 2
2.51E9
1.2847E11
56234 4 2
2.42E9
1.3124E11
100000 4 2
6.93E9
3.0914E11
100000 4 2
5.64E9
3.0407E11
100000 4 2
6.64E9
3.1477E11
100000 4 2
4.96E9
3.1224E11
100000 4 2
4.77E9
3.1831E11
100000 4 2
4.54E9
3.2805E11
100000 4 2
5.33E9
3.2859E11
100000 4 2
4.75E9
3.3076E11
100000 4 2
5.49E9
3.3082E11
100000 4 2
5.36E9
3.3168E11
