316 30 20
3437500.0
4062500.0
316 30 20
3750000.0
3750000.0
316 30 20
3750000.0
3750000.0
316 30 20
4062500.0
3750000.0
100 30 20
664062.5
859375.0
316 30 20
4062500.0
4062500.0
316 30 20
4062500.0
3750000.0
316 30 20
4062500.0
3750000.0
316 30 20
3437500.0
4062500.0
177 30 20
1406250.0
1718750.0
177 30 20
1328125.0
1718750.0
177 30 20
1562500.0
1875000.0
177 30 20
1562500.0
1718750.0
562 30 20
8750000.0
8750000.0
316 30 20
4062500.0
3750000.0
316 30 20
3750000.0
3750000.0
562 30 20
1.0E7
8750000.0
177 30 20
1484375.0
1718750.0
177 30 20
1640625.0
1718750.0
100 30 20
585937.5
742187.5
100 30 20
546875.0
781250.0
100 30 20
625000.0
742187.5
100 30 20
625000.0
781250.0
100 30 20
625000.0
703125.0
100 30 20
585937.5
781250.0
100 30 20
585937.5
781250.0
100 30 20
585937.5
742187.5
100 30 20
625000.0
742187.5
177 30 20
1406250.0
1718750.0
177 30 20
1484375.0
1640625.0
177 30 20
1640625.0
1640625.0
177 30 20
1640625.0
1562500.0
1778 30 20
6.5E7
6.5E7
1778 30 20
6.5E7
6.5E7
562 30 20
9375000.0
1.0E7
562 30 20
1.0E7
1.125E7
562 30 20
1.0625E7
1.1875E7
1778 30 20
6.5E7
9.0E7
562 30 20
1.0625E7
1.125E7
562 30 20
1.0E7
1.1875E7
562 30 20
1.0E7
1.125E7
562 30 20
1.0E7
1.375E7
1000 30 20
2.75E7
3.0E7
1000 30 20
2.5E7
3.25E7
1000 30 20
2.5E7
2.75E7
562 30 20
1.0E7
1.0E7
1778 30 20
6.5E7
8.5E7
1000 30 20
2.75E7
3.125E7
1778 30 20
6.0E7
8.5E7
1000 30 20
2.5E7
3.75E7
1778 30 20
6.5E7
7.5E7
1000 30 20
2.5E7
2.75E7
1778 30 20
7.0E7
9.5E7
1000 30 20
2.625E7
2.75E7
1778 30 20
6.5E7
1.15E8
1000 30 20
2.625E7
3.5E7
1778 30 20
6.5E7
7.5E7
1000 30 20
2.375E7
3.0E7
1778 30 20
7.0E7
7.0E7
3162 30 20
1.7E8
2.2E8
1000 30 20
2.625E7
2.25E7
3162 30 20
1.7E8
2.7E8
3162 30 20
1.7E8
2.2E8
3162 30 20
1.7E8
2.9E8
3162 30 20
1.7E8
1.5E8
3162 30 20
1.8E8
1.5E8
3162 30 20
1.6E8
1.6E8
3162 30 20
1.5E8
1.5E8
3162 30 20
1.7E8
1.6E8
3162 30 20
1.6E8
1.5E8
5623 30 20
4.0E8
4.8E8
5623 30 20
4.1E8
4.5E8
5623 30 20
4.2E8
4.6E8
5623 30 20
4.0E8
4.5E8
5623 30 20
4.0E8
4.9E8
5623 30 20
4.1E8
4.8E8
5623 30 20
4.1E8
4.6E8
5623 30 20
4.1E8
4.6E8
5623 30 20
4.1E8
4.4E8
5623 30 20
4.3E8
4.4E8
10000 30 20
1.03E9
1.54E9
10000 30 20
1.02E9
1.56E9
10000 30 20
1.02E9
1.84E9
10000 30 20
1.02E9
1.82E9
10000 30 20
9.9E8
1.79E9
10000 30 20
1.04E9
1.9E9
10000 30 20
1.05E9
1.74E9
10000 30 20
1.05E9
2.09E9
10000 30 20
1.04E9
2.1E9
10000 30 20
1.03E9
2.24E9
17782 30 20
2.58E9
4.74E9
17782 30 20
2.64E9
5.04E9
17782 30 20
2.75E9
4.89E9
17782 30 20
2.54E9
6.11E9
17782 30 20
3.16E9
5.04E9
17782 30 20
2.56E9
5.63E9
17782 30 20
2.84E9
6.16E9
17782 30 20
2.6E9
6.25E9
17782 30 20
2.71E9
5.91E9
17782 30 20
2.64E9
6.48E9
31622 30 20
6.62E9
1.851E10
31622 30 20
6.35E9
1.947E10
31622 30 20
6.77E9
1.961E10
31622 30 20
6.58E9
1.941E10
31622 30 20
6.47E9
1.981E10
31622 30 20
6.62E9
2.01E10
31622 30 20
6.44E9
2.006E10
31622 30 20
6.46E9
2.038E10
31622 30 20
6.51E9
1.987E10
31622 30 20
6.68E9
2.028E10
56234 30 20
1.644E10
6.077E10
56234 30 20
1.639E10
6.716E10
56234 30 20
1.661E10
6.605E10
56234 30 20
1.605E10
6.757E10
56234 30 20
1.618E10
6.96E10
56234 30 20
1.985E10
6.692E10
56234 30 20
1.679E10
6.943E10
56234 30 20
1.982E10
6.888E10
56234 30 20
1.647E10
7.045E10
56234 30 20
1.632E10
7.08E10
100000 30 20
3.814E10
1.5969E11
100000 30 20
3.96E10
1.6582E11
100000 30 20
3.99E10
1.6866E11
100000 30 20
3.902E10
1.6287E11
100000 30 20
3.88E10
1.6634E11
100000 30 20
3.848E10
1.7706E11
100000 30 20
3.867E10
1.7859E11
100000 30 20
3.933E10
1.7853E11
100000 30 20
3.83E10
1.798E11
100000 30 20
3.852E10
1.8044E11
