100 30 2
507812.5
859375.0
100 30 2
585937.5
859375.0
316 30 2
3750000.0
4062500.0
316 30 2
3750000.0
4062500.0
100 30 2
585937.5
859375.0
100 30 2
585937.5
859375.0
316 30 2
3750000.0
4062500.0
100 30 2
625000.0
859375.0
316 30 2
3750000.0
4375000.0
316 30 2
3750000.0
4062500.0
316 30 2
3750000.0
4375000.0
316 30 2
3750000.0
4062500.0
316 30 2
3750000.0
4062500.0
316 30 2
4062500.0
4375000.0
100 30 2
625000.0
859375.0
177 30 2
1484375.0
1718750.0
177 30 2
1562500.0
1718750.0
177 30 2
1562500.0
1875000.0
177 30 2
1562500.0
1718750.0
177 30 2
1484375.0
1718750.0
177 30 2
1562500.0
1718750.0
177 30 2
1562500.0
1718750.0
177 30 2
1640625.0
1718750.0
177 30 2
1562500.0
1718750.0
177 30 2
1718750.0
1718750.0
100 30 2
585937.5
820312.5
316 30 2
3750000.0
3750000.0
562 30 2
1.0625E7
8750000.0
100 30 2
625000.0
781250.0
100 30 2
585937.5
820312.5
100 30 2
625000.0
820312.5
562 30 2
1.0625E7
8750000.0
562 30 2
9375000.0
1.625E7
1778 30 2
6.5E7
1.2E8
1000 30 2
2.75E7
4.25E7
1000 30 2
2.75E7
3.5E7
1778 30 2
6.5E7
1.1E8
562 30 2
1.0E7
1.0E7
1778 30 2
7.0E7
1.4E8
1000 30 2
2.75E7
2.625E7
1778 30 2
6.5E7
6.5E7
562 30 2
1.0E7
1.0E7
562 30 2
9375000.0
1.0625E7
1000 30 2
2.5E7
3.25E7
1778 30 2
6.5E7
8.5E7
1000 30 2
2.75E7
3.125E7
1778 30 2
6.5E7
8.0E7
562 30 2
1.0E7
1.25E7
1778 30 2
6.5E7
8.0E7
562 30 2
1.0E7
1.0625E7
562 30 2
1.0E7
1.0E7
562 30 2
1.0E7
1.125E7
1778 30 2
6.5E7
1.05E8
1778 30 2
6.5E7
9.0E7
1778 30 2
6.5E7
8.0E7
3162 30 2
1.7E8
2.4E8
3162 30 2
1.6E8
2.5E8
3162 30 2
1.6E8
2.5E8
1000 30 2
2.625E7
2.5E7
3162 30 2
1.8E8
2.4E8
1000 30 2
2.5E7
3.0E7
1000 30 2
2.625E7
2.375E7
1000 30 2
2.5E7
2.625E7
1000 30 2
2.75E7
2.875E7
3162 30 2
1.8E8
2.6E8
3162 30 2
1.7E8
2.0E8
3162 30 2
1.6E8
2.8E8
3162 30 2
1.5E8
2.9E8
3162 30 2
1.7E8
2.4E8
3162 30 2
1.7E8
2.4E8
5623 30 2
4.2E8
4.7E8
5623 30 2
4.1E8
4.7E8
5623 30 2
4.0E8
5.8E8
5623 30 2
4.3E8
5.8E8
5623 30 2
4.3E8
5.9E8
5623 30 2
4.0E8
6.0E8
5623 30 2
4.2E8
6.0E8
5623 30 2
4.2E8
5.8E8
5623 30 2
4.2E8
5.9E8
5623 30 2
4.2E8
6.5E8
10000 30 2
1.06E9
1.51E9
10000 30 2
1.01E9
1.94E9
10000 30 2
1.05E9
1.62E9
10000 30 2
1.07E9
1.77E9
10000 30 2
1.12E9
1.94E9
10000 30 2
1.09E9
1.97E9
10000 30 2
1.11E9
2.1E9
10000 30 2
1.05E9
1.94E9
10000 30 2
1.15E9
1.95E9
10000 30 2
1.09E9
1.86E9
17782 30 2
2.69E9
5.43E9
17782 30 2
2.64E9
6.07E9
17782 30 2
2.85E9
6.37E9
17782 30 2
2.92E9
6.22E9
17782 30 2
2.8E9
6.62E9
17782 30 2
2.72E9
6.86E9
17782 30 2
2.71E9
7.98E9
17782 30 2
2.8E9
8.26E9
17782 30 2
2.72E9
8.27E9
17782 30 2
2.66E9
8.56E9
31622 30 2
6.65E9
2.069E10
31622 30 2
6.68E9
2.059E10
31622 30 2
6.95E9
2.206E10
31622 30 2
6.97E9
2.429E10
31622 30 2
7.29E9
2.498E10
31622 30 2
7.03E9
2.479E10
31622 30 2
6.97E9
2.529E10
31622 30 2
7.02E9
2.701E10
31622 30 2
6.72E9
2.78E10
31622 30 2
7.29E9
2.764E10
56234 30 2
1.629E10
7.359E10
56234 30 2
1.7E10
7.514E10
56234 30 2
1.672E10
7.672E10
56234 30 2
1.75E10
7.578E10
56234 30 2
1.711E10
7.716E10
56234 30 2
1.62E10
7.945E10
56234 30 2
1.708E10
7.956E10
56234 30 2
1.678E10
8.336E10
56234 30 2
1.801E10
8.234E10
56234 30 2
1.632E10
8.215E10
100000 30 2
4.161E10
1.831E11
100000 30 2
4.169E10
1.838E11
100000 30 2
4.059E10
1.8197E11
100000 30 2
3.898E10
1.8378E11
100000 30 2
4.025E10
1.7767E11
100000 30 2
3.953E10
1.8273E11
100000 30 2
4.074E10
1.8458E11
100000 30 2
3.9E10
1.9227E11
100000 30 2
4.096E10
1.9128E11
100000 30 2
3.973E10
1.9173E11
